time at 532nm	frame at 532nm	I_1 at 532nm(counts)	discr.I_1 at 532nm(counts)	I_2 at 532nm(counts)	discr.I_2 at 532nm(counts)	time at 638nm	frame at 638nm	I_1 at 638nm(counts)	discr.I_1 at 638nm(counts)	I_2 at 638nm(counts)	discr.I_2 at 638nm(counts)	time at 532nm	frame at 532nm	FRET_1>2	discr.FRET_1>2	time at 532nm	frame at 532nm	S_1>2	discr.S_1>2	
5.000000e-02	1	3.095000e+02	7.244669e+02	5309	6.126249e+03	1.000000e-01	2	0	0	5613	7.657979e+03	5.000000e-02	1	9.449141e-01	8.942495e-01	5.000000e-02	1	5.002448e-01	4.721800e-01	
1.500000e-01	3	2.451000e+02	7.244669e+02	6294	6.126249e+03	2.000000e-01	4	0	0	8320	7.657979e+03	1.500000e-01	3	9.625178e-01	8.942495e-01	1.500000e-01	3	4.400738e-01	4.721800e-01	
2.500000e-01	5	1370	7.244669e+02	5916	6.126249e+03	3.000000e-01	6	0	0	6730	7.657979e+03	2.500000e-01	5	8.119682e-01	8.942495e-01	2.500000e-01	5	5.198345e-01	4.721800e-01	
3.500000e-01	7	1318	7.244669e+02	6565	6.126249e+03	4.000000e-01	8	0	0	7038	7.657979e+03	3.500000e-01	7	8.328048e-01	8.942495e-01	3.500000e-01	7	5.283158e-01	4.721800e-01	
4.500000e-01	9	636	7.244669e+02	8699	6.126249e+03	5.000000e-01	10	0	0	6451	7.657979e+03	4.500000e-01	9	9.318693e-01	8.942495e-01	4.500000e-01	9	5.913468e-01	4.721800e-01	
5.500000e-01	11	1134	7.244669e+02	5676	6.126249e+03	6.000000e-01	12	0	0	6484	7.657979e+03	5.500000e-01	11	8.334802e-01	8.942495e-01	5.500000e-01	11	5.122612e-01	4.721800e-01	
6.500000e-01	13	8.245000e+02	7.244669e+02	5291	6.126249e+03	7.000000e-01	14	0	0	8715	7.657979e+03	6.500000e-01	13	8.651786e-01	8.942495e-01	6.500000e-01	13	4.123597e-01	4.721800e-01	
7.500000e-01	15	1.832000e+02	7.244669e+02	4810	6.126249e+03	8.000000e-01	16	0	0	7030	7.657979e+03	7.500000e-01	15	9.633101e-01	8.942495e-01	7.500000e-01	15	4.152971e-01	4.721800e-01	
8.500000e-01	17	7.336000e+02	7.244669e+02	4338	6.126249e+03	9.000000e-01	18	0	0	6560	7.657979e+03	8.500000e-01	17	8.553514e-01	8.942495e-01	8.500000e-01	17	4.360191e-01	4.721800e-01	
9.500000e-01	19	2.982000e+02	7.244669e+02	6053	6.126249e+03	1	20	0	0	9401	7.657979e+03	9.500000e-01	19	9.530482e-01	8.942495e-01	9.500000e-01	19	4.031945e-01	4.721800e-01	
1.050000e+00	21	790	7.244669e+02	6396	6.126249e+03	1.100000e+00	22	0	0	7826	7.657979e+03	1.050000e+00	21	8.900640e-01	8.942495e-01	1.050000e+00	21	4.786837e-01	4.721800e-01	
1.150000e+00	23	4.216000e+01	7.244669e+02	5250	6.126249e+03	1.200000e+00	24	0	0	6952	7.657979e+03	1.150000e+00	23	9.920335e-01	8.942495e-01	1.150000e+00	23	4.322191e-01	4.721800e-01	
1.250000e+00	25	1305	7.244669e+02	5637	6.126249e+03	1.300000e+00	26	0	0	7214	7.657979e+03	1.250000e+00	25	8.120138e-01	8.942495e-01	1.250000e+00	25	4.903928e-01	4.721800e-01	
1.350000e+00	27	-1.167000e+02	7.244669e+02	5629	6.126249e+03	1.400000e+00	28	0	0	8310	7.657979e+03	1.350000e+00	27	1.021171e+00	8.942495e-01	1.350000e+00	27	3.987976e-01	4.721800e-01	
1.450000e+00	29	1391	7.244669e+02	6131	6.126249e+03	1.500000e+00	30	0	0	7037	7.657979e+03	1.450000e+00	29	8.150758e-01	8.942495e-01	1.450000e+00	29	5.166564e-01	4.721800e-01	
1.550000e+00	31	8.024000e+02	7.244669e+02	4150	6.126249e+03	1.600000e+00	32	0	0	8423	7.657979e+03	1.550000e+00	31	8.379775e-01	8.942495e-01	1.550000e+00	31	3.702618e-01	4.721800e-01	
1.650000e+00	33	-3.471000e+02	7.244669e+02	6336	6.126249e+03	1.700000e+00	34	0	0	8549	7.657979e+03	1.650000e+00	33	1.057957e+00	8.942495e-01	1.650000e+00	33	4.119508e-01	4.721800e-01	
1.750000e+00	35	3.581000e+02	7.244669e+02	6516	6.126249e+03	1.800000e+00	36	0	0	7413	7.657979e+03	1.750000e+00	35	9.479059e-01	8.942495e-01	1.750000e+00	35	4.811403e-01	4.721800e-01	
1.850000e+00	37	4.703000e+02	7.244669e+02	4384	6.126249e+03	1.900000e+00	38	0	0	8000	7.657979e+03	1.850000e+00	37	9.031168e-01	8.942495e-01	1.850000e+00	37	3.776402e-01	4.721800e-01	
1.950000e+00	39	1.842000e+02	7.244669e+02	6112	6.126249e+03	2	40	0	0	8725	7.657979e+03	1.950000e+00	39	9.707443e-01	8.942495e-01	1.950000e+00	39	4.191543e-01	4.721800e-01	
2.050000e+00	41	8.898000e+02	7.244669e+02	5471	6.126249e+03	2.100000e+00	42	0	0	7745	7.657979e+03	2.050000e+00	41	8.601119e-01	8.942495e-01	2.050000e+00	41	4.509351e-01	4.721800e-01	
2.150000e+00	43	1086	7.244669e+02	6241	6.126249e+03	2.200000e+00	44	0	0	7357	7.657979e+03	2.150000e+00	43	8.517811e-01	8.942495e-01	2.150000e+00	43	4.989785e-01	4.721800e-01	
2.250000e+00	45	3.715000e+02	7.244669e+02	7492	6.126249e+03	2.300000e+00	46	0	0	7236	7.657979e+03	2.250000e+00	45	9.527564e-01	8.942495e-01	2.250000e+00	45	5.207788e-01	4.721800e-01	
2.350000e+00	47	1.281000e+02	7.244669e+02	5303	6.126249e+03	2.400000e+00	48	0	0	9649	7.657979e+03	2.350000e+00	47	9.764136e-01	8.942495e-01	2.350000e+00	47	3.601501e-01	4.721800e-01	
2.450000e+00	49	1123	7.244669e+02	6530	6.126249e+03	2.500000e+00	50	0	0	9995	7.657979e+03	2.450000e+00	49	8.532602e-01	8.942495e-01	2.450000e+00	49	4.336469e-01	4.721800e-01	
2.550000e+00	51	5.306000e+02	7.244669e+02	5955	6.126249e+03	2.600000e+00	52	0	0	6851	7.657979e+03	2.550000e+00	51	9.181880e-01	8.942495e-01	2.550000e+00	51	4.863009e-01	4.721800e-01	
2.650000e+00	53	5.049000e+02	7.244669e+02	7026	6.126249e+03	2.700000e+00	54	0	0	7048	7.657979e+03	2.650000e+00	53	9.329562e-01	8.942495e-01	2.650000e+00	53	5.165616e-01	4.721800e-01	
2.750000e+00	55	1261	7.244669e+02	6216	6.126249e+03	2.800000e+00	56	0	0	8076	7.657979e+03	2.750000e+00	55	8.313495e-01	8.942495e-01	2.750000e+00	55	4.807433e-01	4.721800e-01	
2.850000e+00	57	9.668000e+02	7.244669e+02	6553	6.126249e+03	2.900000e+00	58	0	0	7586	7.657979e+03	2.850000e+00	57	8.714328e-01	8.942495e-01	2.850000e+00	57	4.978088e-01	4.721800e-01	
2.950000e+00	59	-5.947000e+01	7.244669e+02	6351	6.126249e+03	3	60	0	0	8181	7.657979e+03	2.950000e+00	59	1.009452e+00	8.942495e-01	2.950000e+00	59	4.347222e-01	4.721800e-01	
3.050000e+00	61	8.698000e+02	7.244669e+02	5856	6.126249e+03	3.100000e+00	62	0	0	9074	7.657979e+03	3.050000e+00	61	8.706771e-01	8.942495e-01	3.050000e+00	61	4.256889e-01	4.721800e-01	
3.150000e+00	63	5.156000e+02	7.244669e+02	5116	6.126249e+03	3.200000e+00	64	0	0	5039	7.657979e+03	3.150000e+00	63	9.084452e-01	8.942495e-01	3.150000e+00	63	5.277679e-01	4.721800e-01	
3.250000e+00	65	9.815000e+02	7.244669e+02	4763	6.126249e+03	3.300000e+00	66	0	0	5835	7.657979e+03	3.250000e+00	65	8.291409e-01	8.942495e-01	3.250000e+00	65	4.960922e-01	4.721800e-01	
3.350000e+00	67	2.153000e+02	7.244669e+02	6969	6.126249e+03	3.400000e+00	68	0	0	6706	7.657979e+03	3.350000e+00	67	9.700319e-01	8.942495e-01	3.350000e+00	67	5.172171e-01	4.721800e-01	
3.450000e+00	69	1195	7.244669e+02	5876	6.126249e+03	3.500000e+00	70	0	0	7963	7.657979e+03	3.450000e+00	69	8.309999e-01	8.942495e-01	3.450000e+00	69	4.703339e-01	4.721800e-01	
3.550000e+00	71	3.993000e+02	7.244669e+02	6982	6.126249e+03	3.600000e+00	72	0	0	6656	7.657979e+03	3.550000e+00	71	9.459038e-01	8.942495e-01	3.550000e+00	71	5.258347e-01	4.721800e-01	
3.650000e+00	73	1.898000e+02	7.244669e+02	6837	6.126249e+03	3.700000e+00	74	0	0	6987	7.657979e+03	3.650000e+00	73	9.729891e-01	8.942495e-01	3.650000e+00	73	5.014200e-01	4.721800e-01	
3.750000e+00	75	-9.415000e+02	7.244669e+02	7338	6.126249e+03	3.800000e+00	76	0	0	7281	7.657979e+03	3.750000e+00	75	1.147190e+00	8.942495e-01	3.750000e+00	75	4.676659e-01	4.721800e-01	
3.850000e+00	77	5.307000e+02	7.244669e+02	4814	6.126249e+03	3.900000e+00	78	0	0	8499	7.657979e+03	3.850000e+00	77	9.007054e-01	8.942495e-01	3.850000e+00	77	3.860745e-01	4.721800e-01	
3.950000e+00	79	4.220000e+01	7.244669e+02	5640	6.126249e+03	4	80	0	0	7389	7.657979e+03	3.950000e+00	79	9.925733e-01	8.942495e-01	3.950000e+00	79	4.347114e-01	4.721800e-01	
4.050000e+00	81	5240	4.520287e+03	3436	3.896527e+03	4.100000e+00	82	0	0	7271	7.657979e+03	4.050000e+00	81	3.960350e-01	4.629456e-01	4.050000e+00	81	5.440522e-01	5.236033e-01	
4.150000e+00	83	5478	4.520287e+03	1237	9.118701e+02	4.200000e+00	84	0	0	8198	7.657979e+03	4.150000e+00	83	1.842144e-01	4.629456e-01	4.150000e+00	83	4.502783e-01	5.236033e-01	
4.250000e+00	85	2059	7.244669e+02	4029	3.896527e+03	4.300000e+00	86	0	0	8541	7.657979e+03	4.250000e+00	85	6.617937e-01	8.432227e-01	4.250000e+00	85	4.161597e-01	3.763339e-01	
4.350000e+00	87	3.126000e+02	7.244669e+02	7184	6.126249e+03	4.400000e+00	88	0	0	6793	7.657979e+03	4.350000e+00	87	9.583011e-01	8.432227e-01	4.350000e+00	87	5.246193e-01	4.721800e-01	
4.450000e+00	89	7.472000e+02	7.244669e+02	5396	6.126249e+03	4.500000e+00	90	0	0	9301	7.657979e+03	4.450000e+00	89	8.783696e-01	8.432227e-01	4.450000e+00	89	3.977674e-01	4.721800e-01	
4.550000e+00	91	1207	7.244669e+02	5987	6.126249e+03	4.600000e+00	92	0	0	7659	7.657979e+03	4.550000e+00	91	8.322213e-01	8.432227e-01	4.550000e+00	91	4.843466e-01	4.721800e-01	
4.650000e+00	93	9.279000e+02	7.244669e+02	7229	6.126249e+03	4.700000e+00	94	0	0	7052	7.657979e+03	4.650000e+00	93	8.862435e-01	8.432227e-01	4.650000e+00	93	5.363241e-01	4.721800e-01	
4.750000e+00	95	1.133000e+02	7.244669e+02	7090	6.126249e+03	4.800000e+00	96	0	0	7987	7.657979e+03	4.750000e+00	95	9.842711e-01	8.432227e-01	4.750000e+00	95	4.742039e-01	4.721800e-01	
4.850000e+00	97	1275	7.244669e+02	5405	6.126249e+03	4.900000e+00	98	0	0	7078	7.657979e+03	4.850000e+00	97	8.091317e-01	8.432227e-01	4.850000e+00	97	4.855357e-01	4.721800e-01	
4.950000e+00	99	2840	4.520287e+03	4902	6.126249e+03	5	100	0	0	9532	7.657979e+03	4.950000e+00	99	6.331697e-01	8.432227e-01	4.950000e+00	99	4.481880e-01	5.816344e-01	
5.050000e+00	101	4665	4.520287e+03	3467	3.896527e+03	5.100000e+00	102	0	0	7139	7.657979e+03	5.050000e+00	101	4.263404e-01	4.629456e-01	5.050000e+00	101	5.325126e-01	5.816344e-01	
5.150000e+00	103	3522	4.520287e+03	3824	3.896527e+03	5.200000e+00	104	0	0	7380	7.657979e+03	5.150000e+00	103	5.205554e-01	4.629456e-01	5.150000e+00	103	4.988456e-01	5.816344e-01	
5.250000e+00	105	3494	4.520287e+03	5056	3.896527e+03	5.300000e+00	106	0	0	7256	7.657979e+03	5.250000e+00	105	5.913450e-01	4.629456e-01	5.250000e+00	105	5.409338e-01	5.816344e-01	
5.350000e+00	107	4307	4.520287e+03	3585	3.896527e+03	5.400000e+00	108	0	0	7169	7.657979e+03	5.350000e+00	107	4.542575e-01	4.629456e-01	5.350000e+00	107	5.240024e-01	5.816344e-01	
5.450000e+00	109	3163	4.520287e+03	3689	3.896527e+03	5.500000e+00	110	0	0	6114	7.657979e+03	5.450000e+00	109	5.383830e-01	4.629456e-01	5.450000e+00	109	5.284590e-01	5.816344e-01	
5.550000e+00	111	2943	4.520287e+03	4062	3.896527e+03	5.600000e+00	112	0	0	8049	7.657979e+03	5.550000e+00	111	5.798715e-01	4.629456e-01	5.550000e+00	111	4.653248e-01	5.816344e-01	
5.650000e+00	113	2998	4.520287e+03	2827	3.896527e+03	5.700000e+00	114	0	0	9025	7.657979e+03	5.650000e+00	113	4.853219e-01	4.629456e-01	5.650000e+00	113	3.922559e-01	5.816344e-01	
5.750000e+00	115	5917	4.520287e+03	3641	3.896527e+03	5.800000e+00	116	0	0	7400	7.657979e+03	5.750000e+00	115	3.809374e-01	4.629456e-01	5.750000e+00	115	5.636278e-01	5.816344e-01	
5.850000e+00	117	5076	4.520287e+03	3530	3.896527e+03	5.900000e+00	118	0	0	6677	7.657979e+03	5.850000e+00	117	4.101789e-01	4.629456e-01	5.850000e+00	117	5.631093e-01	5.816344e-01	
5.950000e+00	119	3733	4.520287e+03	4250	3.896527e+03	6	120	0	0	7824	7.657979e+03	5.950000e+00	119	5.323813e-01	4.629456e-01	5.950000e+00	119	5.050294e-01	5.816344e-01	
6.050000e+00	121	3207	4.520287e+03	3610	3.896527e+03	6.100000e+00	122	0	0	7163	7.657979e+03	6.050000e+00	121	5.295585e-01	4.629456e-01	6.050000e+00	121	4.876252e-01	5.816344e-01	
6.150000e+00	123	4217	4.520287e+03	4627	3.896527e+03	6.200000e+00	124	0	0	5703	7.657979e+03	6.150000e+00	123	5.231796e-01	4.629456e-01	6.150000e+00	123	6.079604e-01	5.816344e-01	
6.250000e+00	125	3735	4.520287e+03	4115	3.896527e+03	6.300000e+00	126	0	0	6611	7.657979e+03	6.250000e+00	125	5.242038e-01	4.629456e-01	6.250000e+00	125	5.428394e-01	5.816344e-01	
6.350000e+00	127	4347	4.520287e+03	2878	3.896527e+03	6.400000e+00	128	0	0	8782	7.657979e+03	6.350000e+00	127	3.983391e-01	4.629456e-01	6.350000e+00	127	4.513650e-01	5.816344e-01	
6.450000e+00	129	3806	4.520287e+03	3686	3.896527e+03	6.500000e+00	130	0	0	7076	7.657979e+03	6.450000e+00	129	4.919915e-01	4.629456e-01	6.450000e+00	129	5.142779e-01	5.816344e-01	
6.550000e+00	131	3429	4.520287e+03	4634	3.896527e+03	6.600000e+00	132	0	0	6947	7.657979e+03	6.550000e+00	131	5.747240e-01	4.629456e-01	6.550000e+00	131	5.371752e-01	5.816344e-01	
6.650000e+00	133	3572	4.520287e+03	4947	3.896527e+03	6.700000e+00	134	0	0	8454	7.657979e+03	6.650000e+00	133	5.807020e-01	4.629456e-01	6.650000e+00	133	5.019148e-01	5.816344e-01	
6.750000e+00	135	2959	4.520287e+03	3352	3.896527e+03	6.800000e+00	136	0	0	7566	7.657979e+03	6.750000e+00	135	5.311361e-01	4.629456e-01	6.750000e+00	135	4.547813e-01	5.816344e-01	
6.850000e+00	137	2927	4.520287e+03	3866	3.896527e+03	6.900000e+00	138	0	0	7855	7.657979e+03	6.850000e+00	137	5.691153e-01	4.629456e-01	6.850000e+00	137	4.637493e-01	5.816344e-01	
6.950000e+00	139	2572	4.520287e+03	3777	3.896527e+03	7	140	0	0	7470	7.657979e+03	6.950000e+00	139	5.948968e-01	4.629456e-01	6.950000e+00	139	4.594399e-01	5.816344e-01	
7.050000e+00	141	3228	4.520287e+03	3617	3.896527e+03	7.100000e+00	142	0	0	8010	7.657979e+03	7.050000e+00	141	5.284149e-01	4.629456e-01	7.050000e+00	141	4.607876e-01	5.816344e-01	
7.150000e+00	143	4032	4.520287e+03	3517	3.896527e+03	7.200000e+00	144	0	0	7477	7.657979e+03	7.150000e+00	143	4.658895e-01	4.629456e-01	7.150000e+00	143	5.023958e-01	5.816344e-01	
7.250000e+00	145	5132	4.520287e+03	4390	3.896527e+03	7.300000e+00	146	0	0	9522	7.657979e+03	7.250000e+00	145	4.610376e-01	4.629456e-01	7.250000e+00	145	5.000000e-01	5.816344e-01	
7.350000e+00	147	2991	4.520287e+03	4459	3.896527e+03	7.400000e+00	148	0	0	8022	7.657979e+03	7.350000e+00	147	5.985235e-01	4.629456e-01	7.350000e+00	147	4.815150e-01	5.816344e-01	
7.450000e+00	149	2559	4.520287e+03	2825	3.896527e+03	7.500000e+00	150	0	0	7885	7.657979e+03	7.450000e+00	149	5.247028e-01	4.629456e-01	7.450000e+00	149	4.057578e-01	5.816344e-01	
7.550000e+00	151	4189	4.520287e+03	4035	3.896527e+03	7.600000e+00	152	0	0	8431	7.657979e+03	7.550000e+00	151	4.906372e-01	4.629456e-01	7.550000e+00	151	4.937856e-01	5.816344e-01	
7.650000e+00	153	4414	4.520287e+03	4082	3.896527e+03	7.700000e+00	154	0	0	8761	7.657979e+03	7.650000e+00	153	4.804614e-01	4.629456e-01	7.650000e+00	153	4.923220e-01	5.816344e-01	
7.750000e+00	155	3540	4.520287e+03	3804	3.896527e+03	7.800000e+00	156	0	0	9074	7.657979e+03	7.750000e+00	155	5.179739e-01	4.629456e-01	7.750000e+00	155	4.473139e-01	5.816344e-01	
7.850000e+00	157	2660	4.520287e+03	4348	3.896527e+03	7.900000e+00	158	0	0	7860	7.657979e+03	7.850000e+00	157	6.204338e-01	4.629456e-01	7.850000e+00	157	4.713479e-01	5.816344e-01	
7.950000e+00	159	3428	4.520287e+03	3853	3.896527e+03	8	160	0	0	7384	7.657979e+03	7.950000e+00	159	5.291856e-01	4.629456e-01	7.950000e+00	159	4.964882e-01	5.816344e-01	
8.050000e+00	161	4290	4.520287e+03	4411	3.896527e+03	8.100000e+00	162	0	0	7236	7.657979e+03	8.050000e+00	161	5.069532e-01	4.629456e-01	8.050000e+00	161	5.459622e-01	5.816344e-01	
8.150000e+00	163	3609	4.520287e+03	3266	3.896527e+03	8.200000e+00	164	0	0	7884	7.657979e+03	8.150000e+00	163	4.750545e-01	4.629456e-01	8.150000e+00	163	4.658175e-01	5.816344e-01	
8.250000e+00	165	3868	4.520287e+03	5262	3.896527e+03	8.300000e+00	166	0	0	8251	7.657979e+03	8.250000e+00	165	5.763417e-01	4.629456e-01	8.250000e+00	165	5.252862e-01	5.816344e-01	
8.350000e+00	167	4021	4.520287e+03	3089	3.896527e+03	8.400000e+00	168	0	0	9285	7.657979e+03	8.350000e+00	167	4.344585e-01	4.629456e-01	8.350000e+00	167	4.336688e-01	5.816344e-01	
8.450000e+00	169	4279	4.520287e+03	4171	3.896527e+03	8.500000e+00	170	0	0	8291	7.657979e+03	8.450000e+00	169	4.936095e-01	4.629456e-01	8.450000e+00	169	5.047488e-01	5.816344e-01	
8.550000e+00	171	2625	4.520287e+03	5225	6.126249e+03	8.600000e+00	172	0	0	6950	7.657979e+03	8.550000e+00	171	6.656051e-01	4.629456e-01	8.550000e+00	171	5.304054e-01	5.816344e-01	
8.650000e+00	173	1820	7.244669e+02	7118	6.126249e+03	8.700000e+00	174	0	0	7492	7.657979e+03	8.650000e+00	173	7.963750e-01	8.942495e-01	8.650000e+00	173	5.440049e-01	5.816344e-01	
8.750000e+00	175	1228	7.244669e+02	6508	6.126249e+03	8.800000e+00	176	0	0	8642	7.657979e+03	8.750000e+00	175	8.412616e-01	8.942495e-01	8.750000e+00	175	4.723409e-01	5.816344e-01	
8.850000e+00	177	1383	7.244669e+02	6708	6.126249e+03	8.900000e+00	178	0	0	8768	7.657979e+03	8.850000e+00	177	8.290693e-01	8.942495e-01	8.850000e+00	177	4.799217e-01	5.816344e-01	
8.950000e+00	179	9.488000e+02	7.244669e+02	6293	6.126249e+03	9	180	0	0	8258	7.657979e+03	8.950000e+00	179	8.689828e-01	8.942495e-01	8.950000e+00	179	4.672189e-01	5.816344e-01	
9.050000e+00	181	-5.548000e+02	7.244669e+02	7478	6.126249e+03	9.100000e+00	182	0	0	6751	7.657979e+03	9.050000e+00	181	1.080136e+00	8.942495e-01	9.050000e+00	181	5.062965e-01	5.816344e-01	
9.150000e+00	183	5.998000e+02	7.244669e+02	4414	6.126249e+03	9.200000e+00	184	0	0	7103	7.657979e+03	9.150000e+00	183	8.803702e-01	8.942495e-01	9.150000e+00	183	4.137891e-01	5.816344e-01	
9.250000e+00	185	1249	7.244669e+02	5898	6.126249e+03	9.300000e+00	186	0	0	7468	7.657979e+03	9.250000e+00	185	8.252414e-01	8.942495e-01	9.250000e+00	185	4.890181e-01	5.816344e-01	
9.350000e+00	187	1811	7.244669e+02	4658	6.126249e+03	9.400000e+00	188	0	0	7402	7.657979e+03	9.350000e+00	187	7.200495e-01	8.942495e-01	9.350000e+00	187	4.663687e-01	5.816344e-01	
9.450000e+00	189	5.078000e+02	7.244669e+02	8052	6.126249e+03	9.500000e+00	190	0	0	8666	7.657979e+03	9.450000e+00	189	9.406762e-01	8.942495e-01	9.450000e+00	189	4.969174e-01	5.816344e-01	
9.550000e+00	191	5.491000e+02	7.244669e+02	5546	6.126249e+03	9.600000e+00	192	0	0	6963	7.657979e+03	9.550000e+00	191	9.099112e-01	8.942495e-01	9.550000e+00	191	4.667678e-01	5.816344e-01	
9.650000e+00	193	1570	7.244669e+02	6266	6.126249e+03	9.700000e+00	194	0	0	8707	7.657979e+03	9.650000e+00	193	7.996427e-01	8.942495e-01	9.650000e+00	193	4.736747e-01	5.816344e-01	
9.750000e+00	195	6.281000e+02	7.244669e+02	5791	6.126249e+03	9.800000e+00	196	0	0	8624	7.657979e+03	9.750000e+00	195	9.021514e-01	8.942495e-01	9.750000e+00	195	4.267139e-01	5.816344e-01	
9.850000e+00	197	5.028000e+02	7.244669e+02	5842	6.126249e+03	9.900000e+00	198	0	0	6431	7.657979e+03	9.850000e+00	197	9.207540e-01	8.942495e-01	9.850000e+00	197	4.966264e-01	5.816344e-01	
9.950000e+00	199	7.043000e+02	7.244669e+02	5933	6.126249e+03	10	200	0	0	8188	7.657979e+03	9.950000e+00	199	8.938876e-01	8.942495e-01	9.950000e+00	199	4.477009e-01	5.816344e-01	
1.005000e+01	201	2036	7.244669e+02	6393	6.126249e+03	1.010000e+01	202	0	0	6567	7.657979e+03	1.005000e+01	201	7.584530e-01	8.942495e-01	1.005000e+01	201	5.620832e-01	5.816344e-01	
1.015000e+01	203	1962	7.244669e+02	6628	6.126249e+03	1.020000e+01	204	0	0	7120	7.657979e+03	1.015000e+01	203	7.715949e-01	8.942495e-01	1.015000e+01	203	5.467855e-01	5.816344e-01	
1.025000e+01	205	9.368000e+02	7.244669e+02	6130	6.126249e+03	1.030000e+01	206	0	0	7596	7.657979e+03	1.025000e+01	205	8.674365e-01	8.942495e-01	1.025000e+01	205	4.819543e-01	5.816344e-01	
1.035000e+01	207	6.925000e+02	7.244669e+02	5368	6.126249e+03	1.040000e+01	208	0	0	8241	7.657979e+03	1.035000e+01	207	8.857355e-01	8.942495e-01	1.035000e+01	207	4.237667e-01	5.816344e-01	
1.045000e+01	209	8.242000e+02	7.244669e+02	6379	6.126249e+03	1.050000e+01	210	0	0	6807	7.657979e+03	1.045000e+01	209	8.855786e-01	8.942495e-01	1.045000e+01	209	5.141397e-01	5.816344e-01	
1.055000e+01	211	1209	7.244669e+02	5782	6.126249e+03	1.060000e+01	212	0	0	6761	7.657979e+03	1.055000e+01	211	8.270634e-01	8.942495e-01	1.055000e+01	211	5.083624e-01	5.816344e-01	
1.065000e+01	213	5.971000e+02	7.244669e+02	7572	6.126249e+03	1.070000e+01	214	0	0	7670	7.657979e+03	1.065000e+01	213	9.269075e-01	8.942495e-01	1.065000e+01	213	5.157553e-01	5.816344e-01	
1.075000e+01	215	1127	7.244669e+02	7639	6.126249e+03	1.080000e+01	216	0	0	7375	7.657979e+03	1.075000e+01	215	8.714351e-01	8.942495e-01	1.075000e+01	215	5.430890e-01	5.816344e-01	
1.085000e+01	217	1724	7.244669e+02	7755	6.126249e+03	1.090000e+01	218	0	0	8097	7.657979e+03	1.085000e+01	217	8.181243e-01	8.942495e-01	1.085000e+01	217	5.393150e-01	5.816344e-01	
1.095000e+01	219	1422	7.244669e+02	5655	6.126249e+03	11	220	0	0	8405	7.657979e+03	1.095000e+01	219	7.990674e-01	8.942495e-01	1.095000e+01	219	4.571115e-01	5.816344e-01	
1.105000e+01	221	1129	7.244669e+02	6578	6.126249e+03	1.110000e+01	222	0	0	6786	7.657979e+03	1.105000e+01	221	8.535098e-01	8.942495e-01	1.105000e+01	221	5.317740e-01	5.816344e-01	
1.115000e+01	223	5.417000e+02	7.244669e+02	6608	6.126249e+03	1.120000e+01	224	0	0	7509	7.657979e+03	1.115000e+01	223	9.242346e-01	8.942495e-01	1.115000e+01	223	4.877445e-01	5.816344e-01	
1.125000e+01	225	3.466000e+02	7.244669e+02	6450	6.126249e+03	1.130000e+01	226	0	0	7303	7.657979e+03	1.125000e+01	225	9.490039e-01	8.942495e-01	1.125000e+01	225	4.820420e-01	5.816344e-01	
1.135000e+01	227	1014	7.244669e+02	5515	6.126249e+03	1.140000e+01	228	0	0	7891	7.657979e+03	1.135000e+01	227	8.446929e-01	8.942495e-01	1.135000e+01	227	4.527739e-01	5.816344e-01	
1.145000e+01	229	1615	7.244669e+02	5739	6.126249e+03	1.150000e+01	230	0	0	8768	7.657979e+03	1.145000e+01	229	7.803916e-01	8.942495e-01	1.145000e+01	229	4.561469e-01	5.816344e-01	
1.155000e+01	231	6.633000e+02	7.244669e+02	6664	6.126249e+03	1.160000e+01	232	0	0	7877	7.657979e+03	1.155000e+01	231	9.094755e-01	8.942495e-01	1.155000e+01	231	4.819229e-01	5.816344e-01	
1.165000e+01	233	-1.175000e+01	7.244669e+02	7714	6.126249e+03	1.170000e+01	234	0	0	7973	7.657979e+03	1.165000e+01	233	1.001526e+00	8.942495e-01	1.165000e+01	233	4.913638e-01	5.816344e-01	
1.175000e+01	235	1285	7.244669e+02	6786	6.126249e+03	1.180000e+01	236	0	0	9572	7.657979e+03	1.175000e+01	235	8.407880e-01	8.942495e-01	1.175000e+01	235	4.574619e-01	5.816344e-01	
1.185000e+01	237	6.327000e+02	7.244669e+02	7284	6.126249e+03	1.190000e+01	238	0	0	8036	7.657979e+03	1.185000e+01	237	9.200803e-01	8.942495e-01	1.185000e+01	237	4.962608e-01	5.816344e-01	
1.195000e+01	239	2963	4.520287e+03	1537	9.118701e+02	12	240	0	0	8063	7.657979e+03	1.195000e+01	239	3.415556e-01	1.678652e-01	1.195000e+01	239	3.581947e-01	4.149810e-01	
1.205000e+01	241	7161	4.520287e+03	5.491000e+02	9.118701e+02	1.210000e+01	242	0	0	8029	7.657979e+03	1.205000e+01	241	7.121827e-02	1.678652e-01	1.205000e+01	241	4.898692e-01	4.149810e-01	
1.215000e+01	243	5549	4.520287e+03	1858	9.118701e+02	1.220000e+01	244	0	0	8836	7.657979e+03	1.215000e+01	243	2.508438e-01	1.678652e-01	1.215000e+01	243	4.560118e-01	4.149810e-01	
1.225000e+01	245	6463	4.520287e+03	1001	9.118701e+02	1.230000e+01	246	0	0	7207	7.657979e+03	1.225000e+01	245	1.341104e-01	1.678652e-01	1.225000e+01	245	5.087588e-01	4.149810e-01	
1.235000e+01	247	6217	4.520287e+03	6.987000e+02	9.118701e+02	1.240000e+01	248	0	0	7517	7.657979e+03	1.235000e+01	247	1.010310e-01	1.678652e-01	1.235000e+01	247	4.791688e-01	4.149810e-01	
1.245000e+01	249	5012	4.520287e+03	-8.547000e+01	9.118701e+02	1.250000e+01	250	0	0	5950	7.657979e+03	1.245000e+01	249	-1.734893e-02	1.678652e-01	1.245000e+01	249	4.529505e-01	4.149810e-01	
1.255000e+01	251	5692	4.520287e+03	6.543000e+02	9.118701e+02	1.260000e+01	252	0	0	9234	7.657979e+03	1.255000e+01	251	1.030994e-01	1.678652e-01	1.255000e+01	251	4.073285e-01	4.149810e-01	
1.265000e+01	253	5544	4.520287e+03	1476	9.118701e+02	1.270000e+01	254	0	0	7530	7.657979e+03	1.265000e+01	253	2.102564e-01	1.678652e-01	1.265000e+01	253	4.824742e-01	4.149810e-01	
1.275000e+01	255	4191	4.520287e+03	3.329000e+02	9.118701e+02	1.280000e+01	256	0	0	7481	7.657979e+03	1.275000e+01	255	7.358695e-02	1.678652e-01	1.275000e+01	255	3.768378e-01	4.149810e-01	
1.285000e+01	257	6848	4.520287e+03	9.791000e+02	9.118701e+02	1.290000e+01	258	0	0	7906	7.657979e+03	1.285000e+01	257	1.250910e-01	1.678652e-01	1.285000e+01	257	4.974925e-01	4.149810e-01	
1.295000e+01	259	6685	4.520287e+03	1552	9.118701e+02	13	260	0	0	7305	7.657979e+03	1.295000e+01	259	1.884181e-01	1.678652e-01	1.295000e+01	259	5.299833e-01	4.149810e-01	
1.305000e+01	261	6164	4.520287e+03	-2.949000e+02	9.118701e+02	1.310000e+01	262	0	0	8894	7.657979e+03	1.305000e+01	261	-5.024620e-02	1.678652e-01	1.305000e+01	261	3.975520e-01	4.149810e-01	
1.315000e+01	263	5663	4.520287e+03	5.414000e+02	9.118701e+02	1.320000e+01	264	0	0	6915	7.657979e+03	1.315000e+01	263	8.726065e-02	1.678652e-01	1.315000e+01	263	4.729180e-01	4.149810e-01	
1.325000e+01	265	3928	4.520287e+03	1709	9.118701e+02	1.330000e+01	266	0	0	8803	7.657979e+03	1.325000e+01	265	3.031754e-01	1.678652e-01	1.325000e+01	265	3.903740e-01	4.149810e-01	
1.335000e+01	267	5077	4.520287e+03	9.219000e+02	9.118701e+02	1.340000e+01	268	0	0	7157	7.657979e+03	1.335000e+01	267	1.536782e-01	1.678652e-01	1.335000e+01	267	4.559855e-01	4.149810e-01	
1.345000e+01	269	4807	4.520287e+03	3400	3.896527e+03	1.350000e+01	270	0	0	7580	7.657979e+03	1.345000e+01	269	4.142805e-01	1.678652e-01	1.345000e+01	269	5.198581e-01	5.236033e-01	
1.355000e+01	271	2379	4.520287e+03	5505	6.126249e+03	1.360000e+01	272	0	0	6742	7.657979e+03	1.355000e+01	271	6.982496e-01	1.678652e-01	1.355000e+01	271	5.390401e-01	5.236033e-01	
1.365000e+01	273	2108	4.520287e+03	6225	6.126249e+03	1.370000e+01	274	0	0	7581	7.657979e+03	1.365000e+01	273	7.470299e-01	1.678652e-01	1.365000e+01	273	5.236270e-01	5.236033e-01	
1.375000e+01	275	7.735000e+00	7.244669e+02	6222	6.126249e+03	1.380000e+01	276	0	0	6645	7.657979e+03	1.375000e+01	275	9.987584e-01	1.678652e-01	1.375000e+01	275	4.838729e-01	4.721800e-01	
1.385000e+01	277	8.594000e+02	7.244669e+02	5765	6.126249e+03	1.390000e+01	278	0	0	9253	7.657979e+03	1.385000e+01	277	8.702675e-01	1.678652e-01	1.385000e+01	277	4.172220e-01	4.721800e-01	
1.395000e+01	279	1767	7.244669e+02	5989	6.126249e+03	14	280	0	0	8104	7.657979e+03	1.395000e+01	279	7.721764e-01	1.678652e-01	1.395000e+01	279	4.890290e-01	4.721800e-01	
1.405000e+01	281	4.426000e+02	7.244669e+02	6180	6.126249e+03	1.410000e+01	282	0	0	8690	7.657979e+03	1.405000e+01	281	9.331682e-01	1.678652e-01	1.405000e+01	281	4.324935e-01	4.721800e-01	
1.415000e+01	283	1074	7.244669e+02	4636	6.126249e+03	1.420000e+01	284	0	0	7860	7.657979e+03	1.415000e+01	283	8.119089e-01	1.678652e-01	1.415000e+01	283	4.207811e-01	4.721800e-01	
1.425000e+01	285	4.494000e+02	7.244669e+02	5655	6.126249e+03	1.430000e+01	286	0	0	6576	7.657979e+03	1.425000e+01	285	9.263810e-01	1.678652e-01	1.425000e+01	285	4.814044e-01	4.721800e-01	
1.435000e+01	287	1302	7.244669e+02	5745	6.126249e+03	1.440000e+01	288	0	0	10690	7.657979e+03	1.435000e+01	287	8.152405e-01	1.678652e-01	1.435000e+01	287	3.973051e-01	4.721800e-01	
1.445000e+01	289	2.042000e+02	7.244669e+02	5753	6.126249e+03	1.450000e+01	290	0	0	7764	7.657979e+03	1.445000e+01	289	9.657222e-01	1.678652e-01	1.445000e+01	289	4.341603e-01	4.721800e-01	
1.455000e+01	291	6.316000e+02	7.244669e+02	5515	6.126249e+03	1.460000e+01	292	0	0	7069	7.657979e+03	1.455000e+01	291	8.972440e-01	1.678652e-01	1.455000e+01	291	4.651018e-01	4.721800e-01	
1.465000e+01	293	5.945000e+02	7.244669e+02	5163	6.126249e+03	1.470000e+01	294	0	0	6948	7.657979e+03	1.465000e+01	293	8.967434e-01	1.678652e-01	1.465000e+01	293	4.531502e-01	4.721800e-01	
1.475000e+01	295	-2.094000e+02	7.244669e+02	5331	6.126249e+03	1.480000e+01	296	0	0	7455	7.657979e+03	1.475000e+01	295	1.040886e+00	1.678652e-01	1.475000e+01	295	4.072325e-01	4.721800e-01	
1.485000e+01	297	9.894000e+02	7.244669e+02	6465	6.126249e+03	1.490000e+01	298	0	0	9004	7.657979e+03	1.485000e+01	297	8.672730e-01	1.678652e-01	1.485000e+01	297	4.529237e-01	4.721800e-01	
1.495000e+01	299	7.304000e+02	7.244669e+02	6360	6.126249e+03	15	300	0	0	8547	7.657979e+03	1.495000e+01	299	8.969875e-01	1.678652e-01	1.495000e+01	299	4.534258e-01	4.721800e-01	
1.505000e+01	301	1688	7.244669e+02	6657	6.126249e+03	1.510000e+01	302	0	0	8056	7.657979e+03	1.505000e+01	301	7.977232e-01	1.678652e-01	1.505000e+01	301	5.088104e-01	4.721800e-01	
1.515000e+01	303	1381	7.244669e+02	6422	6.126249e+03	1.520000e+01	304	0	0	7837	7.657979e+03	1.515000e+01	303	8.230168e-01	1.678652e-01	1.515000e+01	303	4.989130e-01	4.721800e-01	
1.525000e+01	305	8.872000e+02	7.244669e+02	4511	6.126249e+03	1.530000e+01	306	0	0	7908	7.657979e+03	1.525000e+01	305	8.356489e-01	1.678652e-01	1.525000e+01	305	4.056906e-01	4.721800e-01	
1.535000e+01	307	-7.901000e+01	7.244669e+02	6132	6.126249e+03	1.540000e+01	308	0	0	6689	7.657979e+03	1.535000e+01	307	1.013053e+00	1.678652e-01	1.535000e+01	307	4.750428e-01	4.721800e-01	
1.545000e+01	309	1560	7.244669e+02	5834	6.126249e+03	1.550000e+01	310	0	0	7039	7.657979e+03	1.545000e+01	309	7.890181e-01	1.678652e-01	1.545000e+01	309	5.122982e-01	4.721800e-01	
1.555000e+01	311	1070	7.244669e+02	4813	6.126249e+03	1.560000e+01	312	0	0	8487	7.657979e+03	1.555000e+01	311	8.181200e-01	1.678652e-01	1.555000e+01	311	4.093946e-01	4.721800e-01	
1.565000e+01	313	8.942000e+02	7.244669e+02	5683	6.126249e+03	1.570000e+01	314	0	0	9637	7.657979e+03	1.565000e+01	313	8.640455e-01	1.678652e-01	1.565000e+01	313	4.056444e-01	4.721800e-01	
1.575000e+01	315	2101	7.244669e+02	6937	6.126249e+03	1.580000e+01	316	0	0	7880	7.657979e+03	1.575000e+01	315	7.675371e-01	1.678652e-01	1.575000e+01	315	5.342239e-01	4.721800e-01	
1.585000e+01	317	-6.158000e+02	7.244669e+02	5862	6.126249e+03	1.590000e+01	318	0	0	7868	7.657979e+03	1.585000e+01	317	1.117380e+00	1.678652e-01	1.585000e+01	317	4.000397e-01	4.721800e-01	
1.595000e+01	319	1569	7.244669e+02	5923	6.126249e+03	16	320	0	0	8471	7.657979e+03	1.595000e+01	319	7.905766e-01	1.678652e-01	1.595000e+01	319	4.693353e-01	4.721800e-01	
1.605000e+01	321	5143	4.520287e+03	1289	9.118701e+02	1.610000e+01	322	0	0	7237	7.657979e+03	1.605000e+01	321	2.004042e-01	1.678652e-01	1.605000e+01	321	4.705538e-01	4.149810e-01	
1.615000e+01	323	5547	4.520287e+03	1709	9.118701e+02	1.620000e+01	324	0	0	7242	7.657979e+03	1.615000e+01	323	2.355292e-01	1.678652e-01	1.615000e+01	323	5.004828e-01	4.149810e-01	
1.625000e+01	325	4803	4.520287e+03	1070	9.118701e+02	1.630000e+01	326	0	0	7107	7.657979e+03	1.625000e+01	325	1.821897e-01	1.678652e-01	1.625000e+01	325	4.524653e-01	4.149810e-01	
1.635000e+01	327	5079	4.520287e+03	1230	9.118701e+02	1.640000e+01	328	0	0	7892	7.657979e+03	1.635000e+01	327	1.949596e-01	1.678652e-01	1.635000e+01	327	4.442645e-01	4.149810e-01	
1.645000e+01	329	1907	7.244669e+02	2900	3.896527e+03	1.650000e+01	330	0	0	6319	7.657979e+03	1.645000e+01	329	6.032869e-01	8.432227e-01	1.645000e+01	329	4.320511e-01	3.763339e-01	
1.655000e+01	331	9.148000e+01	7.244669e+02	7316	6.126249e+03	1.660000e+01	332	0	0	7998	7.657979e+03	1.655000e+01	331	9.876503e-01	8.432227e-01	1.655000e+01	331	4.808341e-01	3.763339e-01	
1.665000e+01	333	-2.983000e+02	7.244669e+02	5773	6.126249e+03	1.670000e+01	334	0	0	7606	7.657979e+03	1.665000e+01	333	1.054487e+00	8.432227e-01	1.665000e+01	333	4.185326e-01	3.763339e-01	
1.675000e+01	335	1847	7.244669e+02	5024	6.126249e+03	1.680000e+01	336	0	0	7102	7.657979e+03	1.675000e+01	335	7.311891e-01	8.432227e-01	1.675000e+01	335	4.917341e-01	3.763339e-01	
1.685000e+01	337	5.317000e+02	7.244669e+02	5695	6.126249e+03	1.690000e+01	338	0	0	8879	7.657979e+03	1.685000e+01	337	9.146097e-01	8.432227e-01	1.685000e+01	337	4.122086e-01	3.763339e-01	
1.695000e+01	339	-2.117000e+02	7.244669e+02	6180	6.126249e+03	17	340	0	0	7480	7.657979e+03	1.695000e+01	339	1.035471e+00	8.432227e-01	1.695000e+01	339	4.437959e-01	3.763339e-01	
1.705000e+01	341	9.146000e+02	7.244669e+02	4985	6.126249e+03	1.710000e+01	342	0	0	7282	7.657979e+03	1.705000e+01	341	8.449725e-01	8.432227e-01	1.705000e+01	341	4.475633e-01	3.763339e-01	
1.715000e+01	343	4.135000e+02	7.244669e+02	5705	6.126249e+03	1.720000e+01	344	0	0	7987	7.657979e+03	1.715000e+01	343	9.324181e-01	8.432227e-01	1.715000e+01	343	4.337670e-01	3.763339e-01	
1.725000e+01	345	2.955000e+02	7.244669e+02	5180	6.126249e+03	1.730000e+01	346	0	0	7806	7.657979e+03	1.725000e+01	345	9.460323e-01	8.432227e-01	1.725000e+01	345	4.122652e-01	3.763339e-01	
1.735000e+01	347	575	7.244669e+02	7416	6.126249e+03	1.740000e+01	348	0	0	8259	7.657979e+03	1.735000e+01	347	9.280440e-01	8.432227e-01	1.735000e+01	347	4.917538e-01	3.763339e-01	
1.745000e+01	349	836	7.244669e+02	5696	6.126249e+03	1.750000e+01	350	0	0	8076	7.657979e+03	1.745000e+01	349	8.720147e-01	8.432227e-01	1.745000e+01	349	4.471522e-01	3.763339e-01	
1.755000e+01	351	7.785000e+02	7.244669e+02	7032	6.126249e+03	1.760000e+01	352	0	0	6709	7.657979e+03	1.755000e+01	351	9.003265e-01	8.432227e-01	1.755000e+01	351	5.379317e-01	3.763339e-01	
1.765000e+01	353	-9.711000e+01	7.244669e+02	6168	6.126249e+03	1.770000e+01	354	0	0	7244	7.657979e+03	1.765000e+01	353	1.015996e+00	8.432227e-01	1.765000e+01	353	4.559474e-01	3.763339e-01	
1.775000e+01	355	-6.869000e+02	7.244669e+02	5806	6.126249e+03	1.780000e+01	356	0	0	6043	7.657979e+03	1.775000e+01	355	1.134184e+00	8.432227e-01	1.775000e+01	355	4.586144e-01	3.763339e-01	
1.785000e+01	357	1618	7.244669e+02	7298	6.126249e+03	1.790000e+01	358	0	0	8661	7.657979e+03	1.785000e+01	357	8.185285e-01	8.432227e-01	1.785000e+01	357	5.072538e-01	3.763339e-01	
1.795000e+01	359	1238	7.244669e+02	6700	6.126249e+03	18	360	0	0	7903	7.657979e+03	1.795000e+01	359	8.440413e-01	8.432227e-01	1.795000e+01	359	5.011047e-01	3.763339e-01	
1.805000e+01	361	1637	7.244669e+02	6115	6.126249e+03	1.810000e+01	362	0	0	9301	7.657979e+03	1.805000e+01	361	7.888287e-01	8.432227e-01	1.805000e+01	361	4.545828e-01	3.763339e-01	
1.815000e+01	363	5.202000e+02	7.244669e+02	8097	6.126249e+03	1.820000e+01	364	0	0	7579	7.657979e+03	1.815000e+01	363	9.396324e-01	8.432227e-01	1.815000e+01	363	5.320507e-01	3.763339e-01	
1.825000e+01	365	1415	7.244669e+02	6956	6.126249e+03	1.830000e+01	366	0	0	6367	7.657979e+03	1.825000e+01	365	8.309640e-01	8.432227e-01	1.825000e+01	365	5.679875e-01	3.763339e-01	
1.835000e+01	367	5.977000e+02	7.244669e+02	6436	6.126249e+03	1.840000e+01	368	0	0	7167	7.657979e+03	1.835000e+01	367	9.150234e-01	8.432227e-01	1.835000e+01	367	4.953066e-01	3.763339e-01	
1.845000e+01	369	-1.576000e+02	7.244669e+02	4935	6.126249e+03	1.850000e+01	370	0	0	9428	7.657979e+03	1.845000e+01	369	1.032989e+00	8.432227e-01	1.845000e+01	369	3.363087e-01	3.763339e-01	
1.855000e+01	371	1533	7.244669e+02	5265	6.126249e+03	1.860000e+01	372	0	0	8876	7.657979e+03	1.855000e+01	371	7.744925e-01	8.432227e-01	1.855000e+01	371	4.337119e-01	3.763339e-01	
1.865000e+01	373	9.430000e+01	7.244669e+02	6075	6.126249e+03	1.870000e+01	374	0	0	7582	7.657979e+03	1.865000e+01	373	9.847146e-01	8.432227e-01	1.865000e+01	373	4.486339e-01	3.763339e-01	
1.875000e+01	375	5.209000e+02	7.244669e+02	5391	6.126249e+03	1.880000e+01	376	0	0	9585	7.657979e+03	1.875000e+01	375	9.118896e-01	8.432227e-01	1.875000e+01	375	3.814892e-01	3.763339e-01	
1.885000e+01	377	1101	7.244669e+02	5796	6.126249e+03	1.890000e+01	378	0	0	6336	7.657979e+03	1.885000e+01	377	8.403654e-01	8.432227e-01	1.885000e+01	377	5.211970e-01	3.763339e-01	
1.895000e+01	379	5.123000e+02	7.244669e+02	6664	6.126249e+03	19	380	0	0	6943	7.657979e+03	1.895000e+01	379	9.286122e-01	8.432227e-01	1.895000e+01	379	5.082617e-01	3.763339e-01	
1.905000e+01	381	2490	7.244669e+02	5606	6.126249e+03	1.910000e+01	382	0	0	7540	7.657979e+03	1.905000e+01	381	6.924407e-01	8.432227e-01	1.905000e+01	381	5.177795e-01	3.763339e-01	
1.915000e+01	383	4.748000e+02	7.244669e+02	5758	6.126249e+03	1.920000e+01	384	0	0	7081	7.657979e+03	1.915000e+01	383	9.238224e-01	8.432227e-01	1.915000e+01	383	4.681458e-01	3.763339e-01	
1.925000e+01	385	1735	7.244669e+02	6782	6.126249e+03	1.930000e+01	386	0	0	6392	7.657979e+03	1.925000e+01	385	7.962898e-01	8.432227e-01	1.925000e+01	385	5.712657e-01	3.763339e-01	
1.935000e+01	387	1175	7.244669e+02	6231	6.126249e+03	1.940000e+01	388	0	0	6341	7.657979e+03	1.935000e+01	387	8.413449e-01	8.432227e-01	1.935000e+01	387	5.387357e-01	3.763339e-01	
1.945000e+01	389	1.099000e+02	7.244669e+02	6749	6.126249e+03	1.950000e+01	390	0	0	8670	7.657979e+03	1.945000e+01	389	9.839770e-01	8.432227e-01	1.945000e+01	389	4.416861e-01	3.763339e-01	
1.955000e+01	391	1017	7.244669e+02	7513	6.126249e+03	1.960000e+01	392	0	0	9232	7.657979e+03	1.955000e+01	391	8.807737e-01	8.432227e-01	1.955000e+01	391	4.802387e-01	3.763339e-01	
1.965000e+01	393	1579	7.244669e+02	4406	6.126249e+03	1.970000e+01	394	0	0	7245	7.657979e+03	1.965000e+01	393	7.361738e-01	8.432227e-01	1.965000e+01	393	4.523810e-01	3.763339e-01	
1.975000e+01	395	-1.605000e+02	7.244669e+02	7305	6.126249e+03	1.980000e+01	396	0	0	7356	7.657979e+03	1.975000e+01	395	1.022465e+00	8.432227e-01	1.975000e+01	395	4.927071e-01	3.763339e-01	
1.985000e+01	397	9.877000e+01	7.244669e+02	5308	6.126249e+03	1.990000e+01	398	0	0	7090	7.657979e+03	1.985000e+01	397	9.817322e-01	8.432227e-01	1.985000e+01	397	4.326534e-01	3.763339e-01	
1.995000e+01	399	274	7.244669e+02	5442	6.126249e+03	20	400	0	0	8616	7.657979e+03	1.995000e+01	399	9.520644e-01	8.432227e-01	1.995000e+01	399	3.988278e-01	3.763339e-01	
2.005000e+01	401	5.376000e+02	7.244669e+02	5470	6.126249e+03	2.010000e+01	402	0	0	7180	7.657979e+03	2.005000e+01	401	9.105133e-01	8.432227e-01	2.005000e+01	401	4.555492e-01	3.763339e-01	
2.015000e+01	403	5.454000e+02	7.244669e+02	5723	6.126249e+03	2.020000e+01	404	0	0	6763	7.657979e+03	2.015000e+01	403	9.129922e-01	8.432227e-01	2.015000e+01	403	4.810228e-01	3.763339e-01	
2.025000e+01	405	1468	7.244669e+02	6666	6.126249e+03	2.030000e+01	406	0	0	9108	7.657979e+03	2.025000e+01	405	8.195230e-01	8.432227e-01	2.025000e+01	405	4.717550e-01	3.763339e-01	
2.035000e+01	407	-1.043000e+02	7.244669e+02	4501	6.126249e+03	2.040000e+01	408	0	0	7356	7.657979e+03	2.035000e+01	407	1.023722e+00	8.432227e-01	2.035000e+01	407	3.741013e-01	3.763339e-01	
2.045000e+01	409	2240	4.520287e+03	5665	6.126249e+03	2.050000e+01	410	0	0	8290	7.657979e+03	2.045000e+01	409	7.166350e-01	8.432227e-01	2.045000e+01	409	4.881136e-01	5.816344e-01	
2.055000e+01	411	1998	4.520287e+03	4923	6.126249e+03	2.060000e+01	412	0	0	6683	7.657979e+03	2.055000e+01	411	7.113134e-01	8.432227e-01	2.055000e+01	411	5.087474e-01	5.816344e-01	
2.065000e+01	413	2871	4.520287e+03	4772	3.896527e+03	2.070000e+01	414	0	0	7592	7.657979e+03	2.065000e+01	413	6.243622e-01	8.432227e-01	2.065000e+01	413	5.016738e-01	5.236033e-01	
2.075000e+01	415	4110	4.520287e+03	3388	3.896527e+03	2.080000e+01	416	0	0	7149	7.657979e+03	2.075000e+01	415	4.518538e-01	8.432227e-01	2.075000e+01	415	5.119137e-01	5.236033e-01	
2.085000e+01	417	4472	4.520287e+03	3466	3.896527e+03	2.090000e+01	418	0	0	7307	7.657979e+03	2.085000e+01	417	4.366339e-01	8.432227e-01	2.085000e+01	417	5.206953e-01	5.236033e-01	
2.095000e+01	419	3771	4.520287e+03	3360	3.896527e+03	21	420	0	0	6748	7.657979e+03	2.095000e+01	419	4.711822e-01	8.432227e-01	2.095000e+01	419	5.137978e-01	5.236033e-01	
2.105000e+01	421	2733	4.520287e+03	4853	3.896527e+03	2.110000e+01	422	0	0	7237	7.657979e+03	2.105000e+01	421	6.397311e-01	8.432227e-01	2.105000e+01	421	5.117722e-01	5.236033e-01	
2.115000e+01	423	4305	4.520287e+03	3767	3.896527e+03	2.120000e+01	424	0	0	7002	7.657979e+03	2.115000e+01	423	4.666749e-01	8.432227e-01	2.115000e+01	423	5.354916e-01	5.236033e-01	
2.125000e+01	425	3521	4.520287e+03	3505	3.896527e+03	2.130000e+01	426	0	0	6979	7.657979e+03	2.125000e+01	425	4.988614e-01	8.432227e-01	2.125000e+01	425	5.016780e-01	5.236033e-01	
2.135000e+01	427	4305	4.520287e+03	3605	3.896527e+03	2.140000e+01	428	0	0	7247	7.657979e+03	2.135000e+01	427	4.557522e-01	8.432227e-01	2.135000e+01	427	5.218711e-01	5.236033e-01	
2.145000e+01	429	4446	4.520287e+03	3652	3.896527e+03	2.150000e+01	430	0	0	7754	7.657979e+03	2.145000e+01	429	4.509755e-01	8.432227e-01	2.145000e+01	429	5.108504e-01	5.236033e-01	
2.155000e+01	431	4021	4.520287e+03	4834	3.896527e+03	2.160000e+01	432	0	0	8093	7.657979e+03	2.155000e+01	431	5.459063e-01	8.432227e-01	2.155000e+01	431	5.224805e-01	5.236033e-01	
2.165000e+01	433	3855	4.520287e+03	4452	3.896527e+03	2.170000e+01	434	0	0	6407	7.657979e+03	2.165000e+01	433	5.359336e-01	8.432227e-01	2.165000e+01	433	5.645644e-01	5.236033e-01	
2.175000e+01	435	4463	4.520287e+03	4436	3.896527e+03	2.180000e+01	436	0	0	7597	7.657979e+03	2.175000e+01	435	4.984830e-01	8.432227e-01	2.175000e+01	435	5.394641e-01	5.236033e-01	
2.185000e+01	437	4173	4.520287e+03	3172	3.896527e+03	2.190000e+01	438	0	0	8900	7.657979e+03	2.185000e+01	437	4.318584e-01	8.432227e-01	2.185000e+01	437	4.521391e-01	5.236033e-01	
2.195000e+01	439	4900	4.520287e+03	4481	3.896527e+03	22	440	0	0	8193	7.657979e+03	2.195000e+01	439	4.776676e-01	8.432227e-01	2.195000e+01	439	5.337999e-01	5.236033e-01	
2.205000e+01	441	3407	4.520287e+03	4944	6.126249e+03	2.210000e+01	442	0	0	8294	7.657979e+03	2.205000e+01	441	5.920249e-01	8.432227e-01	2.205000e+01	441	5.017122e-01	5.816344e-01	
2.215000e+01	443	374	7.244669e+02	6189	6.126249e+03	2.220000e+01	444	0	0	8712	7.657979e+03	2.215000e+01	443	9.430139e-01	8.942495e-01	2.215000e+01	443	4.296563e-01	5.816344e-01	
2.225000e+01	445	-8.759000e+01	7.244669e+02	7821	6.126249e+03	2.230000e+01	446	0	0	8198	7.657979e+03	2.225000e+01	445	1.011326e+00	8.942495e-01	2.225000e+01	445	4.854191e-01	5.816344e-01	
2.235000e+01	447	7.625000e+02	7.244669e+02	6263	6.126249e+03	2.240000e+01	448	0	0	8298	7.657979e+03	2.235000e+01	447	8.914668e-01	8.942495e-01	2.235000e+01	447	4.584788e-01	5.816344e-01	
2.245000e+01	449	4.624000e+02	7.244669e+02	6633	6.126249e+03	2.250000e+01	450	0	0	7596	7.657979e+03	2.245000e+01	449	9.348310e-01	8.942495e-01	2.245000e+01	449	4.829628e-01	5.816344e-01	
2.255000e+01	451	5.504000e+02	7.244669e+02	6359	6.126249e+03	2.260000e+01	452	0	0	6072	7.657979e+03	2.255000e+01	451	9.203404e-01	8.942495e-01	2.255000e+01	451	5.322538e-01	5.816344e-01	
2.265000e+01	453	-1.315000e+02	7.244669e+02	6803	6.126249e+03	2.270000e+01	454	0	0	7645	7.657979e+03	2.265000e+01	453	1.019711e+00	8.942495e-01	2.265000e+01	453	4.660008e-01	5.816344e-01	
2.275000e+01	455	705	7.244669e+02	6291	6.126249e+03	2.280000e+01	456	0	0	8054	7.657979e+03	2.275000e+01	455	8.992281e-01	8.942495e-01	2.275000e+01	455	4.648505e-01	5.816344e-01	
2.285000e+01	457	4.522000e+02	7.244669e+02	5917	6.126249e+03	2.290000e+01	458	0	0	9625	7.657979e+03	2.285000e+01	457	9.290021e-01	8.942495e-01	2.285000e+01	457	3.982194e-01	5.816344e-01	
2.295000e+01	459	4.144000e+02	7.244669e+02	6461	6.126249e+03	23	460	0	0	6901	7.657979e+03	2.295000e+01	459	9.397271e-01	8.942495e-01	2.295000e+01	459	4.990709e-01	5.816344e-01	
2.305000e+01	461	7.179000e+02	7.244669e+02	6852	6.126249e+03	2.310000e+01	462	0	0	7175	7.657979e+03	2.305000e+01	461	9.051639e-01	8.942495e-01	2.305000e+01	461	5.133911e-01	5.816344e-01	
2.315000e+01	463	5.346000e+02	7.244669e+02	6061	6.126249e+03	2.320000e+01	464	0	0	6547	7.657979e+03	2.315000e+01	463	9.189460e-01	8.942495e-01	2.315000e+01	463	5.018489e-01	5.816344e-01	
2.325000e+01	465	5.001000e+02	7.244669e+02	5452	6.126249e+03	2.330000e+01	466	0	0	6577	7.657979e+03	2.325000e+01	465	9.159792e-01	8.942495e-01	2.325000e+01	465	4.750621e-01	5.816344e-01	
2.335000e+01	467	860	7.244669e+02	6382	6.126249e+03	2.340000e+01	468	0	0	8444	7.657979e+03	2.335000e+01	467	8.812483e-01	8.942495e-01	2.335000e+01	467	4.616856e-01	5.816344e-01	
2.345000e+01	469	7.861000e+02	7.244669e+02	6627	6.126249e+03	2.350000e+01	470	0	0	6438	7.657979e+03	2.345000e+01	469	8.939580e-01	8.942495e-01	2.345000e+01	469	5.351994e-01	5.816344e-01	
2.355000e+01	471	5.801000e+02	7.244669e+02	5195	6.126249e+03	2.360000e+01	472	0	0	6751	7.657979e+03	2.355000e+01	471	8.995515e-01	8.942495e-01	2.355000e+01	471	4.610453e-01	5.816344e-01	
2.365000e+01	473	6.243000e+02	7.244669e+02	6264	6.126249e+03	2.370000e+01	474	0	0	6424	7.657979e+03	2.365000e+01	473	9.093681e-01	8.942495e-01	2.365000e+01	473	5.174388e-01	5.816344e-01	
2.375000e+01	475	1793	7.244669e+02	3808	3.896527e+03	2.380000e+01	476	0	0	5886	7.657979e+03	2.375000e+01	475	6.798786e-01	8.942495e-01	2.375000e+01	475	4.875947e-01	3.763339e-01	
2.385000e+01	477	6746	4.520287e+03	1435	9.118701e+02	2.390000e+01	478	0	0	7397	7.657979e+03	2.385000e+01	477	1.754064e-01	1.678652e-01	2.385000e+01	477	5.251637e-01	3.763339e-01	
2.395000e+01	479	6280	4.520287e+03	7.998000e+02	9.118701e+02	24	480	0	0	7682	7.657979e+03	2.395000e+01	479	1.129693e-01	1.678652e-01	2.395000e+01	479	4.796028e-01	3.763339e-01	
2.405000e+01	481	5108	4.520287e+03	1102	9.118701e+02	2.410000e+01	482	0	0	8241	7.657979e+03	2.405000e+01	481	1.774557e-01	1.678652e-01	2.405000e+01	481	4.297280e-01	3.763339e-01	
2.415000e+01	483	6227	4.520287e+03	1.245000e+00	9.118701e+02	2.420000e+01	484	0	0	7814	7.657979e+03	2.415000e+01	483	1.998958e-04	1.678652e-01	2.415000e+01	483	4.435363e-01	3.763339e-01	
2.425000e+01	485	5062	4.520287e+03	6.678000e+02	9.118701e+02	2.430000e+01	486	0	0	6936	7.657979e+03	2.425000e+01	485	1.165486e-01	1.678652e-01	2.425000e+01	485	4.523836e-01	3.763339e-01	
2.435000e+01	487	6233	4.520287e+03	7.165000e+02	9.118701e+02	2.440000e+01	488	0	0	7065	7.657979e+03	2.435000e+01	487	1.031009e-01	1.678652e-01	2.435000e+01	487	4.958793e-01	3.763339e-01	
2.445000e+01	489	7090	4.520287e+03	1327	9.118701e+02	2.450000e+01	490	0	0	6669	7.657979e+03	2.445000e+01	489	1.576571e-01	1.678652e-01	2.445000e+01	489	5.579345e-01	3.763339e-01	
2.455000e+01	491	5868	4.520287e+03	1099	9.118701e+02	2.460000e+01	492	0	0	8954	7.657979e+03	2.455000e+01	491	1.577436e-01	1.678652e-01	2.455000e+01	491	4.375981e-01	3.763339e-01	
2.465000e+01	493	6014	4.520287e+03	-2.082000e+02	9.118701e+02	2.470000e+01	494	0	0	6325	7.657979e+03	2.465000e+01	493	-3.586069e-02	1.678652e-01	2.465000e+01	493	4.785999e-01	3.763339e-01	
2.475000e+01	495	5281	4.520287e+03	1258	9.118701e+02	2.480000e+01	496	0	0	7176	7.657979e+03	2.475000e+01	495	1.923842e-01	1.678652e-01	2.475000e+01	495	4.767773e-01	3.763339e-01	
2.485000e+01	497	6948	4.520287e+03	1021	9.118701e+02	2.490000e+01	498	0	0	5892	7.657979e+03	2.485000e+01	497	1.281215e-01	1.678652e-01	2.485000e+01	497	5.749224e-01	3.763339e-01	
2.495000e+01	499	5377	4.520287e+03	1290	9.118701e+02	25	500	0	0	7284	7.657979e+03	2.495000e+01	499	1.934903e-01	1.678652e-01	2.495000e+01	499	4.778869e-01	3.763339e-01	
2.505000e+01	501	4838	4.520287e+03	8.002000e+02	9.118701e+02	2.510000e+01	502	0	0	6469	7.657979e+03	2.505000e+01	501	1.419247e-01	1.678652e-01	2.505000e+01	501	4.656898e-01	3.763339e-01	
2.515000e+01	503	3428	4.520287e+03	4441	3.896527e+03	2.520000e+01	504	0	0	7797	7.657979e+03	2.515000e+01	503	5.643665e-01	1.678652e-01	2.515000e+01	503	5.022980e-01	5.236033e-01	
2.525000e+01	505	1112	7.244669e+02	7128	6.126249e+03	2.530000e+01	506	0	0	8264	7.657979e+03	2.525000e+01	505	8.650485e-01	8.942495e-01	2.525000e+01	505	4.992729e-01	5.236033e-01	
2.535000e+01	507	-4.086000e+02	7.244669e+02	6474	6.126249e+03	2.540000e+01	508	0	0	5155	7.657979e+03	2.535000e+01	507	1.067366e+00	8.942495e-01	2.535000e+01	507	5.405690e-01	5.236033e-01	
2.545000e+01	509	4.243000e+02	7.244669e+02	5970	6.126249e+03	2.550000e+01	510	0	0	6982	7.657979e+03	2.545000e+01	509	9.336440e-01	8.942495e-01	2.545000e+01	509	4.780320e-01	5.236033e-01	
2.555000e+01	511	4.375000e+02	7.244669e+02	7212	6.126249e+03	2.560000e+01	512	0	0	7397	7.657979e+03	2.555000e+01	511	9.428067e-01	8.942495e-01	2.555000e+01	511	5.083907e-01	5.236033e-01	
2.565000e+01	513	8.644000e+02	7.244669e+02	6729	6.126249e+03	2.570000e+01	514	0	0	8671	7.657979e+03	2.565000e+01	513	8.861643e-01	8.942495e-01	2.565000e+01	513	4.668724e-01	5.236033e-01	
2.575000e+01	515	8.727000e+02	7.244669e+02	6924	6.126249e+03	2.580000e+01	516	0	0	9074	7.657979e+03	2.575000e+01	515	8.880680e-01	8.942495e-01	2.575000e+01	515	4.621444e-01	5.236033e-01	
2.585000e+01	517	3134	4.520287e+03	4298	6.126249e+03	2.590000e+01	518	0	0	6562	7.657979e+03	2.585000e+01	517	5.783100e-01	8.942495e-01	2.585000e+01	517	5.310848e-01	5.816344e-01	
2.595000e+01	519	5048	4.520287e+03	1953	9.118701e+02	26	520	0	0	8480	7.657979e+03	2.595000e+01	519	2.789601e-01	1.678652e-01	2.595000e+01	519	4.522318e-01	5.816344e-01	
2.605000e+01	521	5443	4.520287e+03	7.296000e+02	9.118701e+02	2.610000e+01	522	0	0	7486	7.657979e+03	2.605000e+01	521	1.181998e-01	1.678652e-01	2.605000e+01	521	4.519204e-01	5.816344e-01	
2.615000e+01	523	7649	4.520287e+03	2.485000e+02	9.118701e+02	2.620000e+01	524	0	0	7009	7.657979e+03	2.615000e+01	523	3.146565e-02	1.678652e-01	2.615000e+01	523	5.298024e-01	5.816344e-01	
2.625000e+01	525	7478	4.520287e+03	4.410000e+01	9.118701e+02	2.630000e+01	526	0	0	5911	7.657979e+03	2.625000e+01	525	5.862725e-03	1.678652e-01	2.625000e+01	525	5.599675e-01	5.816344e-01	
2.635000e+01	527	5964	4.520287e+03	8.558000e+02	9.118701e+02	2.640000e+01	528	0	0	8842	7.657979e+03	2.635000e+01	527	1.254876e-01	1.678652e-01	2.635000e+01	527	4.354416e-01	5.816344e-01	
2.645000e+01	529	5020	4.520287e+03	1082	9.118701e+02	2.650000e+01	530	0	0	7836	7.657979e+03	2.645000e+01	529	1.773189e-01	1.678652e-01	2.645000e+01	529	4.377960e-01	5.816344e-01	
2.655000e+01	531	6421	4.520287e+03	1.983000e+02	9.118701e+02	2.660000e+01	532	0	0	6386	7.657979e+03	2.655000e+01	531	2.995785e-02	1.678652e-01	2.655000e+01	531	5.089694e-01	5.816344e-01	
2.665000e+01	533	6266	4.520287e+03	1001	9.118701e+02	2.670000e+01	534	0	0	7550	7.657979e+03	2.665000e+01	533	1.377460e-01	1.678652e-01	2.665000e+01	533	4.904502e-01	5.816344e-01	
2.675000e+01	535	1362	7.244669e+02	5272	6.126249e+03	2.680000e+01	536	0	0	8406	7.657979e+03	2.675000e+01	535	7.946940e-01	8.942495e-01	2.675000e+01	535	4.410904e-01	4.721800e-01	
2.685000e+01	537	1.035000e+02	7.244669e+02	5021	6.126249e+03	2.690000e+01	538	0	0	8646	7.657979e+03	2.685000e+01	537	9.798029e-01	8.942495e-01	2.685000e+01	537	3.721361e-01	4.721800e-01	
2.695000e+01	539	4.994000e+02	7.244669e+02	7310	6.126249e+03	27	540	0	0	8266	7.657979e+03	2.695000e+01	539	9.360514e-01	8.942495e-01	2.695000e+01	539	4.857982e-01	4.721800e-01	
2.705000e+01	541	5.505000e+02	7.244669e+02	7252	6.126249e+03	2.710000e+01	542	0	0	7787	7.657979e+03	2.705000e+01	541	9.294457e-01	8.942495e-01	2.705000e+01	541	5.004971e-01	4.721800e-01	
2.715000e+01	543	2.236000e+02	7.244669e+02	6508	6.126249e+03	2.720000e+01	544	0	0	7970	7.657979e+03	2.715000e+01	543	9.667835e-01	8.942495e-01	2.715000e+01	543	4.578821e-01	4.721800e-01	
2.725000e+01	545	1511	7.244669e+02	7101	6.126249e+03	2.730000e+01	546	0	0	7707	7.657979e+03	2.725000e+01	545	8.245471e-01	8.942495e-01	2.725000e+01	545	5.277284e-01	4.721800e-01	
2.735000e+01	547	3.414000e+02	7.244669e+02	5167	6.126249e+03	2.740000e+01	548	0	0	7021	7.657979e+03	2.735000e+01	547	9.380219e-01	8.942495e-01	2.735000e+01	547	4.396380e-01	4.721800e-01	
2.745000e+01	549	2.919000e+02	7.244669e+02	6660	6.126249e+03	2.750000e+01	550	0	0	6772	7.657979e+03	2.745000e+01	549	9.580115e-01	8.942495e-01	2.745000e+01	549	5.065543e-01	4.721800e-01	
2.755000e+01	551	939	7.244669e+02	5926	6.126249e+03	2.760000e+01	552	0	0	9754	7.657979e+03	2.755000e+01	551	8.632192e-01	8.942495e-01	2.755000e+01	551	4.130814e-01	4.721800e-01	
2.765000e+01	553	1078	7.244669e+02	6884	6.126249e+03	2.770000e+01	554	0	0	7477	7.657979e+03	2.765000e+01	553	8.646069e-01	8.942495e-01	2.765000e+01	553	5.157070e-01	4.721800e-01	
2.775000e+01	555	-281	7.244669e+02	5947	6.126249e+03	2.780000e+01	556	0	0	8131	7.657979e+03	2.775000e+01	555	1.049594e+00	8.942495e-01	2.775000e+01	555	4.106690e-01	4.721800e-01	
2.785000e+01	557	2.982000e+02	7.244669e+02	7854	6.126249e+03	2.790000e+01	558	0	0	7152	7.657979e+03	2.785000e+01	557	9.634209e-01	8.942495e-01	2.785000e+01	557	5.326773e-01	4.721800e-01	
2.795000e+01	559	-1.515000e+02	7.244669e+02	5591	6.126249e+03	28	560	0	0	7074	7.657979e+03	2.795000e+01	559	1.027852e+00	8.942495e-01	2.795000e+01	559	4.346905e-01	4.721800e-01	
2.805000e+01	561	-4.795000e+02	7.244669e+02	6812	6.126249e+03	2.810000e+01	562	0	0	7516	7.657979e+03	2.805000e+01	561	1.075720e+00	8.942495e-01	2.805000e+01	561	4.572697e-01	4.721800e-01	
2.815000e+01	563	8.729000e+02	7.244669e+02	5672	6.126249e+03	2.820000e+01	564	0	0	7459	7.657979e+03	2.815000e+01	563	8.666290e-01	8.942495e-01	2.815000e+01	563	4.673627e-01	4.721800e-01	
2.825000e+01	565	1416	7.244669e+02	5565	6.126249e+03	2.830000e+01	566	0	0	8233	7.657979e+03	2.825000e+01	565	7.971637e-01	8.942495e-01	2.825000e+01	565	4.588537e-01	4.721800e-01	
2.835000e+01	567	6.872000e+02	7.244669e+02	7598	6.126249e+03	2.840000e+01	568	0	0	9629	7.657979e+03	2.835000e+01	567	9.170569e-01	8.942495e-01	2.835000e+01	567	4.624934e-01	4.721800e-01	
2.845000e+01	569	7.085000e+02	7.244669e+02	7054	6.126249e+03	2.850000e+01	570	0	0	7074	7.657979e+03	2.845000e+01	569	9.087279e-01	0	2.845000e+01	569	5.232029e-01	0	
