time at 532nm	frame at 532nm	I_1 at 532nm(counts)	discr.I_1 at 532nm(counts)	I_2 at 532nm(counts)	discr.I_2 at 532nm(counts)	time at 638nm	frame at 638nm	I_1 at 638nm(counts)	discr.I_1 at 638nm(counts)	I_2 at 638nm(counts)	discr.I_2 at 638nm(counts)	time at 532nm	frame at 532nm	FRET_1>2	discr.FRET_1>2	time at 532nm	frame at 532nm	S_1>2	discr.S_1>2	
5.000000e-02	1	6062	5.194627e+03	7.732000e+02	1.877498e+03	1.000000e-01	2	0	0	6386	6.360363e+03	5.000000e-02	1	1.131203e-01	2.654786e-01	5.000000e-02	1	5.169879e-01	5.264941e-01	
1.500000e-01	3	7393	5.194627e+03	1237	1.877498e+03	2.000000e-01	4	0	0	3990	6.360363e+03	1.500000e-01	3	1.433372e-01	2.654786e-01	1.500000e-01	3	6.838352e-01	5.264941e-01	
2.500000e-01	5	6646	5.194627e+03	1615	1.877498e+03	3.000000e-01	6	0	0	4680	6.360363e+03	2.500000e-01	5	1.954969e-01	2.654786e-01	2.500000e-01	5	6.383587e-01	5.264941e-01	
3.500000e-01	7	5994	5.194627e+03	9.737000e+02	1.877498e+03	4.000000e-01	8	0	0	7471	6.360363e+03	3.500000e-01	7	1.397448e-01	2.654786e-01	3.500000e-01	7	4.825711e-01	5.264941e-01	
4.500000e-01	9	6707	5.194627e+03	1115	1.877498e+03	5.000000e-01	10	0	0	5854	6.360363e+03	4.500000e-01	9	1.425467e-01	2.654786e-01	4.500000e-01	9	5.719509e-01	5.264941e-01	
5.500000e-01	11	6520	5.194627e+03	2.498000e+02	1.877498e+03	6.000000e-01	12	0	0	6376	6.360363e+03	5.500000e-01	11	3.689917e-02	2.654786e-01	5.500000e-01	11	5.149782e-01	5.264941e-01	
6.500000e-01	13	6309	5.194627e+03	1.831000e+02	1.877498e+03	7.000000e-01	14	0	0	3851	6.360363e+03	6.500000e-01	13	2.820351e-02	2.654786e-01	6.500000e-01	13	6.276745e-01	5.264941e-01	
7.500000e-01	15	2443	5.194627e+03	4518	6.224318e+03	8.000000e-01	16	0	0	5549	6.360363e+03	7.500000e-01	15	6.490447e-01	2.654786e-01	7.500000e-01	15	5.564349e-01	6.422604e-01	
8.500000e-01	17	4.193000e+02	7.642361e+02	6378	6.224318e+03	9.000000e-01	18	0	0	5940	6.360363e+03	8.500000e-01	17	9.383137e-01	8.906446e-01	8.500000e-01	17	5.336531e-01	6.422604e-01	
9.500000e-01	19	1139	7.642361e+02	6310	6.224318e+03	1	20	0	0	6515	6.360363e+03	9.500000e-01	19	8.470936e-01	8.906446e-01	9.500000e-01	19	5.334431e-01	6.422604e-01	
1.050000e+00	21	7.357000e+02	7.642361e+02	5320	6.224318e+03	1.100000e+00	22	0	0	5062	6.360363e+03	1.050000e+00	21	8.785112e-01	8.906446e-01	1.050000e+00	21	5.446900e-01	6.422604e-01	
1.150000e+00	23	5.227000e+02	7.642361e+02	5546	6.224318e+03	1.200000e+00	24	0	0	6382	6.360363e+03	1.150000e+00	23	9.138695e-01	8.906446e-01	1.150000e+00	23	4.874184e-01	6.422604e-01	
1.250000e+00	25	7.786000e+02	7.642361e+02	5576	6.224318e+03	1.300000e+00	26	0	0	6400	6.360363e+03	1.250000e+00	25	8.774746e-01	8.906446e-01	1.250000e+00	25	4.982202e-01	6.422604e-01	
1.350000e+00	27	5.849000e+02	7.642361e+02	7899	6.224318e+03	1.400000e+00	28	0	0	8158	6.360363e+03	1.350000e+00	27	9.310577e-01	8.906446e-01	1.350000e+00	27	5.097916e-01	6.422604e-01	
1.450000e+00	29	1620	7.642361e+02	6611	6.224318e+03	1.500000e+00	30	0	0	6239	6.360363e+03	1.450000e+00	29	8.031831e-01	8.906446e-01	1.450000e+00	29	5.688321e-01	6.422604e-01	
1.550000e+00	31	3.925000e+02	7.642361e+02	7412	6.224318e+03	1.600000e+00	32	0	0	7354	6.360363e+03	1.550000e+00	31	9.497085e-01	8.906446e-01	1.550000e+00	31	5.148596e-01	6.422604e-01	
1.650000e+00	33	7.822000e+02	7.642361e+02	7286	6.224318e+03	1.700000e+00	34	0	0	7401	6.360363e+03	1.650000e+00	33	9.030515e-01	8.906446e-01	1.650000e+00	33	5.215654e-01	6.422604e-01	
1.750000e+00	35	8.154000e+02	7.642361e+02	5434	6.224318e+03	1.800000e+00	36	0	0	5307	6.360363e+03	1.750000e+00	35	8.695235e-01	8.906446e-01	1.750000e+00	35	5.407739e-01	6.422604e-01	
1.850000e+00	37	-2.882000e+02	7.642361e+02	6186	6.224318e+03	1.900000e+00	38	0	0	6538	6.360363e+03	1.850000e+00	37	1.048866e+00	8.906446e-01	1.850000e+00	37	4.742598e-01	6.422604e-01	
1.950000e+00	39	1592	7.642361e+02	6034	6.224318e+03	2	40	0	0	7373	6.360363e+03	1.950000e+00	39	7.912405e-01	8.906446e-01	1.950000e+00	39	5.084339e-01	6.422604e-01	
2.050000e+00	41	9.779000e+02	7.642361e+02	7747	6.224318e+03	2.100000e+00	42	0	0	5986	6.360363e+03	2.050000e+00	41	8.879185e-01	8.906446e-01	2.050000e+00	41	5.930908e-01	6.422604e-01	
2.150000e+00	43	1460	7.642361e+02	5858	6.224318e+03	2.200000e+00	44	0	0	5044	6.360363e+03	2.150000e+00	43	8.004919e-01	8.906446e-01	2.150000e+00	43	5.919754e-01	6.422604e-01	
2.250000e+00	45	1435	7.642361e+02	6150	6.224318e+03	2.300000e+00	46	0	0	5535	6.360363e+03	2.250000e+00	45	8.108108e-01	8.906446e-01	2.250000e+00	45	5.781250e-01	6.422604e-01	
2.350000e+00	47	7.021000e+02	7.642361e+02	5804	6.224318e+03	2.400000e+00	48	0	0	7484	6.360363e+03	2.350000e+00	47	8.920859e-01	8.906446e-01	2.350000e+00	47	4.650503e-01	6.422604e-01	
2.450000e+00	49	9.986000e+02	7.642361e+02	5519	6.224318e+03	2.500000e+00	50	0	0	6678	6.360363e+03	2.450000e+00	49	8.467841e-01	8.906446e-01	2.450000e+00	49	4.939222e-01	6.422604e-01	
2.550000e+00	51	1591	7.642361e+02	5261	6.224318e+03	2.600000e+00	52	0	0	5639	6.360363e+03	2.550000e+00	51	7.678050e-01	8.906446e-01	2.550000e+00	51	5.485550e-01	6.422604e-01	
2.650000e+00	53	1642	7.642361e+02	5637	6.224318e+03	2.700000e+00	54	0	0	6501	6.360363e+03	2.650000e+00	53	7.744196e-01	8.906446e-01	2.650000e+00	53	5.282293e-01	6.422604e-01	
2.750000e+00	55	2303	7.642361e+02	7774	6.224318e+03	2.800000e+00	56	0	0	6747	6.360363e+03	2.750000e+00	55	7.714598e-01	8.906446e-01	2.750000e+00	55	5.989658e-01	6.422604e-01	
2.850000e+00	57	-204	7.642361e+02	6803	6.224318e+03	2.900000e+00	58	0	0	6693	6.360363e+03	2.850000e+00	57	1.030914e+00	8.906446e-01	2.850000e+00	57	4.964640e-01	6.422604e-01	
2.950000e+00	59	4.193000e+02	7.642361e+02	6841	6.224318e+03	3	60	0	0	6135	6.360363e+03	2.950000e+00	59	9.422476e-01	8.906446e-01	2.950000e+00	59	5.420035e-01	6.422604e-01	
3.050000e+00	61	6.562000e+02	7.642361e+02	5631	6.224318e+03	3.100000e+00	62	0	0	6082	6.360363e+03	3.050000e+00	61	8.956292e-01	8.906446e-01	3.050000e+00	61	5.082948e-01	6.422604e-01	
3.150000e+00	63	2.032000e+02	7.642361e+02	5253	6.224318e+03	3.200000e+00	64	0	0	6610	6.360363e+03	3.150000e+00	63	9.627580e-01	8.906446e-01	3.150000e+00	63	4.521888e-01	6.422604e-01	
3.250000e+00	65	162	7.642361e+02	6183	6.224318e+03	3.300000e+00	66	0	0	6968	6.360363e+03	3.250000e+00	65	9.744681e-01	8.906446e-01	3.250000e+00	65	4.766018e-01	6.422604e-01	
3.350000e+00	67	1771	7.642361e+02	5749	6.224318e+03	3.400000e+00	68	0	0	5855	6.360363e+03	3.350000e+00	67	7.644947e-01	8.906446e-01	3.350000e+00	67	5.622430e-01	6.422604e-01	
3.450000e+00	69	4.164000e+01	7.642361e+02	6483	6.224318e+03	3.500000e+00	70	0	0	6059	6.360363e+03	3.450000e+00	69	9.936180e-01	8.906446e-01	3.450000e+00	69	5.185018e-01	6.422604e-01	
3.550000e+00	71	2270	7.642361e+02	5804	6.224318e+03	3.600000e+00	72	0	0	6315	6.360363e+03	3.550000e+00	71	7.188506e-01	8.906446e-01	3.550000e+00	71	5.611231e-01	6.422604e-01	
3.650000e+00	73	1393	7.642361e+02	6120	6.224318e+03	3.700000e+00	74	0	0	7093	6.360363e+03	3.650000e+00	73	8.145880e-01	8.906446e-01	3.650000e+00	73	5.143777e-01	6.422604e-01	
3.750000e+00	75	5.355000e+02	7.642361e+02	6721	6.224318e+03	3.800000e+00	76	0	0	7079	6.360363e+03	3.750000e+00	75	9.262041e-01	8.906446e-01	3.750000e+00	75	5.061909e-01	6.422604e-01	
3.850000e+00	77	7.087000e+02	7.642361e+02	4789	6.224318e+03	3.900000e+00	78	0	0	6538	6.360363e+03	3.850000e+00	77	8.710915e-01	8.906446e-01	3.850000e+00	77	4.567827e-01	6.422604e-01	
3.950000e+00	79	565	7.642361e+02	5925	6.224318e+03	4	80	0	0	6680	6.360363e+03	3.950000e+00	79	9.129430e-01	8.906446e-01	3.950000e+00	79	4.927866e-01	6.422604e-01	
4.050000e+00	81	-233	7.642361e+02	4931	6.224318e+03	4.100000e+00	82	0	0	6521	6.360363e+03	4.050000e+00	81	1.049596e+00	8.906446e-01	4.050000e+00	81	4.187539e-01	6.422604e-01	
4.150000e+00	83	998	7.642361e+02	6019	6.224318e+03	4.200000e+00	84	0	0	5583	6.360363e+03	4.150000e+00	83	8.577740e-01	8.906446e-01	4.150000e+00	83	5.569048e-01	6.422604e-01	
4.250000e+00	85	1039	7.642361e+02	5777	6.224318e+03	4.300000e+00	86	0	0	6542	6.360363e+03	4.250000e+00	85	8.475646e-01	8.906446e-01	4.250000e+00	85	5.102560e-01	6.422604e-01	
4.350000e+00	87	2.368000e+02	7.642361e+02	6561	6.224318e+03	4.400000e+00	88	0	0	5639	6.360363e+03	4.350000e+00	87	9.651652e-01	8.906446e-01	4.350000e+00	87	5.465875e-01	6.422604e-01	
4.450000e+00	89	2000	7.642361e+02	5324	6.224318e+03	4.500000e+00	90	0	0	6791	6.360363e+03	4.450000e+00	89	7.269252e-01	8.906446e-01	4.450000e+00	89	5.188806e-01	6.422604e-01	
4.550000e+00	91	1.709000e+02	7.642361e+02	6522	6.224318e+03	4.600000e+00	92	0	0	7226	6.360363e+03	4.550000e+00	91	9.744655e-01	8.906446e-01	4.550000e+00	91	4.808498e-01	6.422604e-01	
4.650000e+00	93	6.396000e+02	7.642361e+02	6413	6.224318e+03	4.700000e+00	94	0	0	7931	6.360363e+03	4.650000e+00	93	9.093100e-01	8.906446e-01	4.650000e+00	93	4.706880e-01	6.422604e-01	
4.750000e+00	95	1776	7.642361e+02	6977	6.224318e+03	4.800000e+00	96	0	0	7336	6.360363e+03	4.750000e+00	95	7.970981e-01	8.906446e-01	4.750000e+00	95	5.440363e-01	6.422604e-01	
4.850000e+00	97	1201	7.642361e+02	6942	6.224318e+03	4.900000e+00	98	0	0	7972	6.360363e+03	4.850000e+00	97	8.525114e-01	8.906446e-01	4.850000e+00	97	5.053056e-01	6.422604e-01	
4.950000e+00	99	1304	7.642361e+02	7111	6.224318e+03	5	100	0	0	6182	6.360363e+03	4.950000e+00	99	8.450386e-01	8.906446e-01	4.950000e+00	99	5.764883e-01	6.422604e-01	
5.050000e+00	101	1142	7.642361e+02	6697	6.224318e+03	5.100000e+00	102	0	0	6171	6.360363e+03	5.050000e+00	101	8.543182e-01	8.906446e-01	5.050000e+00	101	5.595289e-01	6.422604e-01	
5.150000e+00	103	1387	7.642361e+02	6801	6.224318e+03	5.200000e+00	104	0	0	5232	6.360363e+03	5.150000e+00	103	8.306058e-01	8.906446e-01	5.150000e+00	103	6.101341e-01	6.422604e-01	
5.250000e+00	105	1537	7.642361e+02	6998	6.224318e+03	5.300000e+00	106	0	0	7916	6.360363e+03	5.250000e+00	105	8.199180e-01	8.906446e-01	5.250000e+00	105	5.188134e-01	6.422604e-01	
5.350000e+00	107	2.829000e+02	7.642361e+02	7638	6.224318e+03	5.400000e+00	108	0	0	8618	6.360363e+03	5.350000e+00	107	9.642844e-01	8.906446e-01	5.350000e+00	107	4.789254e-01	6.422604e-01	
5.450000e+00	109	6.923000e+02	7.642361e+02	6350	6.224318e+03	5.500000e+00	110	0	0	4564	6.360363e+03	5.450000e+00	109	9.016940e-01	8.906446e-01	5.450000e+00	109	6.067653e-01	6.422604e-01	
5.550000e+00	111	-2.949000e+02	7.642361e+02	5731	6.224318e+03	5.600000e+00	112	0	0	6039	6.360363e+03	5.550000e+00	111	1.054248e+00	8.906446e-01	5.550000e+00	111	4.737301e-01	6.422604e-01	
5.650000e+00	113	6.024000e+02	7.642361e+02	5990	6.224318e+03	5.700000e+00	114	0	0	7200	6.360363e+03	5.650000e+00	113	9.086220e-01	8.906446e-01	5.650000e+00	113	4.779734e-01	6.422604e-01	
5.750000e+00	115	1206	7.642361e+02	5796	6.224318e+03	5.800000e+00	116	0	0	6694	6.360363e+03	5.750000e+00	115	8.277635e-01	8.906446e-01	5.750000e+00	115	5.112442e-01	6.422604e-01	
5.850000e+00	117	2.532000e+02	7.642361e+02	6250	6.224318e+03	5.900000e+00	118	0	0	6071	6.360363e+03	5.850000e+00	117	9.610653e-01	8.906446e-01	5.850000e+00	117	5.171860e-01	6.422604e-01	
5.950000e+00	119	1.036000e+02	7.642361e+02	5633	6.224318e+03	6	120	0	0	6348	6.360363e+03	5.950000e+00	119	9.819405e-01	8.906446e-01	5.950000e+00	119	4.747033e-01	6.422604e-01	
6.050000e+00	121	-3.369000e+02	7.642361e+02	5981	6.224318e+03	6.100000e+00	122	0	0	6628	6.360363e+03	6.050000e+00	121	1.059691e+00	8.906446e-01	6.050000e+00	121	4.599131e-01	6.422604e-01	
6.150000e+00	123	1699	7.642361e+02	5761	6.224318e+03	6.200000e+00	124	0	0	6071	6.360363e+03	6.150000e+00	123	7.722520e-01	8.906446e-01	6.150000e+00	123	5.513266e-01	6.422604e-01	
6.250000e+00	125	1160	7.642361e+02	5324	6.224318e+03	6.300000e+00	126	0	0	6764	6.360363e+03	6.250000e+00	125	8.210981e-01	8.906446e-01	6.250000e+00	125	4.894324e-01	6.422604e-01	
6.350000e+00	127	5007	5.194627e+03	8.477000e+02	1.877498e+03	6.400000e+00	128	0	0	6907	6.360363e+03	6.350000e+00	127	1.447897e-01	2.654786e-01	6.350000e+00	127	4.587712e-01	5.264941e-01	
6.450000e+00	129	7852	5.194627e+03	1187	1.877498e+03	6.500000e+00	130	0	0	3660	6.360363e+03	6.450000e+00	129	1.313198e-01	2.654786e-01	6.450000e+00	129	7.117883e-01	5.264941e-01	
6.550000e+00	131	1174	7.642361e+02	4321	1.877498e+03	6.600000e+00	132	0	0	5815	6.360363e+03	6.550000e+00	131	7.863512e-01	2.654786e-01	6.550000e+00	131	4.858532e-01	2.934576e-01	
6.650000e+00	133	1113	7.642361e+02	5591	6.224318e+03	6.700000e+00	134	0	0	6811	6.360363e+03	6.650000e+00	133	8.339797e-01	8.906446e-01	6.650000e+00	133	4.960414e-01	2.934576e-01	
6.750000e+00	135	1983	7.642361e+02	7268	6.224318e+03	6.800000e+00	136	0	0	6666	6.360363e+03	6.750000e+00	135	7.856448e-01	8.906446e-01	6.750000e+00	135	5.812025e-01	2.934576e-01	
6.850000e+00	137	1189	7.642361e+02	8229	6.224318e+03	6.900000e+00	138	0	0	5132	6.360363e+03	6.850000e+00	137	8.737524e-01	8.906446e-01	6.850000e+00	137	6.472852e-01	2.934576e-01	
6.950000e+00	139	1.076000e+02	7.642361e+02	4968	6.224318e+03	7	140	0	0	6824	6.360363e+03	6.950000e+00	139	9.788005e-01	8.906446e-01	6.950000e+00	139	4.265353e-01	2.934576e-01	
7.050000e+00	141	1102	7.642361e+02	5889	6.224318e+03	7.100000e+00	142	0	0	6054	6.360363e+03	7.050000e+00	141	8.423688e-01	8.906446e-01	7.050000e+00	141	5.359141e-01	2.934576e-01	
7.150000e+00	143	1092	7.642361e+02	6477	6.224318e+03	7.200000e+00	144	0	0	4364	6.360363e+03	7.150000e+00	143	8.557273e-01	8.906446e-01	7.150000e+00	143	6.342915e-01	2.934576e-01	
7.250000e+00	145	8.698000e+02	7.642361e+02	5138	6.224318e+03	7.300000e+00	146	0	0	5684	6.360363e+03	7.250000e+00	145	8.552215e-01	8.906446e-01	7.250000e+00	145	5.138473e-01	2.934576e-01	
7.350000e+00	147	1815	7.642361e+02	6478	6.224318e+03	7.400000e+00	148	0	0	7574	6.360363e+03	7.350000e+00	147	7.811407e-01	8.906446e-01	7.350000e+00	147	5.226571e-01	2.934576e-01	
7.450000e+00	149	-4.928000e+01	7.642361e+02	7003	6.224318e+03	7.500000e+00	150	0	0	5768	6.360363e+03	7.450000e+00	149	1.007087e+00	8.906446e-01	7.450000e+00	149	5.466022e-01	2.934576e-01	
7.550000e+00	151	871	7.642361e+02	7424	6.224318e+03	7.600000e+00	152	0	0	5150	6.360363e+03	7.550000e+00	151	8.949970e-01	8.906446e-01	7.550000e+00	151	6.169580e-01	2.934576e-01	
7.650000e+00	153	4.575000e+02	7.642361e+02	6750	6.224318e+03	7.700000e+00	154	0	0	5623	6.360363e+03	7.650000e+00	153	9.365245e-01	8.906446e-01	7.650000e+00	153	5.617474e-01	2.934576e-01	
7.750000e+00	155	6.527000e+02	7.642361e+02	4870	6.224318e+03	7.800000e+00	156	0	0	6597	6.360363e+03	7.750000e+00	155	8.818151e-01	8.906446e-01	7.750000e+00	155	4.556796e-01	2.934576e-01	
7.850000e+00	157	7.654000e+02	7.642361e+02	7056	6.224318e+03	7.900000e+00	158	0	0	5753	6.360363e+03	7.850000e+00	157	9.021403e-01	8.906446e-01	7.850000e+00	157	5.761875e-01	2.934576e-01	
7.950000e+00	159	4.655000e+02	7.642361e+02	6405	6.224318e+03	8	160	0	0	4844	6.360363e+03	7.950000e+00	159	9.322466e-01	8.906446e-01	7.950000e+00	159	5.864954e-01	2.934576e-01	
8.050000e+00	161	7.135000e+02	7.642361e+02	6794	6.224318e+03	8.100000e+00	162	0	0	5668	6.360363e+03	8.050000e+00	161	9.049617e-01	8.906446e-01	8.050000e+00	161	5.698076e-01	2.934576e-01	
8.150000e+00	163	-2.485000e+02	7.642361e+02	6327	6.224318e+03	8.200000e+00	164	0	0	6084	6.360363e+03	8.150000e+00	163	1.040882e+00	8.906446e-01	8.150000e+00	163	4.997739e-01	2.934576e-01	
8.250000e+00	165	2.605000e+02	7.642361e+02	7233	6.224318e+03	8.300000e+00	166	0	0	7193	6.360363e+03	8.250000e+00	165	9.652365e-01	8.906446e-01	8.250000e+00	165	5.102305e-01	2.934576e-01	
8.350000e+00	167	1928	7.642361e+02	6363	6.224318e+03	8.400000e+00	168	0	0	6119	6.360363e+03	8.350000e+00	167	7.674587e-01	8.906446e-01	8.350000e+00	167	5.753643e-01	2.934576e-01	
8.450000e+00	169	3373	5.194627e+03	4361	6.224318e+03	8.500000e+00	170	0	0	5645	6.360363e+03	8.450000e+00	169	5.638738e-01	8.906446e-01	8.450000e+00	169	5.780701e-01	6.422604e-01	
8.550000e+00	171	5.145000e+02	7.642361e+02	5301	6.224318e+03	8.600000e+00	172	0	0	5937	6.360363e+03	8.550000e+00	171	9.115295e-01	8.906446e-01	8.550000e+00	171	4.948309e-01	6.422604e-01	
8.650000e+00	173	5.859000e+02	7.642361e+02	6236	6.224318e+03	8.700000e+00	174	0	0	6618	6.360363e+03	8.650000e+00	173	9.141148e-01	8.906446e-01	8.650000e+00	173	5.075856e-01	6.422604e-01	
8.750000e+00	175	246	7.642361e+02	7902	6.224318e+03	8.800000e+00	176	0	0	6418	6.360363e+03	8.750000e+00	175	9.698085e-01	8.906446e-01	8.750000e+00	175	5.593849e-01	6.422604e-01	
8.850000e+00	177	8.889000e+02	7.642361e+02	6439	6.224318e+03	8.900000e+00	178	0	0	6771	6.360363e+03	8.850000e+00	177	8.786965e-01	8.906446e-01	8.850000e+00	177	5.197498e-01	6.422604e-01	
8.950000e+00	179	5.031000e+02	7.642361e+02	6849	6.224318e+03	9	180	0	0	4502	6.360363e+03	8.950000e+00	179	9.315706e-01	8.906446e-01	8.950000e+00	179	6.202158e-01	6.422604e-01	
9.050000e+00	181	-1.291000e+02	7.642361e+02	5539	6.224318e+03	9.100000e+00	182	0	0	7595	6.360363e+03	9.050000e+00	181	1.023864e+00	8.906446e-01	9.050000e+00	181	4.159894e-01	6.422604e-01	
9.150000e+00	183	1007	7.642361e+02	5333	6.224318e+03	9.200000e+00	184	0	0	7208	6.360363e+03	9.150000e+00	183	8.411672e-01	8.906446e-01	9.150000e+00	183	4.679658e-01	6.422604e-01	
9.250000e+00	185	9.624000e+02	7.642361e+02	6327	6.224318e+03	9.300000e+00	186	0	0	7213	6.360363e+03	9.250000e+00	185	8.679727e-01	8.906446e-01	9.250000e+00	185	5.026340e-01	6.422604e-01	
9.350000e+00	187	1035	7.642361e+02	6797	6.224318e+03	9.400000e+00	188	0	0	7116	6.360363e+03	9.350000e+00	187	8.678498e-01	8.906446e-01	9.350000e+00	187	5.239497e-01	6.422604e-01	
9.450000e+00	189	8.188000e+02	7.642361e+02	6445	6.224318e+03	9.500000e+00	190	0	0	7298	6.360363e+03	9.450000e+00	189	8.872766e-01	8.906446e-01	9.450000e+00	189	4.988257e-01	6.422604e-01	
9.550000e+00	191	1447	7.642361e+02	5133	6.224318e+03	9.600000e+00	192	0	0	6567	6.360363e+03	9.550000e+00	191	7.800912e-01	8.906446e-01	9.550000e+00	191	5.004944e-01	6.422604e-01	
9.650000e+00	193	4.202000e+02	7.642361e+02	5769	6.224318e+03	9.700000e+00	194	0	0	8405	6.360363e+03	9.650000e+00	193	9.321075e-01	8.906446e-01	9.650000e+00	193	4.240863e-01	6.422604e-01	
9.750000e+00	195	6.306000e+02	7.642361e+02	6387	6.224318e+03	9.800000e+00	196	0	0	6725	6.360363e+03	9.750000e+00	195	9.101402e-01	8.906446e-01	9.750000e+00	195	5.106457e-01	6.422604e-01	
9.850000e+00	197	1140	7.642361e+02	6243	6.224318e+03	9.900000e+00	198	0	0	6516	6.360363e+03	9.850000e+00	197	8.455912e-01	8.906446e-01	9.850000e+00	197	5.311893e-01	6.422604e-01	
9.950000e+00	199	-7.668000e+01	7.642361e+02	6831	6.224318e+03	10	200	0	0	5633	6.360363e+03	9.950000e+00	199	1.011353e+00	8.906446e-01	9.950000e+00	199	5.452608e-01	6.422604e-01	
1.005000e+01	201	9.125000e+02	7.642361e+02	3526	1.877498e+03	1.010000e+01	202	0	0	8134	6.360363e+03	1.005000e+01	201	7.944125e-01	8.906446e-01	1.005000e+01	201	3.530324e-01	2.934576e-01	
1.015000e+01	203	7780	5.194627e+03	8.085000e+02	1.877498e+03	1.020000e+01	204	0	0	7772	6.360363e+03	1.015000e+01	203	9.413751e-02	2.654786e-01	1.015000e+01	203	5.249534e-01	2.934576e-01	
1.025000e+01	205	7776	5.194627e+03	4.053000e+02	1.877498e+03	1.030000e+01	206	0	0	5180	6.360363e+03	1.025000e+01	205	4.953980e-02	2.654786e-01	1.025000e+01	205	6.123132e-01	2.934576e-01	
1.035000e+01	207	5886	5.194627e+03	7.982000e+02	1.877498e+03	1.040000e+01	208	0	0	6747	6.360363e+03	1.035000e+01	207	1.194159e-01	2.654786e-01	1.035000e+01	207	4.976622e-01	2.934576e-01	
1.045000e+01	209	6479	5.194627e+03	1227	1.877498e+03	1.050000e+01	210	0	0	4836	6.360363e+03	1.045000e+01	209	1.592266e-01	2.654786e-01	1.045000e+01	209	6.144156e-01	2.934576e-01	
1.055000e+01	211	6976	5.194627e+03	1233	1.877498e+03	1.060000e+01	212	0	0	7046	6.360363e+03	1.055000e+01	211	1.502010e-01	2.654786e-01	1.055000e+01	211	5.381186e-01	2.934576e-01	
1.065000e+01	213	7529	5.194627e+03	6.617000e+02	1.877498e+03	1.070000e+01	214	0	0	5644	6.360363e+03	1.065000e+01	213	8.078675e-02	2.654786e-01	1.065000e+01	213	5.920403e-01	2.934576e-01	
1.075000e+01	215	6332	5.194627e+03	1.123000e+02	1.877498e+03	1.080000e+01	216	0	0	7234	6.360363e+03	1.075000e+01	215	1.742625e-02	2.654786e-01	1.075000e+01	215	4.711331e-01	2.934576e-01	
1.085000e+01	217	5038	5.194627e+03	1183	1.877498e+03	1.090000e+01	218	0	0	5946	6.360363e+03	1.085000e+01	217	1.901624e-01	2.654786e-01	1.085000e+01	217	5.113011e-01	2.934576e-01	
1.095000e+01	219	6179	5.194627e+03	9.062000e+02	1.877498e+03	11	220	0	0	6860	6.360363e+03	1.095000e+01	219	1.279004e-01	2.654786e-01	1.095000e+01	219	5.080745e-01	2.934576e-01	
1.105000e+01	221	7299	5.194627e+03	9.382000e+02	1.877498e+03	1.110000e+01	222	0	0	6988	6.360363e+03	1.105000e+01	221	1.138979e-01	2.654786e-01	1.105000e+01	221	5.410241e-01	2.934576e-01	
1.115000e+01	223	6401	5.194627e+03	5.544000e+02	1.877498e+03	1.120000e+01	224	0	0	7318	6.360363e+03	1.115000e+01	223	7.970785e-02	2.654786e-01	1.115000e+01	223	4.872981e-01	2.934576e-01	
1.125000e+01	225	4211	5.194627e+03	3208	1.877498e+03	1.130000e+01	226	0	0	5382	6.360363e+03	1.125000e+01	225	4.324033e-01	2.654786e-01	1.125000e+01	225	5.795641e-01	2.934576e-01	
1.135000e+01	227	3704	5.194627e+03	2955	1.877498e+03	1.140000e+01	228	0	0	6475	6.360363e+03	1.135000e+01	227	4.437603e-01	2.654786e-01	1.135000e+01	227	5.070047e-01	2.934576e-01	
1.145000e+01	229	-108	7.642361e+02	6206	6.224318e+03	1.150000e+01	230	0	0	6703	6.360363e+03	1.145000e+01	229	1.017711e+00	8.906446e-01	1.145000e+01	229	4.763690e-01	5.235297e-01	
1.155000e+01	231	1475	7.642361e+02	6227	6.224318e+03	1.160000e+01	232	0	0	5814	6.360363e+03	1.155000e+01	231	8.084913e-01	8.906446e-01	1.155000e+01	231	5.698431e-01	5.235297e-01	
1.165000e+01	233	5.997000e+02	7.642361e+02	6678	6.224318e+03	1.170000e+01	234	0	0	7344	6.360363e+03	1.165000e+01	233	9.175976e-01	8.906446e-01	1.165000e+01	233	4.977328e-01	5.235297e-01	
1.175000e+01	235	1035	7.642361e+02	6446	6.224318e+03	1.180000e+01	236	0	0	7670	6.360363e+03	1.175000e+01	235	8.616495e-01	8.906446e-01	1.175000e+01	235	4.937628e-01	5.235297e-01	
1.185000e+01	237	2734	5.194627e+03	4335	1.877498e+03	1.190000e+01	238	0	0	6424	6.360363e+03	1.185000e+01	237	6.132409e-01	2.654786e-01	1.185000e+01	237	5.239013e-01	5.264941e-01	
1.195000e+01	239	2858	5.194627e+03	2469	1.877498e+03	12	240	0	0	5424	6.360363e+03	1.195000e+01	239	4.634879e-01	2.654786e-01	1.195000e+01	239	4.954888e-01	5.264941e-01	
1.205000e+01	241	4077	5.194627e+03	2823	1.877498e+03	1.210000e+01	242	0	0	5632	6.360363e+03	1.205000e+01	241	4.091304e-01	2.654786e-01	1.205000e+01	241	5.505905e-01	5.264941e-01	
1.215000e+01	243	3437	5.194627e+03	3416	1.877498e+03	1.220000e+01	244	0	0	7943	6.360363e+03	1.215000e+01	243	4.984678e-01	2.654786e-01	1.215000e+01	243	4.631657e-01	5.264941e-01	
1.225000e+01	245	3526	5.194627e+03	3924	1.877498e+03	1.230000e+01	246	0	0	5431	6.360363e+03	1.225000e+01	245	5.267114e-01	2.654786e-01	1.225000e+01	245	5.783712e-01	5.264941e-01	
1.235000e+01	247	3740	5.194627e+03	3887	1.877498e+03	1.240000e+01	248	0	0	6997	6.360363e+03	1.235000e+01	247	5.096368e-01	2.654786e-01	1.235000e+01	247	5.215399e-01	5.264941e-01	
1.245000e+01	249	2759	5.194627e+03	4518	6.224318e+03	1.250000e+01	250	0	0	6678	6.360363e+03	1.245000e+01	249	6.208602e-01	2.654786e-01	1.245000e+01	249	5.214618e-01	6.422604e-01	
1.255000e+01	251	1230	7.642361e+02	6438	6.224318e+03	1.260000e+01	252	0	0	6150	6.360363e+03	1.255000e+01	251	8.395931e-01	8.906446e-01	1.255000e+01	251	5.549284e-01	6.422604e-01	
1.265000e+01	253	4.479000e+02	7.642361e+02	5902	6.224318e+03	1.270000e+01	254	0	0	5863	6.360363e+03	1.265000e+01	253	9.294635e-01	8.906446e-01	1.265000e+01	253	5.199338e-01	6.422604e-01	
1.275000e+01	255	7.112000e+02	7.642361e+02	7302	6.224318e+03	1.280000e+01	256	0	0	6570	6.360363e+03	1.275000e+01	255	9.112464e-01	8.906446e-01	1.275000e+01	255	5.494816e-01	6.422604e-01	
1.285000e+01	257	-3.556000e+02	7.642361e+02	6595	6.224318e+03	1.290000e+01	258	0	0	6972	6.360363e+03	1.285000e+01	257	1.056993e+00	8.906446e-01	1.285000e+01	257	4.722739e-01	6.422604e-01	
1.295000e+01	259	1077	7.642361e+02	4544	6.224318e+03	13	260	0	0	7720	6.360363e+03	1.295000e+01	259	8.083971e-01	8.906446e-01	1.295000e+01	259	4.213327e-01	6.422604e-01	
1.305000e+01	261	-131	7.642361e+02	6052	6.224318e+03	1.310000e+01	262	0	0	7632	6.360363e+03	1.305000e+01	261	1.022125e+00	8.906446e-01	1.305000e+01	261	4.368774e-01	6.422604e-01	
1.315000e+01	263	8.446000e+02	7.642361e+02	6507	6.224318e+03	1.320000e+01	264	0	0	6868	6.360363e+03	1.315000e+01	263	8.851134e-01	8.906446e-01	1.315000e+01	263	5.170047e-01	6.422604e-01	
1.325000e+01	265	9.546000e+02	7.642361e+02	6814	6.224318e+03	1.330000e+01	266	0	0	4376	6.360363e+03	1.325000e+01	265	8.771207e-01	8.906446e-01	1.325000e+01	265	6.396752e-01	6.422604e-01	
1.335000e+01	267	5.666000e+02	7.642361e+02	7361	6.224318e+03	1.340000e+01	268	0	0	6291	6.360363e+03	1.335000e+01	267	9.285282e-01	8.906446e-01	1.335000e+01	267	5.575514e-01	6.422604e-01	
1.345000e+01	269	2.254000e+02	7.642361e+02	6272	6.224318e+03	1.350000e+01	270	0	0	4574	6.360363e+03	1.345000e+01	269	9.653092e-01	8.906446e-01	1.345000e+01	269	5.868634e-01	6.422604e-01	
1.355000e+01	271	3.835000e+02	7.642361e+02	7325	6.224318e+03	1.360000e+01	272	0	0	5084	6.360363e+03	1.355000e+01	271	9.502497e-01	8.906446e-01	1.355000e+01	271	6.025796e-01	6.422604e-01	
1.365000e+01	273	7.606000e+02	7.642361e+02	4642	6.224318e+03	1.370000e+01	274	0	0	6937	6.360363e+03	1.365000e+01	273	8.592159e-01	8.906446e-01	1.365000e+01	273	4.378262e-01	6.422604e-01	
1.375000e+01	275	1375	7.642361e+02	3920	6.224318e+03	1.380000e+01	276	0	0	6372	6.360363e+03	1.375000e+01	275	7.403211e-01	8.906446e-01	1.375000e+01	275	4.538442e-01	6.422604e-01	
1.385000e+01	277	9.354000e+02	7.642361e+02	8889	6.224318e+03	1.390000e+01	278	0	0	7044	6.360363e+03	1.385000e+01	277	9.047881e-01	8.906446e-01	1.385000e+01	277	5.824145e-01	6.422604e-01	
1.395000e+01	279	1000	7.642361e+02	5977	6.224318e+03	14	280	0	0	7132	6.360363e+03	1.395000e+01	279	8.566719e-01	8.906446e-01	1.395000e+01	279	4.945071e-01	6.422604e-01	
1.405000e+01	281	4.433000e+02	7.642361e+02	6865	6.224318e+03	1.410000e+01	282	0	0	7341	6.360363e+03	1.405000e+01	281	9.393429e-01	8.906446e-01	1.405000e+01	281	4.988839e-01	6.422604e-01	
1.415000e+01	283	8.484000e+02	7.642361e+02	6099	6.224318e+03	1.420000e+01	284	0	0	7041	6.360363e+03	1.415000e+01	283	8.778824e-01	8.906446e-01	1.415000e+01	283	4.966544e-01	6.422604e-01	
1.425000e+01	285	1551	7.642361e+02	5684	6.224318e+03	1.430000e+01	286	0	0	6311	6.360363e+03	1.425000e+01	285	7.856254e-01	8.906446e-01	1.425000e+01	285	5.341060e-01	6.422604e-01	
1.435000e+01	287	4.548000e+02	7.642361e+02	4297	6.224318e+03	1.440000e+01	288	0	0	7516	6.360363e+03	1.435000e+01	287	9.042889e-01	8.906446e-01	1.435000e+01	287	3.873392e-01	6.422604e-01	
1.445000e+01	289	509	7.642361e+02	5565	6.224318e+03	1.450000e+01	290	0	0	6070	6.360363e+03	1.445000e+01	289	9.162002e-01	8.906446e-01	1.445000e+01	289	5.001647e-01	6.422604e-01	
1.455000e+01	291	4602	5.194627e+03	2098	1.877498e+03	1.460000e+01	292	0	0	5860	6.360363e+03	1.455000e+01	291	3.131343e-01	2.654786e-01	1.455000e+01	291	5.334395e-01	5.264941e-01	
1.465000e+01	293	6728	5.194627e+03	9.967000e+02	1.877498e+03	1.470000e+01	294	0	0	7733	6.360363e+03	1.465000e+01	293	1.290277e-01	2.654786e-01	1.465000e+01	293	4.997315e-01	5.264941e-01	
1.475000e+01	295	5407	5.194627e+03	-5.081000e+02	1.877498e+03	1.480000e+01	296	0	0	7025	6.360363e+03	1.475000e+01	295	-1.037172e-01	2.654786e-01	1.475000e+01	295	4.108471e-01	5.264941e-01	
1.485000e+01	297	5878	5.194627e+03	681	1.877498e+03	1.490000e+01	298	0	0	6313	6.360363e+03	1.485000e+01	297	1.038268e-01	2.654786e-01	1.485000e+01	297	5.095556e-01	5.264941e-01	
1.495000e+01	299	5653	5.194627e+03	1145	1.877498e+03	15	300	0	0	6496	6.360363e+03	1.495000e+01	299	1.684319e-01	2.654786e-01	1.495000e+01	299	5.113585e-01	5.264941e-01	
1.505000e+01	301	6375	5.194627e+03	1109	1.877498e+03	1.510000e+01	302	0	0	6329	6.360363e+03	1.505000e+01	301	1.481828e-01	2.654786e-01	1.505000e+01	301	5.418084e-01	5.264941e-01	
1.515000e+01	303	7216	5.194627e+03	-5.058000e+02	1.877498e+03	1.520000e+01	304	0	0	5334	6.360363e+03	1.515000e+01	303	-7.537778e-02	2.654786e-01	1.515000e+01	303	5.571312e-01	5.264941e-01	
1.525000e+01	305	6372	5.194627e+03	3.308000e+02	1.877498e+03	1.530000e+01	306	0	0	7025	6.360363e+03	1.525000e+01	305	4.935251e-02	2.654786e-01	1.525000e+01	305	4.882647e-01	5.264941e-01	
1.535000e+01	307	5722	5.194627e+03	936	1.877498e+03	1.540000e+01	308	0	0	6755	6.360363e+03	1.535000e+01	307	1.405828e-01	2.654786e-01	1.535000e+01	307	4.963841e-01	5.264941e-01	
1.545000e+01	309	5663	5.194627e+03	1675	1.877498e+03	1.550000e+01	310	0	0	4474	6.360363e+03	1.545000e+01	309	2.282638e-01	2.654786e-01	1.545000e+01	309	6.212326e-01	5.264941e-01	
1.555000e+01	311	4461	5.194627e+03	3363	1.877498e+03	1.560000e+01	312	0	0	5082	6.360363e+03	1.555000e+01	311	4.298313e-01	2.654786e-01	1.555000e+01	311	6.062297e-01	5.264941e-01	
1.565000e+01	313	3275	5.194627e+03	3523	1.877498e+03	1.570000e+01	314	0	0	7110	6.360363e+03	1.565000e+01	313	5.182407e-01	2.654786e-01	1.565000e+01	313	4.887834e-01	5.264941e-01	
1.575000e+01	315	3356	5.194627e+03	4315	1.877498e+03	1.580000e+01	316	0	0	7465	6.360363e+03	1.575000e+01	315	5.625081e-01	2.654786e-01	1.575000e+01	315	5.068050e-01	5.264941e-01	
1.585000e+01	317	4031	5.194627e+03	3047	1.877498e+03	1.590000e+01	318	0	0	6627	6.360363e+03	1.585000e+01	317	4.304888e-01	2.654786e-01	1.585000e+01	317	5.164538e-01	5.264941e-01	
1.595000e+01	319	1277	7.642361e+02	6107	6.224318e+03	16	320	0	0	7857	6.360363e+03	1.595000e+01	319	8.270585e-01	8.906446e-01	1.595000e+01	319	4.844826e-01	5.235297e-01	
1.605000e+01	321	3.006000e+02	7.642361e+02	6464	6.224318e+03	1.610000e+01	322	0	0	5954	6.360363e+03	1.605000e+01	321	9.555628e-01	8.906446e-01	1.605000e+01	321	5.318667e-01	5.235297e-01	
1.615000e+01	323	1239	7.642361e+02	7481	6.224318e+03	1.620000e+01	324	0	0	7326	6.360363e+03	1.615000e+01	323	8.579128e-01	8.906446e-01	1.615000e+01	323	5.434376e-01	5.235297e-01	
1.625000e+01	325	7.741000e+01	7.642361e+02	6410	6.224318e+03	1.630000e+01	326	0	0	7365	6.360363e+03	1.625000e+01	325	9.880677e-01	8.906446e-01	1.625000e+01	325	4.683236e-01	5.235297e-01	
1.635000e+01	327	1.515000e+02	7.642361e+02	5868	6.224318e+03	1.640000e+01	328	0	0	7216	6.360363e+03	1.635000e+01	327	9.748318e-01	8.906446e-01	1.635000e+01	327	4.547996e-01	5.235297e-01	
1.645000e+01	329	3.725000e+02	7.642361e+02	5925	6.224318e+03	1.650000e+01	330	0	0	6226	6.360363e+03	1.645000e+01	329	9.408495e-01	8.906446e-01	1.645000e+01	329	5.028546e-01	5.235297e-01	
1.655000e+01	331	1275	7.642361e+02	5681	6.224318e+03	1.660000e+01	332	0	0	7425	6.360363e+03	1.655000e+01	331	8.167050e-01	8.906446e-01	1.655000e+01	331	4.836938e-01	5.235297e-01	
1.665000e+01	333	1416	7.642361e+02	5238	6.224318e+03	1.670000e+01	334	0	0	4891	6.360363e+03	1.665000e+01	333	7.871957e-01	8.906446e-01	1.665000e+01	333	5.763534e-01	5.235297e-01	
1.675000e+01	335	6.713000e+02	7.642361e+02	5499	6.224318e+03	1.680000e+01	336	0	0	5628	6.360363e+03	1.675000e+01	335	8.912046e-01	8.906446e-01	1.675000e+01	335	5.229821e-01	5.235297e-01	
1.685000e+01	337	4.886000e+02	7.642361e+02	5573	6.224318e+03	1.690000e+01	338	0	0	4947	6.360363e+03	1.685000e+01	337	9.193942e-01	8.906446e-01	1.685000e+01	337	5.506241e-01	5.235297e-01	
1.695000e+01	339	1125	7.642361e+02	6064	6.224318e+03	17	340	0	0	3642	6.360363e+03	1.695000e+01	339	8.435109e-01	8.906446e-01	1.695000e+01	339	6.637430e-01	5.235297e-01	
1.705000e+01	341	5.264000e+02	7.642361e+02	6267	6.224318e+03	1.710000e+01	342	0	0	6432	6.360363e+03	1.705000e+01	341	9.225130e-01	8.906446e-01	1.705000e+01	341	5.136631e-01	5.235297e-01	
1.715000e+01	343	2.214000e+02	7.642361e+02	6215	6.224318e+03	1.720000e+01	344	0	0	5277	6.360363e+03	1.715000e+01	343	9.656019e-01	8.906446e-01	1.715000e+01	343	5.494903e-01	5.235297e-01	
1.725000e+01	345	8.281000e+00	7.642361e+02	6256	6.224318e+03	1.730000e+01	346	0	0	5330	6.360363e+03	1.725000e+01	345	9.986781e-01	8.906446e-01	1.725000e+01	345	5.402906e-01	5.235297e-01	
1.735000e+01	347	2.244000e+02	7.642361e+02	6464	6.224318e+03	1.740000e+01	348	0	0	5807	6.360363e+03	1.735000e+01	347	9.664494e-01	8.906446e-01	1.735000e+01	347	5.352690e-01	5.235297e-01	
1.745000e+01	349	1.784000e+02	7.642361e+02	7036	6.224318e+03	1.750000e+01	350	0	0	6295	6.360363e+03	1.745000e+01	349	9.752717e-01	8.906446e-01	1.745000e+01	349	5.340282e-01	5.235297e-01	
1.755000e+01	351	1204	7.642361e+02	6013	6.224318e+03	1.760000e+01	352	0	0	6401	6.360363e+03	1.755000e+01	351	8.331717e-01	8.906446e-01	1.755000e+01	351	5.299603e-01	5.235297e-01	
1.765000e+01	353	-3.143000e+02	7.642361e+02	6590	6.224318e+03	1.770000e+01	354	0	0	5832	6.360363e+03	1.765000e+01	353	1.050082e+00	8.906446e-01	1.765000e+01	353	5.183231e-01	5.235297e-01	
1.775000e+01	355	1094	7.642361e+02	6850	6.224318e+03	1.780000e+01	356	0	0	7665	6.360363e+03	1.775000e+01	355	8.622860e-01	8.906446e-01	1.775000e+01	355	5.089372e-01	5.235297e-01	
1.785000e+01	357	6.262000e+02	7.642361e+02	6137	6.224318e+03	1.790000e+01	358	0	0	5767	6.360363e+03	1.785000e+01	357	9.074107e-01	8.906446e-01	1.785000e+01	357	5.397520e-01	5.235297e-01	
1.795000e+01	359	4.682000e+02	7.642361e+02	5733	6.224318e+03	18	360	0	0	7462	6.360363e+03	1.795000e+01	359	9.244985e-01	8.906446e-01	1.795000e+01	359	4.538615e-01	5.235297e-01	
1.805000e+01	361	4.928000e+02	7.642361e+02	7536	6.224318e+03	1.810000e+01	362	0	0	6003	6.360363e+03	1.805000e+01	361	9.386210e-01	8.906446e-01	1.805000e+01	361	5.721860e-01	5.235297e-01	
1.815000e+01	363	2.064000e+02	7.642361e+02	7543	6.224318e+03	1.820000e+01	364	0	0	6797	6.360363e+03	1.815000e+01	363	9.733657e-01	8.906446e-01	1.815000e+01	363	5.327366e-01	5.235297e-01	
1.825000e+01	365	1.033000e+02	7.642361e+02	6965	6.224318e+03	1.830000e+01	366	0	0	6608	6.360363e+03	1.825000e+01	365	9.853855e-01	8.906446e-01	1.825000e+01	365	5.168284e-01	5.235297e-01	
1.835000e+01	367	694	7.642361e+02	6344	6.224318e+03	1.840000e+01	368	0	0	6659	6.360363e+03	1.835000e+01	367	9.013924e-01	8.906446e-01	1.835000e+01	367	5.138351e-01	5.235297e-01	
1.845000e+01	369	7.795000e+02	7.642361e+02	7465	6.224318e+03	1.850000e+01	370	0	0	5153	6.360363e+03	1.845000e+01	369	9.054521e-01	8.906446e-01	1.845000e+01	369	6.153760e-01	5.235297e-01	
1.855000e+01	371	7.229000e+02	7.642361e+02	4879	6.224318e+03	1.860000e+01	372	0	0	7130	6.360363e+03	1.855000e+01	371	8.709545e-01	8.906446e-01	1.855000e+01	371	4.399893e-01	5.235297e-01	
1.865000e+01	373	6.135000e+02	7.642361e+02	6904	6.224318e+03	1.870000e+01	374	0	0	7419	6.360363e+03	1.865000e+01	373	9.183904e-01	8.906446e-01	1.865000e+01	373	5.032973e-01	5.235297e-01	
1.875000e+01	375	1115	7.642361e+02	7939	6.224318e+03	1.880000e+01	376	0	0	5715	6.360363e+03	1.875000e+01	375	8.768500e-01	8.906446e-01	1.875000e+01	375	6.130408e-01	5.235297e-01	
1.885000e+01	377	2258	7.642361e+02	5628	6.224318e+03	1.890000e+01	378	0	0	7522	6.360363e+03	1.885000e+01	377	7.136698e-01	8.906446e-01	1.885000e+01	377	5.118120e-01	5.235297e-01	
1.895000e+01	379	1062	7.642361e+02	7079	6.224318e+03	19	380	0	0	7034	6.360363e+03	1.895000e+01	379	8.695492e-01	8.906446e-01	1.895000e+01	379	5.364745e-01	5.235297e-01	
1.905000e+01	381	7.798000e+02	7.642361e+02	6071	6.224318e+03	1.910000e+01	382	0	0	4958	6.360363e+03	1.905000e+01	381	8.861739e-01	8.906446e-01	1.905000e+01	381	5.801436e-01	5.235297e-01	
1.915000e+01	383	5.013000e+02	7.642361e+02	6427	6.224318e+03	1.920000e+01	384	0	0	5559	6.360363e+03	1.915000e+01	383	9.276446e-01	8.906446e-01	1.915000e+01	383	5.548277e-01	5.235297e-01	
1.925000e+01	385	7.923000e+02	7.642361e+02	7294	6.224318e+03	1.930000e+01	386	0	0	6793	6.360363e+03	1.925000e+01	385	9.020195e-01	8.906446e-01	1.925000e+01	385	5.434597e-01	5.235297e-01	
1.935000e+01	387	1.013000e+02	7.642361e+02	4345	6.224318e+03	1.940000e+01	388	0	0	5387	6.360363e+03	1.935000e+01	387	9.772170e-01	8.906446e-01	1.935000e+01	387	4.521676e-01	5.235297e-01	
1.945000e+01	389	1352	7.642361e+02	4878	6.224318e+03	1.950000e+01	390	0	0	5897	6.360363e+03	1.945000e+01	389	7.829856e-01	8.906446e-01	1.945000e+01	389	5.137297e-01	5.235297e-01	
1.955000e+01	391	4618	5.194627e+03	2405	1.877498e+03	1.960000e+01	392	0	0	7178	6.360363e+03	1.955000e+01	391	3.424462e-01	2.654786e-01	1.955000e+01	391	4.945426e-01	5.264941e-01	
1.965000e+01	393	2624	5.194627e+03	2625	1.877498e+03	1.970000e+01	394	0	0	7584	6.360363e+03	1.965000e+01	393	5.000953e-01	2.654786e-01	1.965000e+01	393	4.090236e-01	5.264941e-01	
1.975000e+01	395	3872	5.194627e+03	2963	1.877498e+03	1.980000e+01	396	0	0	7721	6.360363e+03	1.975000e+01	395	4.335040e-01	2.654786e-01	1.975000e+01	395	4.695658e-01	5.264941e-01	
1.985000e+01	397	2845	5.194627e+03	4352	1.877498e+03	1.990000e+01	398	0	0	6798	6.360363e+03	1.985000e+01	397	6.046964e-01	2.654786e-01	1.985000e+01	397	5.142551e-01	5.264941e-01	
1.995000e+01	399	2735	5.194627e+03	4037	1.877498e+03	20	400	0	0	6858	6.360363e+03	1.995000e+01	399	5.961311e-01	2.654786e-01	1.995000e+01	399	4.968452e-01	5.264941e-01	
2.005000e+01	401	4466	5.194627e+03	3414	1.877498e+03	2.010000e+01	402	0	0	5931	6.360363e+03	2.005000e+01	401	4.332487e-01	2.654786e-01	2.005000e+01	401	5.705597e-01	5.264941e-01	
2.015000e+01	403	4.477000e+02	7.642361e+02	7425	6.224318e+03	2.020000e+01	404	0	0	6827	6.360363e+03	2.015000e+01	403	9.431326e-01	8.906446e-01	2.015000e+01	403	5.355688e-01	5.235297e-01	
2.025000e+01	405	1374	7.642361e+02	6608	6.224318e+03	2.030000e+01	406	0	0	7234	6.360363e+03	2.025000e+01	405	8.278627e-01	8.906446e-01	2.025000e+01	405	5.245794e-01	5.235297e-01	
2.035000e+01	407	6.631000e+02	7.642361e+02	5471	6.224318e+03	2.040000e+01	408	0	0	5234	6.360363e+03	2.035000e+01	407	8.918994e-01	8.906446e-01	2.035000e+01	407	5.395888e-01	5.235297e-01	
2.045000e+01	409	3.668000e+02	7.642361e+02	6157	6.224318e+03	2.050000e+01	410	0	0	6861	6.360363e+03	2.045000e+01	409	9.437751e-01	8.906446e-01	2.045000e+01	409	4.874036e-01	5.235297e-01	
2.055000e+01	411	1503	7.642361e+02	5468	6.224318e+03	2.060000e+01	412	0	0	5575	6.360363e+03	2.055000e+01	411	7.843925e-01	8.906446e-01	2.055000e+01	411	5.556353e-01	5.235297e-01	
2.065000e+01	413	5.373000e+02	7.642361e+02	6938	6.224318e+03	2.070000e+01	414	0	0	4885	6.360363e+03	2.065000e+01	413	9.281233e-01	8.906446e-01	2.065000e+01	413	6.047831e-01	5.235297e-01	
2.075000e+01	415	720	7.642361e+02	7748	6.224318e+03	2.080000e+01	416	0	0	5194	6.360363e+03	2.075000e+01	415	9.149740e-01	8.906446e-01	2.075000e+01	415	6.198214e-01	5.235297e-01	
2.085000e+01	417	7.843000e+02	7.642361e+02	5697	6.224318e+03	2.090000e+01	418	0	0	5431	6.360363e+03	2.085000e+01	417	8.789903e-01	8.906446e-01	2.085000e+01	417	5.440847e-01	5.235297e-01	
2.095000e+01	419	3.505000e+01	7.642361e+02	4687	6.224318e+03	21	420	0	0	6567	6.360363e+03	2.095000e+01	419	9.925774e-01	8.906446e-01	2.095000e+01	419	4.182859e-01	5.235297e-01	
2.105000e+01	421	7.884000e+02	7.642361e+02	4608	6.224318e+03	2.110000e+01	422	0	0	6795	6.360363e+03	2.105000e+01	421	8.539026e-01	8.906446e-01	2.105000e+01	421	4.426399e-01	5.235297e-01	
2.115000e+01	423	5.479000e+02	7.642361e+02	6077	6.224318e+03	2.120000e+01	424	0	0	7541	6.360363e+03	2.115000e+01	423	9.172969e-01	8.906446e-01	2.115000e+01	423	4.676653e-01	5.235297e-01	
2.125000e+01	425	9.907000e+01	7.642361e+02	6999	6.224318e+03	2.130000e+01	426	0	0	5891	6.360363e+03	2.125000e+01	425	9.860427e-01	8.906446e-01	2.125000e+01	425	5.464648e-01	5.235297e-01	
2.135000e+01	427	9.102000e+00	7.642361e+02	6639	6.224318e+03	2.140000e+01	428	0	0	7312	6.360363e+03	2.135000e+01	427	9.986309e-01	8.906446e-01	2.135000e+01	427	4.762216e-01	5.235297e-01	
2.145000e+01	429	1597	7.642361e+02	5904	6.224318e+03	2.150000e+01	430	0	0	6034	6.360363e+03	2.145000e+01	429	7.870951e-01	8.906446e-01	2.145000e+01	429	5.541928e-01	5.235297e-01	
2.155000e+01	431	5.362000e+01	7.642361e+02	7281	6.224318e+03	2.160000e+01	432	0	0	5892	6.360363e+03	2.155000e+01	431	9.926895e-01	8.906446e-01	2.155000e+01	431	5.545347e-01	5.235297e-01	
2.165000e+01	433	1037	7.642361e+02	6391	6.224318e+03	2.170000e+01	434	0	0	7465	6.360363e+03	2.165000e+01	433	8.603931e-01	8.906446e-01	2.165000e+01	433	4.987578e-01	5.235297e-01	
2.175000e+01	435	5.428000e+02	7.642361e+02	6625	6.224318e+03	2.180000e+01	436	0	0	4755	6.360363e+03	2.175000e+01	435	9.242724e-01	8.906446e-01	2.175000e+01	435	6.011843e-01	5.235297e-01	
2.185000e+01	437	2049	7.642361e+02	5024	6.224318e+03	2.190000e+01	438	0	0	5474	6.360363e+03	2.185000e+01	437	7.103068e-01	8.906446e-01	2.185000e+01	437	5.637204e-01	5.235297e-01	
2.195000e+01	439	1608	7.642361e+02	6470	6.224318e+03	22	440	0	0	7216	6.360363e+03	2.195000e+01	439	8.009408e-01	8.906446e-01	2.195000e+01	439	5.281810e-01	5.235297e-01	
2.205000e+01	441	1.349000e+02	7.642361e+02	5659	6.224318e+03	2.210000e+01	442	0	0	6393	6.360363e+03	2.205000e+01	441	9.767169e-01	8.906446e-01	2.205000e+01	441	4.754203e-01	5.235297e-01	
2.215000e+01	443	-3.848000e+02	7.642361e+02	6987	6.224318e+03	2.220000e+01	444	0	0	5701	6.360363e+03	2.215000e+01	443	1.058284e+00	8.906446e-01	2.215000e+01	443	5.366246e-01	5.235297e-01	
2.225000e+01	445	1438	7.642361e+02	5407	6.224318e+03	2.230000e+01	446	0	0	4478	6.360363e+03	2.225000e+01	445	7.899196e-01	0	2.225000e+01	445	6.045218e-01	0	
