time at 532nm	frame at 532nm	I_1 at 532nm(counts)	discr.I_1 at 532nm(counts)	I_2 at 532nm(counts)	discr.I_2 at 532nm(counts)	time at 638nm	frame at 638nm	I_1 at 638nm(counts)	discr.I_1 at 638nm(counts)	I_2 at 638nm(counts)	discr.I_2 at 638nm(counts)	time at 532nm	frame at 532nm	FRET_1>2	discr.FRET_1>2	time at 532nm	frame at 532nm	S_1>2	discr.S_1>2	
5.000000e-02	1	5886	6.451038e+03	1561	5.393311e+02	1.000000e-01	2	0	0	5970	7.280214e+03	5.000000e-02	1	2.096146e-01	7.715345e-02	5.000000e-02	1	5.550421e-01	4.898447e-01	
1.500000e-01	3	5803	6.451038e+03	4.633000e+02	5.393311e+02	2.000000e-01	4	0	0	7535	7.280214e+03	1.500000e-01	3	7.393518e-02	7.715345e-02	1.500000e-01	3	4.540369e-01	4.898447e-01	
2.500000e-01	5	4648	6.451038e+03	2136	5.393311e+02	3.000000e-01	6	0	0	7434	7.280214e+03	2.500000e-01	5	3.148585e-01	7.715345e-02	2.500000e-01	5	4.771417e-01	4.898447e-01	
3.500000e-01	7	1675	6.992459e+02	7521	7.852190e+03	4.000000e-01	8	0	0	6479	7.280214e+03	3.500000e-01	7	8.178556e-01	9.182306e-01	3.500000e-01	7	5.866667e-01	5.401481e-01	
4.500000e-01	9	1005	6.992459e+02	8407	7.852190e+03	5.000000e-01	10	0	0	8006	7.280214e+03	4.500000e-01	9	8.932214e-01	9.182306e-01	4.500000e-01	9	5.403605e-01	5.401481e-01	
5.500000e-01	11	6.554000e+02	6.992459e+02	6375	7.852190e+03	6.000000e-01	12	0	0	6529	7.280214e+03	5.500000e-01	11	9.067763e-01	9.182306e-01	5.500000e-01	11	5.184890e-01	5.401481e-01	
6.500000e-01	13	1238	6.992459e+02	9480	7.852190e+03	7.000000e-01	14	0	0	7014	7.280214e+03	6.500000e-01	13	8.844934e-01	9.182306e-01	6.500000e-01	13	6.044439e-01	5.401481e-01	
7.500000e-01	15	5.861000e+02	6.992459e+02	7903	7.852190e+03	8.000000e-01	16	0	0	7207	7.280214e+03	7.500000e-01	15	9.309585e-01	9.182306e-01	7.500000e-01	15	5.408414e-01	5.401481e-01	
8.500000e-01	17	1375	6.992459e+02	8061	7.852190e+03	9.000000e-01	18	0	0	8119	7.280214e+03	8.500000e-01	17	8.542815e-01	9.182306e-01	8.500000e-01	17	5.375107e-01	5.401481e-01	
9.500000e-01	19	1292	6.992459e+02	7455	7.852190e+03	1	20	0	0	6623	7.280214e+03	9.500000e-01	19	8.522922e-01	9.182306e-01	9.500000e-01	19	5.690956e-01	5.401481e-01	
1.050000e+00	21	1.673000e+02	6.992459e+02	8188	7.852190e+03	1.100000e+00	22	0	0	8301	7.280214e+03	1.050000e+00	21	9.799768e-01	9.182306e-01	1.050000e+00	21	5.016300e-01	5.401481e-01	
1.150000e+00	23	1238	6.992459e+02	8053	7.852190e+03	1.200000e+00	24	0	0	7276	7.280214e+03	1.150000e+00	23	8.667528e-01	9.182306e-01	1.150000e+00	23	5.608137e-01	5.401481e-01	
1.250000e+00	25	1858	6.992459e+02	6734	7.852190e+03	1.300000e+00	26	0	0	6207	7.280214e+03	1.250000e+00	25	7.837523e-01	9.182306e-01	1.250000e+00	25	5.805798e-01	5.401481e-01	
1.350000e+00	27	1.195000e+02	6.992459e+02	7284	7.852190e+03	1.400000e+00	28	0	0	7957	7.280214e+03	1.350000e+00	27	9.838590e-01	9.182306e-01	1.350000e+00	27	4.819830e-01	5.401481e-01	
1.450000e+00	29	3.898000e+02	6.992459e+02	7555	7.852190e+03	1.500000e+00	30	0	0	7508	7.280214e+03	1.450000e+00	29	9.509365e-01	9.182306e-01	1.450000e+00	29	5.141334e-01	5.401481e-01	
1.550000e+00	31	1378	6.992459e+02	8135	7.852190e+03	1.600000e+00	32	0	0	7928	7.280214e+03	1.550000e+00	31	8.551456e-01	9.182306e-01	1.550000e+00	31	5.454389e-01	5.401481e-01	
1.650000e+00	33	8749	6.451038e+03	1117	5.393311e+02	1.700000e+00	34	0	0	8573	7.280214e+03	1.650000e+00	33	1.132171e-01	7.715345e-02	1.650000e+00	33	5.350616e-01	4.898447e-01	
1.750000e+00	35	8369	6.451038e+03	1053	5.393311e+02	1.800000e+00	36	0	0	7345	7.280214e+03	1.750000e+00	35	1.117597e-01	7.715345e-02	1.750000e+00	35	5.619371e-01	4.898447e-01	
1.850000e+00	37	6597	6.451038e+03	5.767000e+02	5.393311e+02	1.900000e+00	38	0	0	5357	7.280214e+03	1.850000e+00	37	8.039087e-02	7.715345e-02	1.850000e+00	37	5.724900e-01	4.898447e-01	
1.950000e+00	39	6803	6.451038e+03	8.594000e+02	5.393311e+02	2	40	0	0	7216	7.280214e+03	1.950000e+00	39	1.121581e-01	7.715345e-02	1.950000e+00	39	5.150016e-01	4.898447e-01	
2.050000e+00	41	7195	6.451038e+03	-2.233000e+02	5.393311e+02	2.100000e+00	42	0	0	5703	7.280214e+03	2.050000e+00	41	-3.202949e-02	7.715345e-02	2.050000e+00	41	5.500485e-01	4.898447e-01	
2.150000e+00	43	7700	6.451038e+03	5.828000e+02	5.393311e+02	2.200000e+00	44	0	0	7040	7.280214e+03	2.150000e+00	43	7.036268e-02	7.715345e-02	2.150000e+00	43	5.405539e-01	4.898447e-01	
2.250000e+00	45	7105	6.451038e+03	-4.457000e+01	5.393311e+02	2.300000e+00	46	0	0	8950	7.280214e+03	2.250000e+00	45	-6.312647e-03	7.715345e-02	2.250000e+00	45	4.409894e-01	4.898447e-01	
2.350000e+00	47	6698	6.451038e+03	1.848000e+02	5.393311e+02	2.400000e+00	48	0	0	8270	7.280214e+03	2.350000e+00	47	2.684954e-02	7.715345e-02	2.350000e+00	47	4.542263e-01	4.898447e-01	
2.450000e+00	49	6194	6.451038e+03	5.469000e+02	5.393311e+02	2.500000e+00	50	0	0	7260	7.280214e+03	2.450000e+00	49	8.113160e-02	7.715345e-02	2.450000e+00	49	4.814619e-01	4.898447e-01	
2.550000e+00	51	7254	6.451038e+03	2.924000e+02	5.393311e+02	2.600000e+00	52	0	0	6926	7.280214e+03	2.550000e+00	51	3.874695e-02	7.715345e-02	2.550000e+00	51	5.214339e-01	4.898447e-01	
2.650000e+00	53	6508	6.451038e+03	1189	5.393311e+02	2.700000e+00	54	0	0	6933	7.280214e+03	2.650000e+00	53	1.544758e-01	7.715345e-02	2.650000e+00	53	5.261107e-01	4.898447e-01	
2.750000e+00	55	4943	6.451038e+03	1924	5.393311e+02	2.800000e+00	56	0	0	8233	7.280214e+03	2.750000e+00	55	2.801806e-01	7.715345e-02	2.750000e+00	55	4.547682e-01	4.898447e-01	
2.850000e+00	57	7298	6.451038e+03	235	5.393311e+02	2.900000e+00	58	0	0	4916	7.280214e+03	2.850000e+00	57	3.119607e-02	7.715345e-02	2.850000e+00	57	6.051088e-01	4.898447e-01	
2.950000e+00	59	6686	6.451038e+03	1.132000e+02	5.393311e+02	3	60	0	0	7039	7.280214e+03	2.950000e+00	59	1.664902e-02	7.715345e-02	2.950000e+00	59	4.913356e-01	4.898447e-01	
3.050000e+00	61	7586	6.451038e+03	1041	5.393311e+02	3.100000e+00	62	0	0	6667	7.280214e+03	3.050000e+00	61	1.206677e-01	7.715345e-02	3.050000e+00	61	5.640774e-01	4.898447e-01	
3.150000e+00	63	6927	6.451038e+03	1442	5.393311e+02	3.200000e+00	64	0	0	8009	7.280214e+03	3.150000e+00	63	1.723025e-01	7.715345e-02	3.150000e+00	63	5.109904e-01	4.898447e-01	
3.250000e+00	65	6637	6.451038e+03	-1.718000e+02	5.393311e+02	3.300000e+00	66	0	0	7390	7.280214e+03	3.250000e+00	65	-2.657304e-02	7.715345e-02	3.250000e+00	65	4.666262e-01	4.898447e-01	
3.350000e+00	67	7798	6.451038e+03	1.355000e+02	5.393311e+02	3.400000e+00	68	0	0	7277	7.280214e+03	3.350000e+00	67	1.707947e-02	7.715345e-02	3.350000e+00	67	5.215805e-01	4.898447e-01	
3.450000e+00	69	8359	6.451038e+03	8.382000e+02	5.393311e+02	3.500000e+00	70	0	0	8431	7.280214e+03	3.450000e+00	69	9.113643e-02	7.715345e-02	3.450000e+00	69	5.217322e-01	4.898447e-01	
3.550000e+00	71	6276	6.451038e+03	7.795000e+02	5.393311e+02	3.600000e+00	72	0	0	6612	7.280214e+03	3.550000e+00	71	1.104812e-01	7.715345e-02	3.550000e+00	71	5.162246e-01	4.898447e-01	
3.650000e+00	73	5521	6.451038e+03	1.662000e+02	5.393311e+02	3.700000e+00	74	0	0	6974	7.280214e+03	3.650000e+00	73	2.922352e-02	7.715345e-02	3.650000e+00	73	4.491833e-01	4.898447e-01	
3.750000e+00	75	8417	6.451038e+03	5.672000e+02	5.393311e+02	3.800000e+00	76	0	0	7480	7.280214e+03	3.750000e+00	75	6.313306e-02	7.715345e-02	3.750000e+00	75	5.456809e-01	4.898447e-01	
3.850000e+00	77	3563	6.451038e+03	3724	4.465111e+03	3.900000e+00	78	0	0	6677	7.280214e+03	3.850000e+00	77	5.110471e-01	7.715345e-02	3.850000e+00	77	5.218419e-01	5.999083e-01	
3.950000e+00	79	5.838000e+02	6.992459e+02	8959	7.852190e+03	4	80	0	0	7362	7.280214e+03	3.950000e+00	79	9.388230e-01	9.182306e-01	3.950000e+00	79	5.645024e-01	5.999083e-01	
4.050000e+00	81	1185	6.992459e+02	8428	7.852190e+03	4.100000e+00	82	0	0	5867	7.280214e+03	4.050000e+00	81	8.767294e-01	9.182306e-01	4.050000e+00	81	6.209948e-01	5.999083e-01	
4.150000e+00	83	-4.614000e+02	6.992459e+02	7847	7.852190e+03	4.200000e+00	84	0	0	6991	7.280214e+03	4.150000e+00	83	1.062473e+00	9.182306e-01	4.150000e+00	83	5.137237e-01	5.999083e-01	
4.250000e+00	85	1552	6.992459e+02	6846	7.852190e+03	4.300000e+00	86	0	0	8620	7.280214e+03	4.250000e+00	85	8.151941e-01	9.182306e-01	4.250000e+00	85	4.934775e-01	5.999083e-01	
4.350000e+00	87	5.387000e+01	6.992459e+02	9101	7.852190e+03	4.400000e+00	88	0	0	6671	7.280214e+03	4.350000e+00	87	9.941157e-01	9.182306e-01	4.350000e+00	87	5.784750e-01	5.999083e-01	
4.450000e+00	89	1483	6.992459e+02	7267	7.852190e+03	4.500000e+00	90	0	0	7668	7.280214e+03	4.450000e+00	89	8.305143e-01	9.182306e-01	4.450000e+00	89	5.329516e-01	5.999083e-01	
4.550000e+00	91	1483	6.992459e+02	7917	7.852190e+03	4.600000e+00	92	0	0	7207	7.280214e+03	4.550000e+00	91	8.422340e-01	9.182306e-01	4.550000e+00	91	5.660264e-01	5.999083e-01	
4.650000e+00	93	9.962000e+02	6.992459e+02	8991	7.852190e+03	4.700000e+00	94	0	0	7400	7.280214e+03	4.650000e+00	93	9.002523e-01	9.182306e-01	4.650000e+00	93	5.743996e-01	5.999083e-01	
4.750000e+00	95	3.444000e+02	6.992459e+02	7786	7.852190e+03	4.800000e+00	96	0	0	8161	7.280214e+03	4.750000e+00	95	9.576405e-01	9.182306e-01	4.750000e+00	95	4.990609e-01	5.999083e-01	
4.850000e+00	97	5.764000e+02	6.992459e+02	9147	7.852190e+03	4.900000e+00	98	0	0	6699	7.280214e+03	4.850000e+00	97	9.407203e-01	9.182306e-01	4.850000e+00	97	5.920815e-01	5.999083e-01	
4.950000e+00	99	2037	6.992459e+02	6957	7.852190e+03	5	100	0	0	9218	7.280214e+03	4.950000e+00	99	7.735157e-01	9.182306e-01	4.950000e+00	99	4.938502e-01	5.999083e-01	
5.050000e+00	101	7.805000e+02	6.992459e+02	6691	7.852190e+03	5.100000e+00	102	0	0	7289	7.280214e+03	5.050000e+00	101	8.955364e-01	9.182306e-01	5.050000e+00	101	5.061820e-01	5.999083e-01	
5.150000e+00	103	9.235000e+02	6.992459e+02	9020	7.852190e+03	5.200000e+00	104	0	0	8247	7.280214e+03	5.150000e+00	103	9.071253e-01	9.182306e-01	5.150000e+00	103	5.466315e-01	5.999083e-01	
5.250000e+00	105	1769	6.992459e+02	9076	7.852190e+03	5.300000e+00	106	0	0	5885	7.280214e+03	5.250000e+00	105	8.368834e-01	9.182306e-01	5.250000e+00	105	6.482367e-01	5.999083e-01	
5.350000e+00	107	3.425000e+01	6.992459e+02	8142	7.852190e+03	5.400000e+00	108	0	0	6887	7.280214e+03	5.350000e+00	107	9.958110e-01	9.182306e-01	5.350000e+00	107	5.427945e-01	5.999083e-01	
5.450000e+00	109	9.412000e+02	6.992459e+02	8356	7.852190e+03	5.500000e+00	110	0	0	6840	7.280214e+03	5.450000e+00	109	8.987652e-01	9.182306e-01	5.450000e+00	109	5.761346e-01	5.999083e-01	
5.550000e+00	111	7.819000e+02	6.992459e+02	8874	7.852190e+03	5.600000e+00	112	0	0	6347	7.280214e+03	5.550000e+00	111	9.190236e-01	9.182306e-01	5.550000e+00	111	6.033844e-01	5.999083e-01	
5.650000e+00	113	6.994000e+02	6.992459e+02	8297	7.852190e+03	5.700000e+00	114	0	0	7701	7.280214e+03	5.650000e+00	113	9.222578e-01	9.182306e-01	5.650000e+00	113	5.387905e-01	5.999083e-01	
5.750000e+00	115	5.395000e+02	6.992459e+02	8965	7.852190e+03	5.800000e+00	116	0	0	5666	7.280214e+03	5.750000e+00	115	9.432374e-01	9.182306e-01	5.750000e+00	115	6.265120e-01	5.999083e-01	
5.850000e+00	117	826	6.992459e+02	9151	7.852190e+03	5.900000e+00	118	0	0	7286	7.280214e+03	5.850000e+00	117	9.172096e-01	9.182306e-01	5.850000e+00	117	5.779413e-01	5.999083e-01	
5.950000e+00	119	5.936000e+02	6.992459e+02	7504	7.852190e+03	6	120	0	0	6392	7.280214e+03	5.950000e+00	119	9.266943e-01	9.182306e-01	5.950000e+00	119	5.588560e-01	5.999083e-01	
6.050000e+00	121	4.512000e+02	6.992459e+02	8058	7.852190e+03	6.100000e+00	122	0	0	7496	7.280214e+03	6.050000e+00	121	9.469750e-01	9.182306e-01	6.050000e+00	121	5.316522e-01	5.999083e-01	
6.150000e+00	123	-5.801000e+02	6.992459e+02	7959	7.852190e+03	6.200000e+00	124	0	0	8710	7.280214e+03	6.150000e+00	123	1.078616e+00	9.182306e-01	6.150000e+00	123	4.586330e-01	5.999083e-01	
6.250000e+00	125	8.708000e+02	6.992459e+02	7685	7.852190e+03	6.300000e+00	126	0	0	9410	7.280214e+03	6.250000e+00	125	8.982211e-01	9.182306e-01	6.250000e+00	125	4.762271e-01	5.999083e-01	
6.350000e+00	127	6.466000e+00	6.992459e+02	7035	7.852190e+03	6.400000e+00	128	0	0	6711	7.280214e+03	6.350000e+00	127	9.990817e-01	9.182306e-01	6.350000e+00	127	5.120148e-01	5.999083e-01	
6.450000e+00	129	1752	6.992459e+02	6958	7.852190e+03	6.500000e+00	130	0	0	5606	7.280214e+03	6.450000e+00	129	7.988519e-01	9.182306e-01	6.450000e+00	129	6.084102e-01	5.999083e-01	
6.550000e+00	131	4.951000e+02	6.992459e+02	6608	7.852190e+03	6.600000e+00	132	0	0	8427	7.280214e+03	6.550000e+00	131	9.302980e-01	9.182306e-01	6.550000e+00	131	4.573763e-01	5.999083e-01	
6.650000e+00	133	-3.189000e+01	6.992459e+02	7151	7.852190e+03	6.700000e+00	134	0	0	6630	7.280214e+03	6.650000e+00	133	1.004479e+00	9.182306e-01	6.650000e+00	133	5.177870e-01	5.999083e-01	
6.750000e+00	135	1.694000e+02	6.992459e+02	8495	7.852190e+03	6.800000e+00	136	0	0	5890	7.280214e+03	6.750000e+00	135	9.804487e-01	9.182306e-01	6.750000e+00	135	5.953114e-01	5.999083e-01	
6.850000e+00	137	3.853000e+02	6.992459e+02	7466	7.852190e+03	6.900000e+00	138	0	0	6748	7.280214e+03	6.850000e+00	137	9.509253e-01	9.182306e-01	6.850000e+00	137	5.377861e-01	5.999083e-01	
6.950000e+00	139	6.292000e+02	6.992459e+02	7759	7.852190e+03	7	140	0	0	8475	7.280214e+03	6.950000e+00	139	9.249899e-01	9.182306e-01	6.950000e+00	139	4.974263e-01	5.999083e-01	
7.050000e+00	141	663	6.992459e+02	7324	7.852190e+03	7.100000e+00	142	0	0	7440	7.280214e+03	7.050000e+00	141	9.169901e-01	9.182306e-01	7.050000e+00	141	5.177287e-01	5.999083e-01	
7.150000e+00	143	6.617000e+02	6.992459e+02	9851	7.852190e+03	7.200000e+00	144	0	0	6583	7.280214e+03	7.150000e+00	143	9.370571e-01	9.182306e-01	7.150000e+00	143	6.149324e-01	5.999083e-01	
7.250000e+00	145	4.178000e+02	6.992459e+02	8453	7.852190e+03	7.300000e+00	146	0	0	6557	7.280214e+03	7.250000e+00	145	9.529017e-01	9.182306e-01	7.250000e+00	145	5.749880e-01	5.999083e-01	
7.350000e+00	147	-3.474000e+02	6.992459e+02	6135	7.852190e+03	7.400000e+00	148	0	0	8565	7.280214e+03	7.350000e+00	147	1.060025e+00	9.182306e-01	7.350000e+00	147	4.032440e-01	5.999083e-01	
7.450000e+00	149	-3.505000e+02	6.992459e+02	8151	7.852190e+03	7.500000e+00	150	0	0	8325	7.280214e+03	7.450000e+00	149	1.044933e+00	9.182306e-01	7.450000e+00	149	4.837369e-01	5.999083e-01	
7.550000e+00	151	1546	6.992459e+02	6542	7.852190e+03	7.600000e+00	152	0	0	7539	7.280214e+03	7.550000e+00	151	8.088526e-01	9.182306e-01	7.550000e+00	151	5.175658e-01	5.999083e-01	
7.650000e+00	153	1561	6.992459e+02	8808	7.852190e+03	7.700000e+00	154	0	0	7084	7.280214e+03	7.650000e+00	153	8.494551e-01	9.182306e-01	7.650000e+00	153	5.941099e-01	5.999083e-01	
7.750000e+00	155	8.245000e+00	6.992459e+02	8126	7.852190e+03	7.800000e+00	156	0	0	6698	7.280214e+03	7.750000e+00	155	9.989864e-01	9.182306e-01	7.750000e+00	155	5.484163e-01	5.999083e-01	
7.850000e+00	157	-5.979000e+01	6.992459e+02	8342	7.852190e+03	7.900000e+00	158	0	0	6787	7.280214e+03	7.850000e+00	157	1.007219e+00	9.182306e-01	7.850000e+00	157	5.496114e-01	5.999083e-01	
7.950000e+00	159	6992	6.451038e+03	6.959000e+02	5.393311e+02	8	160	0	0	7075	7.280214e+03	7.950000e+00	159	9.051887e-02	7.715345e-02	7.950000e+00	159	5.207581e-01	4.898447e-01	
8.050000e+00	161	7243	6.451038e+03	9.481000e+02	5.393311e+02	8.100000e+00	162	0	0	7133	7.280214e+03	8.050000e+00	161	1.157476e-01	7.715345e-02	8.050000e+00	161	5.345241e-01	4.898447e-01	
8.150000e+00	163	6463	6.451038e+03	752	5.393311e+02	8.200000e+00	164	0	0	7446	7.280214e+03	8.150000e+00	163	1.042273e-01	7.715345e-02	8.150000e+00	163	4.921220e-01	4.898447e-01	
8.250000e+00	165	6139	6.451038e+03	-7.269000e+02	5.393311e+02	8.300000e+00	166	0	0	7943	7.280214e+03	8.250000e+00	165	-1.343102e-01	7.715345e-02	8.250000e+00	165	4.052459e-01	4.898447e-01	
8.350000e+00	167	8408	6.451038e+03	1575	5.393311e+02	8.400000e+00	168	0	0	7722	7.280214e+03	8.350000e+00	167	1.577682e-01	7.715345e-02	8.350000e+00	167	5.638520e-01	4.898447e-01	
8.450000e+00	169	7142	6.451038e+03	8.332000e+02	5.393311e+02	8.500000e+00	170	0	0	6542	7.280214e+03	8.450000e+00	169	1.044739e-01	7.715345e-02	8.450000e+00	169	5.493621e-01	4.898447e-01	
8.550000e+00	171	6525	6.451038e+03	1442	5.393311e+02	8.600000e+00	172	0	0	7918	7.280214e+03	8.550000e+00	171	1.809966e-01	7.715345e-02	8.550000e+00	171	5.015423e-01	4.898447e-01	
8.650000e+00	173	5918	6.451038e+03	-3.488000e+02	5.393311e+02	8.700000e+00	174	0	0	5531	7.280214e+03	8.650000e+00	173	-6.263018e-02	7.715345e-02	8.650000e+00	173	5.017207e-01	4.898447e-01	
8.750000e+00	175	4523	6.451038e+03	6.809000e+02	5.393311e+02	8.800000e+00	176	0	0	8114	7.280214e+03	8.750000e+00	175	1.308442e-01	7.715345e-02	8.750000e+00	175	3.907448e-01	4.898447e-01	
8.850000e+00	177	5536	6.451038e+03	-1.015000e+02	5.393311e+02	8.900000e+00	178	0	0	7915	7.280214e+03	8.850000e+00	177	-1.867697e-02	7.715345e-02	8.850000e+00	177	4.070939e-01	4.898447e-01	
8.950000e+00	179	8346	6.451038e+03	5.806000e+02	5.393311e+02	9	180	0	0	7489	7.280214e+03	8.950000e+00	179	6.504156e-02	7.715345e-02	8.950000e+00	179	5.437876e-01	4.898447e-01	
9.050000e+00	181	6245	6.451038e+03	9.584000e+01	5.393311e+02	9.100000e+00	182	0	0	7282	7.280214e+03	9.050000e+00	181	1.511472e-02	7.715345e-02	9.050000e+00	181	4.654565e-01	4.898447e-01	
9.150000e+00	183	5787	6.451038e+03	8.997000e+02	5.393311e+02	9.200000e+00	184	0	0	6840	7.280214e+03	9.150000e+00	183	1.345507e-01	7.715345e-02	9.150000e+00	183	4.943334e-01	4.898447e-01	
9.250000e+00	185	8146	6.451038e+03	8.484000e+02	5.393311e+02	9.300000e+00	186	0	0	8731	7.280214e+03	9.250000e+00	185	9.432536e-02	7.715345e-02	9.250000e+00	185	5.074300e-01	4.898447e-01	
9.350000e+00	187	6931	6.451038e+03	-8.777000e+01	5.393311e+02	9.400000e+00	188	0	0	6185	7.280214e+03	9.350000e+00	187	-1.282581e-02	7.715345e-02	9.350000e+00	187	5.252617e-01	4.898447e-01	
9.450000e+00	189	7752	6.451038e+03	3.112000e+02	5.393311e+02	9.500000e+00	190	0	0	5647	7.280214e+03	9.450000e+00	189	3.859510e-02	7.715345e-02	9.450000e+00	189	5.881169e-01	4.898447e-01	
9.550000e+00	191	6505	6.451038e+03	7.934000e+02	5.393311e+02	9.600000e+00	192	0	0	9205	7.280214e+03	9.550000e+00	191	1.087088e-01	7.715345e-02	9.550000e+00	191	4.422361e-01	4.898447e-01	
9.650000e+00	193	6138	6.451038e+03	-4.888000e+02	5.393311e+02	9.700000e+00	194	0	0	5203	7.280214e+03	9.650000e+00	193	-8.652553e-02	7.715345e-02	9.650000e+00	193	5.205580e-01	4.898447e-01	
9.750000e+00	195	6857	6.451038e+03	-4.426000e+02	5.393311e+02	9.800000e+00	196	0	0	8023	7.280214e+03	9.750000e+00	195	-6.900100e-02	7.715345e-02	9.750000e+00	195	4.442905e-01	4.898447e-01	
9.850000e+00	197	6763	6.451038e+03	-2.443000e+02	5.393311e+02	9.900000e+00	198	0	0	6780	7.280214e+03	9.850000e+00	197	-3.747680e-02	7.715345e-02	9.850000e+00	197	4.901757e-01	4.898447e-01	
9.950000e+00	199	7238	6.451038e+03	1822	5.393311e+02	10	200	0	0	6874	7.280214e+03	9.950000e+00	199	2.011038e-01	7.715345e-02	9.950000e+00	199	5.685955e-01	4.898447e-01	
1.005000e+01	201	7579	6.451038e+03	-1.709000e+02	5.393311e+02	1.010000e+01	202	0	0	5937	7.280214e+03	1.005000e+01	201	-2.306934e-02	7.715345e-02	1.005000e+01	201	5.551176e-01	4.898447e-01	
1.015000e+01	203	5254	6.451038e+03	-2.466000e+02	5.393311e+02	1.020000e+01	204	0	0	7183	7.280214e+03	1.015000e+01	203	-4.924711e-02	7.715345e-02	1.015000e+01	203	4.107658e-01	4.898447e-01	
1.025000e+01	205	6810	6.451038e+03	1607	5.393311e+02	1.030000e+01	206	0	0	8645	7.280214e+03	1.025000e+01	205	1.909231e-01	7.715345e-02	1.025000e+01	205	4.933185e-01	4.898447e-01	
1.035000e+01	207	8214	6.451038e+03	-1.548000e+02	5.393311e+02	1.040000e+01	208	0	0	7638	7.280214e+03	1.035000e+01	207	-1.920786e-02	7.715345e-02	1.035000e+01	207	5.134164e-01	4.898447e-01	
1.045000e+01	209	6050	6.451038e+03	1.056000e+02	5.393311e+02	1.050000e+01	210	0	0	6152	7.280214e+03	1.045000e+01	209	1.715511e-02	7.715345e-02	1.045000e+01	209	5.001463e-01	4.898447e-01	
1.055000e+01	211	3039	6.451038e+03	6898	7.852190e+03	1.060000e+01	212	0	0	6818	7.280214e+03	1.055000e+01	211	6.941733e-01	7.715345e-02	1.055000e+01	211	5.930767e-01	6.626945e-01	
1.065000e+01	213	-454	6.992459e+02	8351	7.852190e+03	1.070000e+01	214	0	0	6101	7.280214e+03	1.065000e+01	213	1.057490e+00	9.182306e-01	1.065000e+01	213	5.641520e-01	6.626945e-01	
1.075000e+01	215	8.121000e+02	6.992459e+02	7801	7.852190e+03	1.080000e+01	216	0	0	6767	7.280214e+03	1.075000e+01	215	9.057134e-01	9.182306e-01	1.075000e+01	215	5.600159e-01	6.626945e-01	
1.085000e+01	217	4.349000e+01	6.992459e+02	7676	7.852190e+03	1.090000e+01	218	0	0	7292	7.280214e+03	1.085000e+01	217	9.943662e-01	9.182306e-01	1.085000e+01	217	5.142388e-01	6.626945e-01	
1.095000e+01	219	-118	6.992459e+02	6011	7.852190e+03	11	220	0	0	7761	7.280214e+03	1.095000e+01	219	1.020024e+00	9.182306e-01	1.095000e+01	219	4.315951e-01	6.626945e-01	
1.105000e+01	221	1948	6.992459e+02	7300	7.852190e+03	1.110000e+01	222	0	0	7914	7.280214e+03	1.105000e+01	221	7.893599e-01	9.182306e-01	1.105000e+01	221	5.388649e-01	6.626945e-01	
1.115000e+01	223	6.853000e+02	6.992459e+02	7213	7.852190e+03	1.120000e+01	224	0	0	7527	7.280214e+03	1.115000e+01	223	9.132345e-01	9.182306e-01	1.115000e+01	223	5.120354e-01	6.626945e-01	
1.125000e+01	225	1042	6.992459e+02	8253	7.852190e+03	1.130000e+01	226	0	0	6410	7.280214e+03	1.125000e+01	225	8.878967e-01	9.182306e-01	1.125000e+01	225	5.918497e-01	6.626945e-01	
1.135000e+01	227	-1233	6.992459e+02	7527	7.852190e+03	1.140000e+01	228	0	0	7912	7.280214e+03	1.135000e+01	227	1.195901e+00	9.182306e-01	1.135000e+01	227	4.430522e-01	6.626945e-01	
1.145000e+01	229	9.287000e+02	6.992459e+02	6170	7.852190e+03	1.150000e+01	230	0	0	7391	7.280214e+03	1.145000e+01	229	8.691732e-01	9.182306e-01	1.145000e+01	229	4.899135e-01	6.626945e-01	
1.155000e+01	231	1530	6.992459e+02	9374	7.852190e+03	1.160000e+01	232	0	0	6185	7.280214e+03	1.155000e+01	231	8.596845e-01	9.182306e-01	1.155000e+01	231	6.380713e-01	6.626945e-01	
1.165000e+01	233	-6.874000e+01	6.992459e+02	8340	7.852190e+03	1.170000e+01	234	0	0	7332	7.280214e+03	1.165000e+01	233	1.008311e+00	9.182306e-01	1.165000e+01	233	5.300982e-01	6.626945e-01	
1.175000e+01	235	4.256000e+01	6.992459e+02	8824	7.852190e+03	1.180000e+01	236	0	0	6764	7.280214e+03	1.175000e+01	235	9.951999e-01	9.182306e-01	1.175000e+01	235	5.672580e-01	6.626945e-01	
1.185000e+01	237	2910	6.992459e+02	8901	7.852190e+03	1.190000e+01	238	0	0	8069	7.280214e+03	1.185000e+01	237	7.536195e-01	9.182306e-01	1.185000e+01	237	5.941147e-01	6.626945e-01	
1.195000e+01	239	1413	6.992459e+02	8040	7.852190e+03	12	240	0	0	7974	7.280214e+03	1.195000e+01	239	8.505236e-01	9.182306e-01	1.195000e+01	239	5.424342e-01	6.626945e-01	
1.205000e+01	241	-1.063000e+02	6.992459e+02	8068	7.852190e+03	1.210000e+01	242	0	0	8005	7.280214e+03	1.205000e+01	241	1.013351e+00	9.182306e-01	1.205000e+01	241	4.986441e-01	6.626945e-01	
1.215000e+01	243	8.562000e+02	6.992459e+02	9171	7.852190e+03	1.220000e+01	244	0	0	6003	7.280214e+03	1.215000e+01	243	9.146123e-01	9.182306e-01	1.215000e+01	243	6.255193e-01	6.626945e-01	
1.225000e+01	245	2.805000e+02	6.992459e+02	7744	7.852190e+03	1.230000e+01	246	0	0	6007	7.280214e+03	1.225000e+01	245	9.650446e-01	9.182306e-01	1.225000e+01	245	5.718918e-01	6.626945e-01	
1.235000e+01	247	2.479000e+02	6.992459e+02	8667	7.852190e+03	1.240000e+01	248	0	0	9065	7.280214e+03	1.235000e+01	247	9.721926e-01	9.182306e-01	1.235000e+01	247	4.958259e-01	6.626945e-01	
1.245000e+01	249	8.649000e+02	6.992459e+02	7386	7.852190e+03	1.250000e+01	250	0	0	8192	7.280214e+03	1.245000e+01	249	8.951751e-01	9.182306e-01	1.245000e+01	249	5.017910e-01	6.626945e-01	
1.255000e+01	251	1.609000e+02	6.992459e+02	8851	7.852190e+03	1.260000e+01	252	0	0	7815	7.280214e+03	1.255000e+01	251	9.821458e-01	9.182306e-01	1.255000e+01	251	5.355651e-01	6.626945e-01	
1.265000e+01	253	1.639000e+02	6.992459e+02	9580	7.852190e+03	1.270000e+01	254	0	0	7129	7.280214e+03	1.265000e+01	253	9.831792e-01	9.182306e-01	1.265000e+01	253	5.774882e-01	6.626945e-01	
1.275000e+01	255	1.635000e+02	6.992459e+02	7431	7.852190e+03	1.280000e+01	256	0	0	7363	7.280214e+03	1.275000e+01	255	9.784713e-01	9.182306e-01	1.275000e+01	255	5.077386e-01	6.626945e-01	
1.285000e+01	257	4.054000e+02	6.992459e+02	8199	7.852190e+03	1.290000e+01	258	0	0	5850	7.280214e+03	1.285000e+01	257	9.528846e-01	9.182306e-01	1.285000e+01	257	5.952789e-01	6.626945e-01	
1.295000e+01	259	1343	6.992459e+02	7926	7.852190e+03	13	260	0	0	5246	7.280214e+03	1.295000e+01	259	8.551084e-01	9.182306e-01	1.295000e+01	259	6.385808e-01	6.626945e-01	
1.305000e+01	261	1317	6.992459e+02	6804	7.852190e+03	1.310000e+01	262	0	0	5139	7.280214e+03	1.305000e+01	261	8.378279e-01	9.182306e-01	1.305000e+01	261	6.124434e-01	6.626945e-01	
1.315000e+01	263	1823	6.992459e+02	8944	7.852190e+03	1.320000e+01	264	0	0	7556	7.280214e+03	1.315000e+01	263	8.306864e-01	9.182306e-01	1.315000e+01	263	5.876221e-01	6.626945e-01	
1.325000e+01	265	8.069000e+02	6.992459e+02	7758	7.852190e+03	1.330000e+01	266	0	0	6921	7.280214e+03	1.325000e+01	265	9.057899e-01	9.182306e-01	1.325000e+01	265	5.530773e-01	6.626945e-01	
1.335000e+01	267	7.716000e+02	6.992459e+02	7648	7.852190e+03	1.340000e+01	268	0	0	7613	7.280214e+03	1.335000e+01	267	9.083567e-01	9.182306e-01	1.335000e+01	267	5.251550e-01	6.626945e-01	
1.345000e+01	269	2.887000e+02	6.992459e+02	8838	7.852190e+03	1.350000e+01	270	0	0	7073	7.280214e+03	1.345000e+01	269	9.683675e-01	9.182306e-01	1.345000e+01	269	5.633870e-01	6.626945e-01	
1.355000e+01	271	5.252000e+02	6.992459e+02	7637	7.852190e+03	1.360000e+01	272	0	0	5771	7.280214e+03	1.355000e+01	271	9.356546e-01	9.182306e-01	1.355000e+01	271	5.858094e-01	6.626945e-01	
1.365000e+01	273	6.731000e+02	6.992459e+02	9658	7.852190e+03	1.370000e+01	274	0	0	8045	7.280214e+03	1.365000e+01	273	9.348472e-01	9.182306e-01	1.365000e+01	273	5.622031e-01	6.626945e-01	
1.375000e+01	275	4.672000e+02	6.992459e+02	7925	7.852190e+03	1.380000e+01	276	0	0	7567	7.280214e+03	1.375000e+01	275	9.443293e-01	9.182306e-01	1.375000e+01	275	5.258534e-01	6.626945e-01	
1.385000e+01	277	-1.096000e+02	6.992459e+02	8166	7.852190e+03	1.390000e+01	278	0	0	6370	7.280214e+03	1.385000e+01	277	1.013604e+00	9.182306e-01	1.385000e+01	277	5.584484e-01	6.626945e-01	
1.395000e+01	279	2.794000e+02	6.992459e+02	6668	7.852190e+03	14	280	0	0	8801	7.280214e+03	1.395000e+01	279	9.597835e-01	9.182306e-01	1.395000e+01	279	4.411496e-01	6.626945e-01	
1.405000e+01	281	6.372000e+02	6.992459e+02	7643	7.852190e+03	1.410000e+01	282	0	0	8429	7.280214e+03	1.405000e+01	281	9.230453e-01	9.182306e-01	1.405000e+01	281	4.955474e-01	6.626945e-01	
1.415000e+01	283	-1.416000e+02	6.992459e+02	7143	7.852190e+03	1.420000e+01	284	0	0	8655	7.280214e+03	1.415000e+01	283	1.020225e+00	9.182306e-01	1.415000e+01	283	4.471909e-01	6.626945e-01	
1.425000e+01	285	-9.086000e+02	6.992459e+02	6342	7.852190e+03	1.430000e+01	286	0	0	10180	7.280214e+03	1.425000e+01	285	1.167225e+00	9.182306e-01	1.425000e+01	285	3.479960e-01	6.626945e-01	
1.435000e+01	287	8.108000e+02	6.992459e+02	8464	7.852190e+03	1.440000e+01	288	0	0	8268	7.280214e+03	1.435000e+01	287	9.125803e-01	9.182306e-01	1.435000e+01	287	5.286955e-01	6.626945e-01	
1.445000e+01	289	-5.936000e+02	6.992459e+02	8151	7.852190e+03	1.450000e+01	290	0	0	8524	7.280214e+03	1.445000e+01	289	1.078546e+00	9.182306e-01	1.445000e+01	289	4.699466e-01	6.626945e-01	
1.455000e+01	291	1056	6.992459e+02	7898	7.852190e+03	1.460000e+01	292	0	0	6254	7.280214e+03	1.455000e+01	291	8.820639e-01	9.182306e-01	1.455000e+01	291	5.887691e-01	6.626945e-01	
1.465000e+01	293	-5.777000e+01	6.992459e+02	7901	7.852190e+03	1.470000e+01	294	0	0	6380	7.280214e+03	1.465000e+01	293	1.007366e+00	9.182306e-01	1.465000e+01	293	5.514380e-01	6.626945e-01	
1.475000e+01	295	1390	6.992459e+02	8421	7.852190e+03	1.480000e+01	296	0	0	5594	7.280214e+03	1.475000e+01	295	8.583223e-01	9.182306e-01	1.475000e+01	295	6.368711e-01	6.626945e-01	
1.485000e+01	297	4.034000e+02	6.992459e+02	8099	7.852190e+03	1.490000e+01	298	0	0	7059	7.280214e+03	1.485000e+01	297	9.525546e-01	9.182306e-01	1.485000e+01	297	5.463776e-01	6.626945e-01	
1.495000e+01	299	-3.076000e+02	6.992459e+02	6702	7.852190e+03	15	300	0	0	7192	7.280214e+03	1.495000e+01	299	1.048105e+00	9.182306e-01	1.495000e+01	299	4.706471e-01	6.626945e-01	
1.505000e+01	301	1238	6.992459e+02	6564	7.852190e+03	1.510000e+01	302	0	0	7099	7.280214e+03	1.505000e+01	301	8.413227e-01	9.182306e-01	1.505000e+01	301	5.235890e-01	6.626945e-01	
1.515000e+01	303	1257	6.992459e+02	7889	7.852190e+03	1.520000e+01	304	0	0	9192	7.280214e+03	1.515000e+01	303	8.625629e-01	9.182306e-01	1.515000e+01	303	4.987458e-01	6.626945e-01	
1.525000e+01	305	1470	6.992459e+02	8603	7.852190e+03	1.530000e+01	306	0	0	8577	7.280214e+03	1.525000e+01	305	8.540653e-01	9.182306e-01	1.525000e+01	305	5.401072e-01	6.626945e-01	
1.535000e+01	307	3.427000e+02	6.992459e+02	6543	7.852190e+03	1.540000e+01	308	0	0	7203	7.280214e+03	1.535000e+01	307	9.502302e-01	9.182306e-01	1.535000e+01	307	4.887392e-01	6.626945e-01	
1.545000e+01	309	1303	6.992459e+02	7961	7.852190e+03	1.550000e+01	310	0	0	6323	7.280214e+03	1.545000e+01	309	8.593480e-01	9.182306e-01	1.545000e+01	309	5.943414e-01	6.626945e-01	
1.555000e+01	311	3.779000e+02	6.992459e+02	7797	7.852190e+03	1.560000e+01	312	0	0	6393	7.280214e+03	1.555000e+01	311	9.537731e-01	9.182306e-01	1.555000e+01	311	5.611584e-01	6.626945e-01	
1.565000e+01	313	1008	6.992459e+02	7802	7.852190e+03	1.570000e+01	314	0	0	7036	7.280214e+03	1.565000e+01	313	8.855846e-01	9.182306e-01	1.565000e+01	313	5.559763e-01	6.626945e-01	
1.575000e+01	315	1362	6.992459e+02	7487	7.852190e+03	1.580000e+01	316	0	0	5974	7.280214e+03	1.575000e+01	315	8.460843e-01	9.182306e-01	1.575000e+01	315	5.969777e-01	6.626945e-01	
1.585000e+01	317	1.442000e+02	6.992459e+02	8183	7.852190e+03	1.590000e+01	318	0	0	6403	7.280214e+03	1.585000e+01	317	9.826833e-01	9.182306e-01	1.585000e+01	317	5.653148e-01	6.626945e-01	
1.595000e+01	319	1237	6.992459e+02	9385	7.852190e+03	16	320	0	0	7824	7.280214e+03	1.595000e+01	319	8.835436e-01	9.182306e-01	1.595000e+01	319	5.758430e-01	6.626945e-01	
1.605000e+01	321	1359	6.992459e+02	7477	7.852190e+03	1.610000e+01	322	0	0	7232	7.280214e+03	1.605000e+01	321	8.461974e-01	9.182306e-01	1.605000e+01	321	5.499129e-01	6.626945e-01	
1.615000e+01	323	8.673000e+02	6.992459e+02	8797	7.852190e+03	1.620000e+01	324	0	0	6385	7.280214e+03	1.615000e+01	323	9.102573e-01	9.182306e-01	1.615000e+01	323	6.021633e-01	6.626945e-01	
1.625000e+01	325	3.664000e+02	6.992459e+02	6589	7.852190e+03	1.630000e+01	326	0	0	6748	7.280214e+03	1.625000e+01	325	9.473215e-01	9.182306e-01	1.625000e+01	325	5.075675e-01	6.626945e-01	
1.635000e+01	327	1242	6.992459e+02	8546	7.852190e+03	1.640000e+01	328	0	0	8713	7.280214e+03	1.635000e+01	327	8.731099e-01	9.182306e-01	1.635000e+01	327	5.290525e-01	6.626945e-01	
1.645000e+01	329	6.775000e+02	6.992459e+02	9938	7.852190e+03	1.650000e+01	330	0	0	8318	7.280214e+03	1.645000e+01	329	9.361782e-01	9.182306e-01	1.645000e+01	329	5.606729e-01	6.626945e-01	
1.655000e+01	331	1.078000e+02	6.992459e+02	6434	7.852190e+03	1.660000e+01	332	0	0	6925	7.280214e+03	1.655000e+01	331	9.835214e-01	9.182306e-01	1.655000e+01	331	4.857724e-01	6.626945e-01	
1.665000e+01	333	3.898000e+02	6.992459e+02	6395	7.852190e+03	1.670000e+01	334	0	0	5682	7.280214e+03	1.665000e+01	333	9.425480e-01	9.182306e-01	1.665000e+01	333	5.442295e-01	6.626945e-01	
1.675000e+01	335	8.792000e+02	6.992459e+02	7528	7.852190e+03	1.680000e+01	336	0	0	7932	7.280214e+03	1.675000e+01	335	8.954230e-01	9.182306e-01	1.675000e+01	335	5.145417e-01	6.626945e-01	
1.685000e+01	337	1217	6.992459e+02	8159	7.852190e+03	1.690000e+01	338	0	0	6495	7.280214e+03	1.685000e+01	337	8.702005e-01	9.182306e-01	1.685000e+01	337	5.907630e-01	6.626945e-01	
1.695000e+01	339	-404	6.992459e+02	7169	7.852190e+03	17	340	0	0	9033	7.280214e+03	1.695000e+01	339	1.059719e+00	9.182306e-01	1.695000e+01	339	4.282188e-01	6.626945e-01	
1.705000e+01	341	1370	6.992459e+02	6900	7.852190e+03	1.710000e+01	342	0	0	7089	7.280214e+03	1.705000e+01	341	8.343410e-01	9.182306e-01	1.705000e+01	341	5.384465e-01	6.626945e-01	
1.715000e+01	343	982	6.992459e+02	7302	7.852190e+03	1.720000e+01	344	0	0	6537	7.280214e+03	1.715000e+01	343	8.814582e-01	9.182306e-01	1.715000e+01	343	5.589366e-01	6.626945e-01	
1.725000e+01	345	2913	6.451038e+03	6596	7.852190e+03	1.730000e+01	346	0	0	8310	7.280214e+03	1.725000e+01	345	6.936586e-01	9.182306e-01	1.725000e+01	345	5.336439e-01	6.626945e-01	
1.735000e+01	347	7689	6.451038e+03	-4.392000e+02	5.393311e+02	1.740000e+01	348	0	0	7322	7.280214e+03	1.735000e+01	347	-6.058098e-02	7.715345e-02	1.735000e+01	347	4.975226e-01	6.626945e-01	
1.745000e+01	349	7366	6.451038e+03	4.615000e+02	5.393311e+02	1.750000e+01	350	0	0	8074	7.280214e+03	1.745000e+01	349	5.895880e-02	7.715345e-02	1.745000e+01	349	4.922492e-01	6.626945e-01	
1.755000e+01	351	6909	6.451038e+03	-3.175000e+02	5.393311e+02	1.760000e+01	352	0	0	5200	7.280214e+03	1.755000e+01	351	-4.816810e-02	7.715345e-02	1.755000e+01	351	5.590044e-01	6.626945e-01	
1.765000e+01	353	8466	6.451038e+03	3.109000e+02	5.393311e+02	1.770000e+01	354	0	0	6323	7.280214e+03	1.765000e+01	353	3.542253e-02	7.715345e-02	1.765000e+01	353	5.812555e-01	6.626945e-01	
1.775000e+01	355	7350	6.451038e+03	1.825000e+02	5.393311e+02	1.780000e+01	356	0	0	6913	7.280214e+03	1.775000e+01	355	2.422834e-02	7.715345e-02	1.775000e+01	355	5.214427e-01	6.626945e-01	
1.785000e+01	357	6644	6.451038e+03	1243	5.393311e+02	1.790000e+01	358	0	0	6933	7.280214e+03	1.785000e+01	357	1.576011e-01	7.715345e-02	1.785000e+01	357	5.321862e-01	6.626945e-01	
1.795000e+01	359	6479	6.451038e+03	-2.486000e+02	5.393311e+02	18	360	0	0	6863	7.280214e+03	1.795000e+01	359	-3.990113e-02	7.715345e-02	1.795000e+01	359	4.758428e-01	6.626945e-01	
1.805000e+01	361	6889	6.451038e+03	510	5.393311e+02	1.810000e+01	362	0	0	6525	7.280214e+03	1.805000e+01	361	6.892823e-02	7.715345e-02	1.805000e+01	361	5.313847e-01	6.626945e-01	
1.815000e+01	363	8320	6.451038e+03	3.205000e+02	5.393311e+02	1.820000e+01	364	0	0	8698	7.280214e+03	1.815000e+01	363	3.709276e-02	7.715345e-02	1.815000e+01	363	4.983418e-01	6.626945e-01	
1.825000e+01	365	6807	6.451038e+03	6.631000e+02	5.393311e+02	1.830000e+01	366	0	0	7559	7.280214e+03	1.825000e+01	365	8.876722e-02	7.715345e-02	1.825000e+01	365	4.970424e-01	6.626945e-01	
1.835000e+01	367	7685	6.451038e+03	2143	5.393311e+02	1.840000e+01	368	0	0	6994	7.280214e+03	1.835000e+01	367	2.180505e-01	7.715345e-02	1.835000e+01	367	5.842349e-01	6.626945e-01	
1.845000e+01	369	10480	6.451038e+03	7.572000e+02	5.393311e+02	1.850000e+01	370	0	0	8679	7.280214e+03	1.845000e+01	369	6.738333e-02	7.715345e-02	1.845000e+01	369	5.642241e-01	6.626945e-01	
1.855000e+01	371	6174	6.451038e+03	5.591000e+02	5.393311e+02	1.860000e+01	372	0	0	7404	7.280214e+03	1.855000e+01	371	8.303753e-02	7.715345e-02	1.855000e+01	371	4.762717e-01	6.626945e-01	
1.865000e+01	373	7035	6.451038e+03	-7.403000e+02	5.393311e+02	1.870000e+01	374	0	0	7097	7.280214e+03	1.865000e+01	373	-1.176069e-01	7.715345e-02	1.865000e+01	373	4.700449e-01	6.626945e-01	
1.875000e+01	375	6022	6.451038e+03	1897	5.393311e+02	1.880000e+01	376	0	0	5851	7.280214e+03	1.875000e+01	375	2.395504e-01	7.715345e-02	1.875000e+01	375	5.750908e-01	6.626945e-01	
1.885000e+01	377	6460	6.451038e+03	-4.282000e+01	5.393311e+02	1.890000e+01	378	0	0	5518	7.280214e+03	1.885000e+01	377	-6.672713e-03	7.715345e-02	1.885000e+01	377	5.376693e-01	6.626945e-01	
1.895000e+01	379	8241	6.451038e+03	8.191000e+02	5.393311e+02	19	380	0	0	8204	7.280214e+03	1.895000e+01	379	9.040739e-02	7.715345e-02	1.895000e+01	379	5.247942e-01	6.626945e-01	
1.905000e+01	381	8221	6.451038e+03	2.256000e+02	5.393311e+02	1.910000e+01	382	0	0	6380	7.280214e+03	1.905000e+01	381	2.670897e-02	7.715345e-02	1.905000e+01	381	5.696923e-01	6.626945e-01	
1.915000e+01	383	5611	6.451038e+03	1551	5.393311e+02	1.920000e+01	384	0	0	8145	7.280214e+03	1.915000e+01	383	2.165596e-01	7.715345e-02	1.915000e+01	383	4.678905e-01	6.626945e-01	
1.925000e+01	385	7270	6.451038e+03	5.113000e+02	5.393311e+02	1.930000e+01	386	0	0	7232	7.280214e+03	1.925000e+01	385	6.570881e-02	7.715345e-02	1.925000e+01	385	5.182938e-01	6.626945e-01	
1.935000e+01	387	6275	6.451038e+03	1071	5.393311e+02	1.940000e+01	388	0	0	6505	7.280214e+03	1.935000e+01	387	1.457936e-01	7.715345e-02	1.935000e+01	387	5.303588e-01	6.626945e-01	
1.945000e+01	389	6188	6.451038e+03	8.855000e+02	5.393311e+02	1.950000e+01	390	0	0	8698	7.280214e+03	1.945000e+01	389	1.251856e-01	7.715345e-02	1.945000e+01	389	4.484989e-01	6.626945e-01	
1.955000e+01	391	5973	6.451038e+03	2.543000e+02	5.393311e+02	1.960000e+01	392	0	0	7828	7.280214e+03	1.955000e+01	391	4.083632e-02	7.715345e-02	1.955000e+01	391	4.430571e-01	6.626945e-01	
1.965000e+01	393	6728	6.451038e+03	-3.647000e+01	5.393311e+02	1.970000e+01	394	0	0	6477	7.280214e+03	1.965000e+01	393	-5.450174e-03	7.715345e-02	1.965000e+01	393	5.081456e-01	6.626945e-01	
1.975000e+01	395	7873	6.451038e+03	9.646000e+02	5.393311e+02	1.980000e+01	396	0	0	8450	7.280214e+03	1.975000e+01	395	1.091473e-01	7.715345e-02	1.975000e+01	395	5.112103e-01	6.626945e-01	
1.985000e+01	397	6595	6.451038e+03	1415	5.393311e+02	1.990000e+01	398	0	0	5801	7.280214e+03	1.985000e+01	397	1.766542e-01	7.715345e-02	1.985000e+01	397	5.799725e-01	6.626945e-01	
1.995000e+01	399	7532	6.451038e+03	836	5.393311e+02	20	400	0	0	6460	7.280214e+03	1.995000e+01	399	9.990440e-02	7.715345e-02	1.995000e+01	399	5.643377e-01	6.626945e-01	
2.005000e+01	401	6526	6.451038e+03	5.462000e+02	5.393311e+02	2.010000e+01	402	0	0	7907	7.280214e+03	2.005000e+01	401	7.723198e-02	7.715345e-02	2.005000e+01	401	4.721347e-01	6.626945e-01	
2.015000e+01	403	6127	6.451038e+03	2.136000e+02	5.393311e+02	2.020000e+01	404	0	0	8941	7.280214e+03	2.015000e+01	403	3.368766e-02	7.715345e-02	2.015000e+01	403	4.149173e-01	6.626945e-01	
2.025000e+01	405	8054	6.451038e+03	1726	5.393311e+02	2.030000e+01	406	0	0	8683	7.280214e+03	2.025000e+01	405	1.764826e-01	7.715345e-02	2.025000e+01	405	5.297081e-01	6.626945e-01	
2.035000e+01	407	5496	6.451038e+03	1.962000e+02	5.393311e+02	2.040000e+01	408	0	0	7535	7.280214e+03	2.035000e+01	407	3.446822e-02	7.715345e-02	2.035000e+01	407	4.303405e-01	6.626945e-01	
2.045000e+01	409	3436	6.451038e+03	6962	7.852190e+03	2.050000e+01	410	0	0	7987	7.280214e+03	2.045000e+01	409	6.695518e-01	7.715345e-02	2.045000e+01	409	5.655698e-01	6.626945e-01	
2.055000e+01	411	7.241000e+02	6.992459e+02	8480	7.852190e+03	2.060000e+01	412	0	0	7210	7.280214e+03	2.055000e+01	411	9.213285e-01	9.182306e-01	2.055000e+01	411	5.607435e-01	6.626945e-01	
2.065000e+01	413	-216	6.992459e+02	8390	7.852190e+03	2.070000e+01	414	0	0	10250	7.280214e+03	2.065000e+01	413	1.026425e+00	9.182306e-01	2.065000e+01	413	4.436604e-01	6.626945e-01	
2.075000e+01	415	6723	6.451038e+03	1075	5.393311e+02	2.080000e+01	416	0	0	7263	7.280214e+03	2.075000e+01	415	1.378559e-01	7.715345e-02	2.075000e+01	415	5.177611e-01	4.898447e-01	
2.085000e+01	417	5726	6.451038e+03	-5.134000e+02	5.393311e+02	2.090000e+01	418	0	0	7139	7.280214e+03	2.085000e+01	417	-9.849212e-02	7.715345e-02	2.085000e+01	417	4.220182e-01	4.898447e-01	
2.095000e+01	419	5083	6.451038e+03	1.313000e+02	5.393311e+02	21	420	0	0	9388	7.280214e+03	2.095000e+01	419	2.518075e-02	7.715345e-02	2.095000e+01	419	3.570876e-01	4.898447e-01	
2.105000e+01	421	7082	6.451038e+03	-2.208000e+02	5.393311e+02	2.110000e+01	422	0	0	7388	7.280214e+03	2.105000e+01	421	-3.218096e-02	7.715345e-02	2.105000e+01	421	4.815148e-01	4.898447e-01	
2.115000e+01	423	8353	6.451038e+03	2.953000e+02	5.393311e+02	2.120000e+01	424	0	0	6590	7.280214e+03	2.115000e+01	423	3.414544e-02	7.715345e-02	2.115000e+01	423	5.675371e-01	4.898447e-01	
2.125000e+01	425	7725	6.451038e+03	-3.243000e+02	5.393311e+02	2.130000e+01	426	0	0	7462	7.280214e+03	2.125000e+01	425	-4.382018e-02	7.715345e-02	2.125000e+01	425	4.979378e-01	4.898447e-01	
2.135000e+01	427	4464	6.451038e+03	2976	4.465111e+03	2.140000e+01	428	0	0	7249	7.280214e+03	2.135000e+01	427	4.000000e-01	7.715345e-02	2.135000e+01	427	5.065015e-01	5.999083e-01	
2.145000e+01	429	3803	6.451038e+03	4257	4.465111e+03	2.150000e+01	430	0	0	7452	7.280214e+03	2.145000e+01	429	5.281638e-01	7.715345e-02	2.145000e+01	429	5.195977e-01	5.999083e-01	
2.155000e+01	431	4484	6.451038e+03	4006	4.465111e+03	2.160000e+01	432	0	0	7185	7.280214e+03	2.155000e+01	431	4.718492e-01	7.715345e-02	2.155000e+01	431	5.416268e-01	5.999083e-01	
2.165000e+01	433	1346	6.992459e+02	7216	7.852190e+03	2.170000e+01	434	0	0	8212	7.280214e+03	2.165000e+01	433	8.427937e-01	9.182306e-01	2.165000e+01	433	5.104328e-01	5.401481e-01	
2.175000e+01	435	3.028000e+02	6.992459e+02	6713	7.852190e+03	2.180000e+01	436	0	0	8423	7.280214e+03	2.175000e+01	435	9.568403e-01	9.182306e-01	2.175000e+01	435	4.544265e-01	5.401481e-01	
2.185000e+01	437	1700	6.992459e+02	8687	7.852190e+03	2.190000e+01	438	0	0	6414	7.280214e+03	2.185000e+01	437	8.363339e-01	9.182306e-01	2.185000e+01	437	6.182370e-01	5.401481e-01	
2.195000e+01	439	8.050000e+00	6.992459e+02	6658	7.852190e+03	22	440	0	0	7566	7.280214e+03	2.195000e+01	439	9.987924e-01	9.182306e-01	2.195000e+01	439	4.683830e-01	5.401481e-01	
2.205000e+01	441	2.560000e+01	6.992459e+02	6219	7.852190e+03	2.210000e+01	442	0	0	6739	7.280214e+03	2.205000e+01	441	9.959005e-01	9.182306e-01	2.205000e+01	441	4.809606e-01	5.401481e-01	
2.215000e+01	443	-1.939000e+02	6.992459e+02	7510	7.852190e+03	2.220000e+01	444	0	0	6767	7.280214e+03	2.215000e+01	443	1.026503e+00	9.182306e-01	2.215000e+01	443	5.194950e-01	5.401481e-01	
2.225000e+01	445	1148	6.992459e+02	7886	7.852190e+03	2.230000e+01	446	0	0	8017	7.280214e+03	2.225000e+01	445	8.729245e-01	9.182306e-01	2.225000e+01	445	5.298223e-01	5.401481e-01	
2.235000e+01	447	-3.006000e+02	6.992459e+02	8738	7.852190e+03	2.240000e+01	448	0	0	9025	7.280214e+03	2.235000e+01	447	1.035627e+00	9.182306e-01	2.235000e+01	447	4.831753e-01	5.401481e-01	
2.245000e+01	449	4.949000e+02	6.992459e+02	8419	7.852190e+03	2.250000e+01	450	0	0	6186	7.280214e+03	2.245000e+01	449	9.444800e-01	9.182306e-01	2.245000e+01	449	5.903284e-01	5.401481e-01	
2.255000e+01	451	1566	6.992459e+02	8377	7.852190e+03	2.260000e+01	452	0	0	5372	7.280214e+03	2.255000e+01	451	8.425023e-01	9.182306e-01	2.255000e+01	451	6.492328e-01	5.401481e-01	
2.265000e+01	453	1195	6.992459e+02	8483	7.852190e+03	2.270000e+01	454	0	0	6659	7.280214e+03	2.265000e+01	453	8.765241e-01	9.182306e-01	2.265000e+01	453	5.923976e-01	5.401481e-01	
2.275000e+01	455	1964	6.992459e+02	7793	7.852190e+03	2.280000e+01	456	0	0	6498	7.280214e+03	2.275000e+01	455	7.987086e-01	9.182306e-01	2.275000e+01	455	6.002461e-01	5.401481e-01	
2.285000e+01	457	1507	6.992459e+02	8651	7.852190e+03	2.290000e+01	458	0	0	9473	7.280214e+03	2.285000e+01	457	8.516440e-01	9.182306e-01	2.285000e+01	457	5.174469e-01	5.401481e-01	
2.295000e+01	459	7.239000e+02	6.992459e+02	8893	7.852190e+03	23	460	0	0	7440	7.280214e+03	2.295000e+01	459	9.247263e-01	9.182306e-01	2.295000e+01	459	5.638129e-01	5.401481e-01	
2.305000e+01	461	-9.986000e+01	6.992459e+02	8284	7.852190e+03	2.310000e+01	462	0	0	7277	7.280214e+03	2.305000e+01	461	1.012202e+00	9.182306e-01	2.305000e+01	461	5.293361e-01	5.401481e-01	
2.315000e+01	463	1094	6.992459e+02	7179	7.852190e+03	2.320000e+01	464	0	0	8091	7.280214e+03	2.315000e+01	463	8.677626e-01	9.182306e-01	2.315000e+01	463	5.055610e-01	5.401481e-01	
2.325000e+01	465	1232	6.992459e+02	7376	7.852190e+03	2.330000e+01	466	0	0	6239	7.280214e+03	2.325000e+01	465	8.568773e-01	9.182306e-01	2.325000e+01	465	5.797804e-01	5.401481e-01	
2.335000e+01	467	7.607000e+02	6.992459e+02	7829	7.852190e+03	2.340000e+01	468	0	0	6342	7.280214e+03	2.335000e+01	467	9.114404e-01	9.182306e-01	2.335000e+01	467	5.752660e-01	5.401481e-01	
2.345000e+01	469	8.288000e+02	6.992459e+02	8780	7.852190e+03	2.350000e+01	470	0	0	6885	7.280214e+03	2.345000e+01	469	9.137457e-01	9.182306e-01	2.345000e+01	469	5.825704e-01	5.401481e-01	
2.355000e+01	471	1140	6.992459e+02	9522	7.852190e+03	2.360000e+01	472	0	0	8020	7.280214e+03	2.355000e+01	471	8.930782e-01	9.182306e-01	2.355000e+01	471	5.707098e-01	5.401481e-01	
2.365000e+01	473	8.587000e+02	6.992459e+02	8312	7.852190e+03	2.370000e+01	474	0	0	7034	7.280214e+03	2.365000e+01	473	9.063648e-01	9.182306e-01	2.365000e+01	473	5.659284e-01	5.401481e-01	
2.375000e+01	475	-4.987000e+02	6.992459e+02	9790	7.852190e+03	2.380000e+01	476	0	0	6904	7.280214e+03	2.375000e+01	475	1.053674e+00	9.182306e-01	2.375000e+01	475	5.737035e-01	5.401481e-01	
2.385000e+01	477	1518	6.992459e+02	6804	7.852190e+03	2.390000e+01	478	0	0	7012	7.280214e+03	2.385000e+01	477	8.175919e-01	9.182306e-01	2.385000e+01	477	5.427155e-01	5.401481e-01	
2.395000e+01	479	8.648000e+02	6.992459e+02	6871	7.852190e+03	24	480	0	0	8269	7.280214e+03	2.395000e+01	479	8.882081e-01	9.182306e-01	2.395000e+01	479	4.833425e-01	5.401481e-01	
2.405000e+01	481	1085	6.992459e+02	8377	7.852190e+03	2.410000e+01	482	0	0	8145	7.280214e+03	2.405000e+01	481	8.853308e-01	9.182306e-01	2.405000e+01	481	5.373999e-01	5.401481e-01	
2.415000e+01	483	9.838000e+02	6.992459e+02	7996	7.852190e+03	2.420000e+01	484	0	0	7741	7.280214e+03	2.415000e+01	483	8.904430e-01	9.182306e-01	2.415000e+01	483	5.370437e-01	5.401481e-01	
2.425000e+01	485	2.223000e+02	6.992459e+02	7164	7.852190e+03	2.430000e+01	486	0	0	8778	7.280214e+03	2.425000e+01	485	9.699037e-01	9.182306e-01	2.425000e+01	485	4.569514e-01	5.401481e-01	
2.435000e+01	487	4.702000e+02	6.992459e+02	8330	7.852190e+03	2.440000e+01	488	0	0	7483	7.280214e+03	2.435000e+01	487	9.465694e-01	9.182306e-01	2.435000e+01	487	5.404466e-01	5.401481e-01	
2.445000e+01	489	1424	6.992459e+02	7666	7.852190e+03	2.450000e+01	490	0	0	7236	7.280214e+03	2.445000e+01	489	8.433443e-01	9.182306e-01	2.445000e+01	489	5.567806e-01	5.401481e-01	
2.455000e+01	491	-8.282000e+02	6.992459e+02	8282	7.852190e+03	2.460000e+01	492	0	0	7236	7.280214e+03	2.455000e+01	491	1.111111e+00	9.182306e-01	2.455000e+01	491	5.074133e-01	5.401481e-01	
2.465000e+01	493	5.428000e+02	6.992459e+02	7206	7.852190e+03	2.470000e+01	494	0	0	7285	7.280214e+03	2.465000e+01	493	9.299504e-01	9.182306e-01	2.465000e+01	493	5.154252e-01	5.401481e-01	
2.475000e+01	495	7.298000e+02	6.992459e+02	7022	7.852190e+03	2.480000e+01	496	0	0	7610	7.280214e+03	2.475000e+01	495	9.058541e-01	9.182306e-01	2.475000e+01	495	5.046153e-01	5.401481e-01	
2.485000e+01	497	1445	6.992459e+02	7359	7.852190e+03	2.490000e+01	498	0	0	8872	7.280214e+03	2.485000e+01	497	8.358701e-01	9.182306e-01	2.485000e+01	497	4.980765e-01	5.401481e-01	
2.495000e+01	499	6.528000e+02	6.992459e+02	8494	7.852190e+03	25	500	0	0	6624	7.280214e+03	2.495000e+01	499	9.286308e-01	9.182306e-01	2.495000e+01	499	5.799833e-01	5.401481e-01	
2.505000e+01	501	3.281000e+02	6.992459e+02	7624	7.852190e+03	2.510000e+01	502	0	0	8620	7.280214e+03	2.505000e+01	501	9.587405e-01	9.182306e-01	2.505000e+01	501	4.798487e-01	5.401481e-01	
2.515000e+01	503	9.678000e+02	6.992459e+02	7616	7.852190e+03	2.520000e+01	504	0	0	5462	7.280214e+03	2.515000e+01	503	8.872527e-01	9.182306e-01	2.515000e+01	503	6.111293e-01	5.401481e-01	
2.525000e+01	505	6.748000e+02	6.992459e+02	7168	7.852190e+03	2.530000e+01	506	0	0	8251	7.280214e+03	2.525000e+01	505	9.139593e-01	9.182306e-01	2.525000e+01	505	4.873181e-01	5.401481e-01	
2.535000e+01	507	6.008000e+02	6.992459e+02	7246	7.852190e+03	2.540000e+01	508	0	0	7882	7.280214e+03	2.535000e+01	507	9.234338e-01	9.182306e-01	2.535000e+01	507	4.988810e-01	5.401481e-01	
2.545000e+01	509	2.046000e+01	6.992459e+02	7731	7.852190e+03	2.550000e+01	510	0	0	8220	7.280214e+03	2.545000e+01	509	9.973605e-01	9.182306e-01	2.545000e+01	509	4.853320e-01	5.401481e-01	
2.555000e+01	511	9.137000e+02	6.992459e+02	9156	7.852190e+03	2.560000e+01	512	0	0	6584	7.280214e+03	2.555000e+01	511	9.092624e-01	9.182306e-01	2.555000e+01	511	6.046524e-01	5.401481e-01	
2.565000e+01	513	1630	6.992459e+02	9663	7.852190e+03	2.570000e+01	514	0	0	6333	7.280214e+03	2.565000e+01	513	8.556628e-01	9.182306e-01	2.565000e+01	513	6.407012e-01	5.401481e-01	
2.575000e+01	515	1540	6.992459e+02	7071	7.852190e+03	2.580000e+01	516	0	0	6629	7.280214e+03	2.575000e+01	515	8.211590e-01	9.182306e-01	2.575000e+01	515	5.650262e-01	5.401481e-01	
2.585000e+01	517	902	6.992459e+02	7775	7.852190e+03	2.590000e+01	518	0	0	8853	7.280214e+03	2.585000e+01	517	8.960470e-01	9.182306e-01	2.585000e+01	517	4.949800e-01	5.401481e-01	
2.595000e+01	519	1746	6.992459e+02	6991	7.852190e+03	26	520	0	0	6998	7.280214e+03	2.595000e+01	519	8.001602e-01	9.182306e-01	2.595000e+01	519	5.552590e-01	5.401481e-01	
2.605000e+01	521	2.873000e+02	6.992459e+02	6936	7.852190e+03	2.610000e+01	522	0	0	6692	7.280214e+03	2.605000e+01	521	9.602259e-01	9.182306e-01	2.605000e+01	521	5.190905e-01	5.401481e-01	
2.615000e+01	523	9.559000e+02	6.992459e+02	8228	7.852190e+03	2.620000e+01	524	0	0	6624	7.280214e+03	2.615000e+01	523	8.959157e-01	9.182306e-01	2.615000e+01	523	5.809690e-01	5.401481e-01	
2.625000e+01	525	7.537000e+02	6.992459e+02	7159	7.852190e+03	2.630000e+01	526	0	0	6746	7.280214e+03	2.625000e+01	525	9.047481e-01	9.182306e-01	2.625000e+01	525	5.397955e-01	5.401481e-01	
2.635000e+01	527	6.342000e+02	6.992459e+02	7633	7.852190e+03	2.640000e+01	528	0	0	8092	7.280214e+03	2.635000e+01	527	9.232872e-01	9.182306e-01	2.635000e+01	527	5.053548e-01	5.401481e-01	
2.645000e+01	529	5.465000e+02	6.992459e+02	8202	7.852190e+03	2.650000e+01	530	0	0	7376	7.280214e+03	2.645000e+01	529	9.375321e-01	9.182306e-01	2.645000e+01	529	5.425595e-01	5.401481e-01	
2.655000e+01	531	5.949000e+01	6.992459e+02	7386	7.852190e+03	2.660000e+01	532	0	0	6648	7.280214e+03	2.655000e+01	531	9.920099e-01	9.182306e-01	2.655000e+01	531	5.282929e-01	5.401481e-01	
2.665000e+01	533	1014	6.992459e+02	7931	7.852190e+03	2.670000e+01	534	0	0	5352	7.280214e+03	2.665000e+01	533	8.866406e-01	9.182306e-01	2.665000e+01	533	6.256557e-01	5.401481e-01	
2.675000e+01	535	2.213000e+02	6.992459e+02	6525	7.852190e+03	2.680000e+01	536	0	0	7964	7.280214e+03	2.675000e+01	535	9.671968e-01	9.182306e-01	2.675000e+01	535	4.586106e-01	5.401481e-01	
2.685000e+01	537	4.347000e+00	6.992459e+02	7635	7.852190e+03	2.690000e+01	538	0	0	7857	7.280214e+03	2.685000e+01	537	9.994310e-01	9.182306e-01	2.685000e+01	537	4.929773e-01	5.401481e-01	
2.695000e+01	539	1146	6.992459e+02	5925	7.852190e+03	27	540	0	0	7720	7.280214e+03	2.695000e+01	539	8.379296e-01	9.182306e-01	2.695000e+01	539	4.780610e-01	5.401481e-01	
2.705000e+01	541	1074	6.992459e+02	6440	7.852190e+03	2.710000e+01	542	0	0	7705	7.280214e+03	2.705000e+01	541	8.570668e-01	9.182306e-01	2.705000e+01	541	4.937249e-01	5.401481e-01	
2.715000e+01	543	1443	6.992459e+02	7484	7.852190e+03	2.720000e+01	544	0	0	6793	7.280214e+03	2.715000e+01	543	8.383556e-01	9.182306e-01	2.715000e+01	543	5.678753e-01	5.401481e-01	
2.725000e+01	545	-2.785000e+02	6.992459e+02	7173	7.852190e+03	2.730000e+01	546	0	0	6890	7.280214e+03	2.725000e+01	545	1.040395e+00	9.182306e-01	2.725000e+01	545	5.001632e-01	5.401481e-01	
2.735000e+01	547	5.239000e+02	6.992459e+02	8490	7.852190e+03	2.740000e+01	548	0	0	8034	7.280214e+03	2.735000e+01	547	9.418787e-01	9.182306e-01	2.735000e+01	547	5.287396e-01	5.401481e-01	
2.745000e+01	549	9.163000e+02	6.992459e+02	7349	7.852190e+03	2.750000e+01	550	0	0	8004	7.280214e+03	2.745000e+01	549	8.891389e-01	9.182306e-01	2.745000e+01	549	5.080305e-01	5.401481e-01	
2.755000e+01	551	-2.687000e+02	6.992459e+02	6277	7.852190e+03	2.760000e+01	552	0	0	7862	7.280214e+03	2.755000e+01	551	1.044721e+00	9.182306e-01	2.755000e+01	551	4.331774e-01	5.401481e-01	
2.765000e+01	553	1119	6.992459e+02	7710	7.852190e+03	2.770000e+01	554	0	0	8126	7.280214e+03	2.765000e+01	553	8.732586e-01	9.182306e-01	2.765000e+01	553	5.207313e-01	5.401481e-01	
2.775000e+01	555	5.806000e+02	6.992459e+02	8261	7.852190e+03	2.780000e+01	556	0	0	7789	7.280214e+03	2.775000e+01	555	9.343332e-01	9.182306e-01	2.775000e+01	555	5.316465e-01	5.401481e-01	
2.785000e+01	557	1.552000e+02	6.992459e+02	7979	7.852190e+03	2.790000e+01	558	0	0	5220	7.280214e+03	2.785000e+01	557	9.809201e-01	9.182306e-01	2.785000e+01	557	6.091117e-01	5.401481e-01	
2.795000e+01	559	6.565000e+02	6.992459e+02	7844	7.852190e+03	28	560	0	0	6087	7.280214e+03	2.795000e+01	559	9.227692e-01	9.182306e-01	2.795000e+01	559	5.827249e-01	5.401481e-01	
2.805000e+01	561	1432	6.992459e+02	9609	7.852190e+03	2.810000e+01	562	0	0	8226	7.280214e+03	2.805000e+01	561	8.703016e-01	9.182306e-01	2.805000e+01	561	5.730524e-01	5.401481e-01	
2.815000e+01	563	9.257000e+02	6.992459e+02	7517	7.852190e+03	2.820000e+01	564	0	0	7505	7.280214e+03	2.815000e+01	563	8.903550e-01	9.182306e-01	2.815000e+01	563	5.293992e-01	5.401481e-01	
2.825000e+01	565	-2.886000e+02	6.992459e+02	7413	7.852190e+03	2.830000e+01	566	0	0	6956	7.280214e+03	2.825000e+01	565	1.040509e+00	9.182306e-01	2.825000e+01	565	5.059799e-01	5.401481e-01	
2.835000e+01	567	1792	6.992459e+02	9129	7.852190e+03	2.840000e+01	568	0	0	6877	7.280214e+03	2.835000e+01	567	8.359125e-01	9.182306e-01	2.835000e+01	567	6.136083e-01	5.401481e-01	
2.845000e+01	569	5.871000e+02	6.992459e+02	7234	7.852190e+03	2.850000e+01	570	0	0	6370	7.280214e+03	2.845000e+01	569	9.249338e-01	9.182306e-01	2.845000e+01	569	5.511271e-01	5.401481e-01	
2.855000e+01	571	-1.535000e+02	6.992459e+02	9254	7.852190e+03	2.860000e+01	572	0	0	6220	7.280214e+03	2.855000e+01	571	1.016867e+00	9.182306e-01	2.855000e+01	571	5.940080e-01	5.401481e-01	
2.865000e+01	573	8.449000e+02	6.992459e+02	9702	7.852190e+03	2.870000e+01	574	0	0	8744	7.280214e+03	2.865000e+01	573	9.198912e-01	9.182306e-01	2.865000e+01	573	5.467293e-01	5.401481e-01	
2.875000e+01	575	1495	6.992459e+02	7575	7.852190e+03	2.880000e+01	576	0	0	6424	7.280214e+03	2.875000e+01	575	8.351709e-01	9.182306e-01	2.875000e+01	575	5.853879e-01	5.401481e-01	
2.885000e+01	577	6.623000e+02	6.992459e+02	8911	7.852190e+03	2.890000e+01	578	0	0	7714	7.280214e+03	2.885000e+01	577	9.308180e-01	9.182306e-01	2.885000e+01	577	5.537765e-01	5.401481e-01	
2.895000e+01	579	-8.592000e+02	6.992459e+02	8711	7.852190e+03	29	580	0	0	7863	7.280214e+03	2.895000e+01	579	1.109427e+00	9.182306e-01	2.895000e+01	579	4.996436e-01	5.401481e-01	
2.905000e+01	581	-2.948000e+01	6.992459e+02	8631	7.852190e+03	2.910000e+01	582	0	0	7893	7.280214e+03	2.905000e+01	581	1.003427e+00	9.182306e-01	2.905000e+01	581	5.214774e-01	5.401481e-01	
2.915000e+01	583	3.747000e+02	6.992459e+02	9036	7.852190e+03	2.920000e+01	584	0	0	7288	7.280214e+03	2.915000e+01	583	9.601836e-01	9.182306e-01	2.915000e+01	583	5.635588e-01	5.401481e-01	
2.925000e+01	585	-1.499000e+02	6.992459e+02	7458	7.852190e+03	2.930000e+01	586	0	0	9071	7.280214e+03	2.925000e+01	585	1.020511e+00	9.182306e-01	2.925000e+01	585	4.461845e-01	5.401481e-01	
2.935000e+01	587	-3.588000e+02	6.992459e+02	8031	7.852190e+03	2.940000e+01	588	0	0	8452	7.280214e+03	2.935000e+01	587	1.046766e+00	9.182306e-01	2.935000e+01	587	4.758190e-01	5.401481e-01	
2.945000e+01	589	1150	6.992459e+02	7336	7.852190e+03	2.950000e+01	590	0	0	6480	7.280214e+03	2.945000e+01	589	8.644827e-01	9.182306e-01	2.945000e+01	589	5.670186e-01	5.401481e-01	
2.955000e+01	591	6973	6.451038e+03	1236	5.393311e+02	2.960000e+01	592	0	0	6302	7.280214e+03	2.955000e+01	591	1.505665e-01	7.715345e-02	2.955000e+01	591	5.657088e-01	4.898447e-01	
2.965000e+01	593	8130	6.451038e+03	1401	5.393311e+02	2.970000e+01	594	0	0	8373	7.280214e+03	2.965000e+01	593	1.469940e-01	7.715345e-02	2.965000e+01	593	5.323391e-01	4.898447e-01	
2.975000e+01	595	8534	6.451038e+03	3.407000e+02	5.393311e+02	2.980000e+01	596	0	0	7190	7.280214e+03	2.975000e+01	595	3.839003e-02	7.715345e-02	2.975000e+01	595	5.524348e-01	4.898447e-01	
2.985000e+01	597	7339	6.451038e+03	1082	5.393311e+02	2.990000e+01	598	0	0	6979	7.280214e+03	2.985000e+01	597	1.284883e-01	7.715345e-02	2.985000e+01	597	5.468182e-01	4.898447e-01	
2.995000e+01	599	7395	6.451038e+03	5.284000e+02	5.393311e+02	30	600	0	0	7102	7.280214e+03	2.995000e+01	599	6.668854e-02	7.715345e-02	2.995000e+01	599	5.273337e-01	4.898447e-01	
3.005000e+01	601	8464	6.451038e+03	7.394000e+02	5.393311e+02	3.010000e+01	602	0	0	10480	7.280214e+03	3.005000e+01	601	8.033987e-02	7.715345e-02	3.005000e+01	601	4.675717e-01	4.898447e-01	
3.015000e+01	603	7674	6.451038e+03	2.069000e+02	5.393311e+02	3.020000e+01	604	0	0	4667	7.280214e+03	3.015000e+01	603	2.625335e-02	7.715345e-02	3.015000e+01	603	6.280653e-01	4.898447e-01	
3.025000e+01	605	6224	6.451038e+03	4.296000e+01	5.393311e+02	3.030000e+01	606	0	0	5691	7.280214e+03	3.025000e+01	605	6.854998e-03	7.715345e-02	3.025000e+01	605	5.240827e-01	4.898447e-01	
3.035000e+01	607	8545	6.451038e+03	-7.362000e+01	5.393311e+02	3.040000e+01	608	0	0	7620	7.280214e+03	3.035000e+01	607	-8.690438e-03	7.715345e-02	3.035000e+01	607	5.264545e-01	4.898447e-01	
3.045000e+01	609	5678	6.451038e+03	1286	5.393311e+02	3.050000e+01	610	0	0	5935	7.280214e+03	3.045000e+01	609	1.846640e-01	7.715345e-02	3.045000e+01	609	5.398868e-01	4.898447e-01	
3.055000e+01	611	382	6.992459e+02	7593	7.852190e+03	3.060000e+01	612	0	0	6024	7.280214e+03	3.055000e+01	611	9.521003e-01	9.182306e-01	3.055000e+01	611	5.696835e-01	5.401481e-01	
3.065000e+01	613	6.826000e+02	6.992459e+02	7611	7.852190e+03	3.070000e+01	614	0	0	7224	7.280214e+03	3.065000e+01	613	9.176956e-01	9.182306e-01	3.065000e+01	613	5.344641e-01	5.401481e-01	
3.075000e+01	615	1554	6.992459e+02	9185	7.852190e+03	3.080000e+01	616	0	0	7207	7.280214e+03	3.075000e+01	615	8.552938e-01	9.182306e-01	3.075000e+01	615	5.984063e-01	5.401481e-01	
3.085000e+01	617	3.507000e+01	6.992459e+02	7099	7.852190e+03	3.090000e+01	618	0	0	7650	7.280214e+03	3.085000e+01	617	9.950842e-01	9.182306e-01	3.085000e+01	617	4.825512e-01	5.401481e-01	
3.095000e+01	619	5.741000e+02	6.992459e+02	8667	7.852190e+03	31	620	0	0	5781	7.280214e+03	3.095000e+01	619	9.378754e-01	9.182306e-01	3.095000e+01	619	6.151670e-01	5.401481e-01	
3.105000e+01	621	9.536000e+02	6.992459e+02	6053	7.852190e+03	3.110000e+01	622	0	0	7695	7.280214e+03	3.105000e+01	621	8.638998e-01	9.182306e-01	3.105000e+01	621	4.765876e-01	5.401481e-01	
3.115000e+01	623	1445	6.992459e+02	7582	7.852190e+03	3.120000e+01	624	0	0	8592	7.280214e+03	3.115000e+01	623	8.399247e-01	9.182306e-01	3.115000e+01	623	5.123446e-01	5.401481e-01	
3.125000e+01	625	1548	6.992459e+02	7043	7.852190e+03	3.130000e+01	626	0	0	6196	7.280214e+03	3.125000e+01	625	8.198114e-01	9.182306e-01	3.125000e+01	625	5.809833e-01	5.401481e-01	
3.135000e+01	627	4439	6.451038e+03	1218	5.393311e+02	3.140000e+01	628	0	0	7511	7.280214e+03	3.135000e+01	627	2.153085e-01	7.715345e-02	3.135000e+01	627	4.296021e-01	4.898447e-01	
3.145000e+01	629	6657	6.451038e+03	9.193000e+01	5.393311e+02	3.150000e+01	630	0	0	7405	7.280214e+03	3.145000e+01	629	1.362142e-02	7.715345e-02	3.145000e+01	629	4.768238e-01	4.898447e-01	
3.155000e+01	631	7836	6.451038e+03	-4.830000e+01	5.393311e+02	3.160000e+01	632	0	0	6613	7.280214e+03	3.155000e+01	631	-6.202088e-03	7.715345e-02	3.155000e+01	631	5.407862e-01	4.898447e-01	
3.165000e+01	633	6104	6.451038e+03	1379	5.393311e+02	3.170000e+01	634	0	0	8566	7.280214e+03	3.165000e+01	633	1.842844e-01	7.715345e-02	3.165000e+01	633	4.662596e-01	4.898447e-01	
3.175000e+01	635	6582	6.451038e+03	-1.771000e+02	5.393311e+02	3.180000e+01	636	0	0	6183	7.280214e+03	3.175000e+01	635	-2.765070e-02	7.715345e-02	3.175000e+01	635	5.088140e-01	4.898447e-01	
3.185000e+01	637	6494	6.451038e+03	-3.981000e+02	5.393311e+02	3.190000e+01	638	0	0	6745	7.280214e+03	3.185000e+01	637	-6.530619e-02	7.715345e-02	3.185000e+01	637	4.747253e-01	4.898447e-01	
3.195000e+01	639	7837	6.451038e+03	1410	5.393311e+02	32	640	0	0	8888	7.280214e+03	3.195000e+01	639	1.524819e-01	7.715345e-02	3.195000e+01	639	5.098980e-01	4.898447e-01	
3.205000e+01	641	3402	6.451038e+03	5112	4.465111e+03	3.210000e+01	642	0	0	7367	7.280214e+03	3.205000e+01	641	6.004228e-01	7.715345e-02	3.205000e+01	641	5.361123e-01	5.999083e-01	
3.215000e+01	643	1359	6.992459e+02	6478	7.852190e+03	3.220000e+01	644	0	0	5365	7.280214e+03	3.215000e+01	643	8.265918e-01	9.182306e-01	3.215000e+01	643	5.936222e-01	5.999083e-01	
3.225000e+01	645	1635	6.992459e+02	7848	7.852190e+03	3.230000e+01	646	0	0	8441	7.280214e+03	3.225000e+01	645	8.275862e-01	9.182306e-01	3.225000e+01	645	5.290672e-01	5.999083e-01	
3.235000e+01	647	1516	6.992459e+02	7697	7.852190e+03	3.240000e+01	648	0	0	9077	7.280214e+03	3.235000e+01	647	8.354499e-01	9.182306e-01	3.235000e+01	647	5.037179e-01	5.999083e-01	
3.245000e+01	649	5.771000e+01	6.992459e+02	8342	7.852190e+03	3.250000e+01	650	0	0	8370	7.280214e+03	3.245000e+01	649	9.931295e-01	9.182306e-01	3.245000e+01	649	5.008858e-01	5.999083e-01	
3.255000e+01	651	1752	6.992459e+02	6067	7.852190e+03	3.260000e+01	652	0	0	6536	7.280214e+03	3.255000e+01	651	7.759304e-01	9.182306e-01	3.255000e+01	651	5.446883e-01	5.999083e-01	
3.265000e+01	653	8099	6.451038e+03	-6.070000e+01	5.393311e+02	3.270000e+01	654	0	0	6560	7.280214e+03	3.265000e+01	653	-7.551348e-03	7.715345e-02	3.265000e+01	653	5.506326e-01	4.898447e-01	
3.275000e+01	655	7533	6.451038e+03	1661	5.393311e+02	3.280000e+01	656	0	0	5514	7.280214e+03	3.275000e+01	655	1.806613e-01	7.715345e-02	3.275000e+01	655	6.251020e-01	4.898447e-01	
3.285000e+01	657	5576	6.451038e+03	-1.467000e+02	5.393311e+02	3.290000e+01	658	0	0	5670	7.280214e+03	3.285000e+01	657	-2.702006e-02	7.715345e-02	3.285000e+01	657	4.891570e-01	4.898447e-01	
3.295000e+01	659	5529	6.451038e+03	4.478000e+02	5.393311e+02	33	660	0	0	7471	7.280214e+03	3.295000e+01	659	7.492304e-02	7.715345e-02	3.295000e+01	659	4.444444e-01	4.898447e-01	
3.305000e+01	661	6862	6.451038e+03	4.892000e+02	5.393311e+02	3.310000e+01	662	0	0	6079	7.280214e+03	3.305000e+01	661	6.654696e-02	7.715345e-02	3.305000e+01	661	5.473634e-01	4.898447e-01	
3.315000e+01	663	7289	6.451038e+03	-8.454000e+02	5.393311e+02	3.320000e+01	664	0	0	6444	7.280214e+03	3.315000e+01	663	-1.312000e-01	7.715345e-02	3.315000e+01	663	4.999845e-01	4.898447e-01	
3.325000e+01	665	7201	6.451038e+03	1371	5.393311e+02	3.330000e+01	666	0	0	7540	7.280214e+03	3.325000e+01	665	1.599393e-01	7.715345e-02	3.325000e+01	665	5.320258e-01	4.898447e-01	
3.335000e+01	667	6287	6.451038e+03	3362	4.465111e+03	3.340000e+01	668	0	0	7903	7.280214e+03	3.335000e+01	667	3.484299e-01	7.715345e-02	3.335000e+01	667	5.497379e-01	5.999083e-01	
3.345000e+01	669	5277	6.451038e+03	3725	4.465111e+03	3.350000e+01	670	0	0	8208	7.280214e+03	3.345000e+01	669	4.137969e-01	7.715345e-02	3.345000e+01	669	5.230680e-01	5.999083e-01	
3.355000e+01	671	4992	6.451038e+03	5052	4.465111e+03	3.360000e+01	672	0	0	8292	7.280214e+03	3.355000e+01	671	5.029869e-01	7.715345e-02	3.355000e+01	671	5.477749e-01	5.999083e-01	
3.365000e+01	673	3941	6.451038e+03	4440	4.465111e+03	3.370000e+01	674	0	0	8741	7.280214e+03	3.365000e+01	673	5.297697e-01	7.715345e-02	3.365000e+01	673	4.894872e-01	5.999083e-01	
3.375000e+01	675	4118	6.451038e+03	4718	4.465111e+03	3.380000e+01	676	0	0	6824	7.280214e+03	3.375000e+01	675	5.339520e-01	7.715345e-02	3.375000e+01	675	5.642401e-01	5.999083e-01	
3.385000e+01	677	4096	6.451038e+03	5003	4.465111e+03	3.390000e+01	678	0	0	8357	7.280214e+03	3.385000e+01	677	5.498406e-01	7.715345e-02	3.385000e+01	677	5.212534e-01	5.999083e-01	
3.395000e+01	679	3961	6.451038e+03	4871	4.465111e+03	34	680	0	0	8590	7.280214e+03	3.395000e+01	679	5.515172e-01	7.715345e-02	3.395000e+01	679	5.069452e-01	5.999083e-01	
3.405000e+01	681	3630	6.451038e+03	5597	4.465111e+03	3.410000e+01	682	0	0	7037	7.280214e+03	3.405000e+01	681	6.065894e-01	7.715345e-02	3.405000e+01	681	5.673266e-01	5.999083e-01	
3.415000e+01	683	3058	6.451038e+03	4921	4.465111e+03	3.420000e+01	684	0	0	6479	7.280214e+03	3.415000e+01	683	6.167440e-01	7.715345e-02	3.415000e+01	683	5.518744e-01	5.999083e-01	
3.425000e+01	685	2907	6.451038e+03	7285	4.465111e+03	3.430000e+01	686	0	0	7339	7.280214e+03	3.425000e+01	685	7.147763e-01	7.715345e-02	3.425000e+01	685	5.813701e-01	5.999083e-01	
3.435000e+01	687	3229	6.451038e+03	3294	4.465111e+03	3.440000e+01	688	0	0	6458	7.280214e+03	3.435000e+01	687	5.049824e-01	7.715345e-02	3.435000e+01	687	5.025037e-01	5.999083e-01	
3.445000e+01	689	1599	6.451038e+03	5178	4.465111e+03	3.450000e+01	690	0	0	5713	7.280214e+03	3.445000e+01	689	7.640549e-01	7.715345e-02	3.445000e+01	689	5.425941e-01	5.999083e-01	
3.455000e+01	691	5157	6.451038e+03	2851	4.465111e+03	3.460000e+01	692	0	0	8513	7.280214e+03	3.455000e+01	691	3.560190e-01	0	3.455000e+01	691	4.847164e-01	0	
