time at 532nm	frame at 532nm	I_1 at 532nm(counts)	discr.I_1 at 532nm(counts)	I_2 at 532nm(counts)	discr.I_2 at 532nm(counts)	time at 638nm	frame at 638nm	I_1 at 638nm(counts)	discr.I_1 at 638nm(counts)	I_2 at 638nm(counts)	discr.I_2 at 638nm(counts)	time at 532nm	frame at 532nm	FRET_1>2	discr.FRET_1>2	time at 532nm	frame at 532nm	S_1>2	discr.S_1>2	
5.000000e-02	1	2035	7.451122e+02	6146	6.294490e+03	1.000000e-01	2	0	0	7593	6.259927e+03	5.000000e-02	1	7.512529e-01	8.941542e-01	5.000000e-02	1	5.186383e-01	5.293121e-01	
1.500000e-01	3	5.255000e+02	7.451122e+02	5715	6.294490e+03	2.000000e-01	4	0	0	7556	6.259927e+03	1.500000e-01	3	9.157920e-01	8.941542e-01	1.500000e-01	3	4.523249e-01	5.293121e-01	
2.500000e-01	5	6.665000e+02	7.451122e+02	6688	6.294490e+03	3.000000e-01	6	0	0	6272	6.259927e+03	2.500000e-01	5	9.093752e-01	8.941542e-01	2.500000e-01	5	5.397204e-01	5.293121e-01	
3.500000e-01	7	5.713000e+02	7.451122e+02	5343	6.294490e+03	4.000000e-01	8	0	0	5922	6.259927e+03	3.500000e-01	7	9.034036e-01	8.941542e-01	3.500000e-01	7	4.996747e-01	5.293121e-01	
4.500000e-01	9	5.066000e+02	7.451122e+02	7287	6.294490e+03	5.000000e-01	10	0	0	6363	6.259927e+03	4.500000e-01	9	9.349979e-01	8.941542e-01	4.500000e-01	9	5.505277e-01	5.293121e-01	
5.500000e-01	11	4183	5.392943e+03	3575	1.599027e+03	6.000000e-01	12	0	0	6167	6.259927e+03	5.500000e-01	11	4.608146e-01	2.286947e-01	5.500000e-01	11	5.571275e-01	5.276203e-01	
6.500000e-01	13	5310	5.392943e+03	6.028000e+02	1.599027e+03	7.000000e-01	14	0	0	6279	6.259927e+03	6.500000e-01	13	1.019483e-01	2.286947e-01	6.500000e-01	13	4.849817e-01	5.276203e-01	
7.500000e-01	15	5733	5.392943e+03	1850	1.599027e+03	8.000000e-01	16	0	0	8062	6.259927e+03	7.500000e-01	15	2.439668e-01	2.286947e-01	7.500000e-01	15	4.846916e-01	5.276203e-01	
8.500000e-01	17	4868	5.392943e+03	1942	1.599027e+03	9.000000e-01	18	0	0	5616	6.259927e+03	8.500000e-01	17	2.851689e-01	2.286947e-01	8.500000e-01	17	5.480444e-01	5.276203e-01	
9.500000e-01	19	1708	7.451122e+02	6108	6.294490e+03	1	20	0	0	8522	6.259927e+03	9.500000e-01	19	7.814739e-01	8.941542e-01	9.500000e-01	19	4.783939e-01	5.293121e-01	
1.050000e+00	21	1206	7.451122e+02	7337	6.294490e+03	1.100000e+00	22	0	0	7654	6.259927e+03	1.050000e+00	21	8.588318e-01	8.941542e-01	1.050000e+00	21	5.274434e-01	5.293121e-01	
1.150000e+00	23	6.271000e+02	7.451122e+02	6758	6.294490e+03	1.200000e+00	24	0	0	5312	6.259927e+03	1.150000e+00	23	9.150858e-01	8.941542e-01	1.150000e+00	23	5.816368e-01	5.293121e-01	
1.250000e+00	25	-9.337000e+01	7.451122e+02	4482	6.294490e+03	1.300000e+00	26	0	0	7165	6.259927e+03	1.250000e+00	25	1.021275e+00	8.941542e-01	1.250000e+00	25	3.798486e-01	5.293121e-01	
1.350000e+00	27	5.146000e+02	7.451122e+02	4797	6.294490e+03	1.400000e+00	28	0	0	5465	6.259927e+03	1.350000e+00	27	9.031177e-01	8.941542e-01	1.350000e+00	27	4.928827e-01	5.293121e-01	
1.450000e+00	29	1031	7.451122e+02	7184	6.294490e+03	1.500000e+00	30	0	0	8062	6.259927e+03	1.450000e+00	29	8.744979e-01	8.941542e-01	1.450000e+00	29	5.046999e-01	5.293121e-01	
1.550000e+00	31	5.521000e+02	7.451122e+02	7119	6.294490e+03	1.600000e+00	32	0	0	6023	6.259927e+03	1.550000e+00	31	9.280286e-01	8.941542e-01	1.550000e+00	31	5.601756e-01	5.293121e-01	
1.650000e+00	33	7.473000e+02	7.451122e+02	6916	6.294490e+03	1.700000e+00	34	0	0	5686	6.259927e+03	1.650000e+00	33	9.024833e-01	8.941542e-01	1.650000e+00	33	5.740601e-01	5.293121e-01	
1.750000e+00	35	5.607000e+02	7.451122e+02	6845	6.294490e+03	1.800000e+00	36	0	0	6278	6.259927e+03	1.750000e+00	35	9.242880e-01	8.941542e-01	1.750000e+00	35	5.412060e-01	5.293121e-01	
1.850000e+00	37	5.738000e+02	7.451122e+02	7688	6.294490e+03	1.900000e+00	38	0	0	5947	6.259927e+03	1.850000e+00	37	9.305478e-01	8.941542e-01	1.850000e+00	37	5.814566e-01	5.293121e-01	
1.950000e+00	39	1098	7.451122e+02	7692	6.294490e+03	2	40	0	0	6333	6.259927e+03	1.950000e+00	39	8.750853e-01	8.941542e-01	1.950000e+00	39	5.812339e-01	5.293121e-01	
2.050000e+00	41	1589	7.451122e+02	5524	6.294490e+03	2.100000e+00	42	0	0	6515	6.259927e+03	2.050000e+00	41	7.766062e-01	8.941542e-01	2.050000e+00	41	5.219401e-01	5.293121e-01	
2.150000e+00	43	-2.575000e+02	7.451122e+02	6205	6.294490e+03	2.200000e+00	44	0	0	5810	6.259927e+03	2.150000e+00	43	1.043296e+00	8.941542e-01	2.150000e+00	43	5.058473e-01	5.293121e-01	
2.250000e+00	45	2.507000e+02	7.451122e+02	5839	6.294490e+03	2.300000e+00	46	0	0	4591	6.259927e+03	2.250000e+00	45	9.588321e-01	8.941542e-01	2.250000e+00	45	5.701593e-01	5.293121e-01	
2.350000e+00	47	1552	7.451122e+02	6915	6.294490e+03	2.400000e+00	48	0	0	5260	6.259927e+03	2.350000e+00	47	8.167001e-01	8.941542e-01	2.350000e+00	47	6.168136e-01	5.293121e-01	
2.450000e+00	49	-2.163000e+02	7.451122e+02	7168	6.294490e+03	2.500000e+00	50	0	0	5198	6.259927e+03	2.450000e+00	49	1.031115e+00	8.941542e-01	2.450000e+00	49	5.721705e-01	5.293121e-01	
2.550000e+00	51	9.563000e+02	7.451122e+02	6870	6.294490e+03	2.600000e+00	52	0	0	5035	6.259927e+03	2.550000e+00	51	8.778094e-01	8.941542e-01	2.550000e+00	51	6.085155e-01	5.293121e-01	
2.650000e+00	53	7.071000e+02	7.451122e+02	5811	6.294490e+03	2.700000e+00	54	0	0	4925	6.259927e+03	2.650000e+00	53	8.915175e-01	8.941542e-01	2.650000e+00	53	5.696096e-01	5.293121e-01	
2.750000e+00	55	1464	7.451122e+02	6297	6.294490e+03	2.800000e+00	56	0	0	4750	6.259927e+03	2.750000e+00	55	8.113645e-01	8.941542e-01	2.750000e+00	55	6.203341e-01	5.293121e-01	
2.850000e+00	57	1696	7.451122e+02	6301	6.294490e+03	2.900000e+00	58	0	0	4951	6.259927e+03	2.850000e+00	57	7.879205e-01	8.941542e-01	2.850000e+00	57	6.176243e-01	5.293121e-01	
2.950000e+00	59	1340	7.451122e+02	6886	6.294490e+03	3	60	0	0	6894	6.259927e+03	2.950000e+00	59	8.371019e-01	8.941542e-01	2.950000e+00	59	5.440476e-01	5.293121e-01	
3.050000e+00	61	296	7.451122e+02	5872	6.294490e+03	3.100000e+00	62	0	0	5418	6.259927e+03	3.050000e+00	61	9.520104e-01	8.941542e-01	3.050000e+00	61	5.323666e-01	5.293121e-01	
3.150000e+00	63	6.053000e+02	7.451122e+02	7676	6.294490e+03	3.200000e+00	64	0	0	5420	6.259927e+03	3.150000e+00	63	9.269076e-01	8.941542e-01	3.150000e+00	63	6.044171e-01	5.293121e-01	
3.250000e+00	65	1042	7.451122e+02	6412	6.294490e+03	3.300000e+00	66	0	0	6360	6.259927e+03	3.250000e+00	65	8.602093e-01	8.941542e-01	3.250000e+00	65	5.395975e-01	5.293121e-01	
3.350000e+00	67	5.951000e+02	7.451122e+02	4745	6.294490e+03	3.400000e+00	68	0	0	5979	6.259927e+03	3.350000e+00	67	8.885601e-01	8.941542e-01	3.350000e+00	67	4.717778e-01	5.293121e-01	
3.450000e+00	69	1283	7.451122e+02	6568	6.294490e+03	3.500000e+00	70	0	0	6567	6.259927e+03	3.450000e+00	69	8.365813e-01	8.941542e-01	3.450000e+00	69	5.445277e-01	5.293121e-01	
3.550000e+00	71	257	7.451122e+02	7378	6.294490e+03	3.600000e+00	72	0	0	8049	6.259927e+03	3.550000e+00	71	9.663392e-01	8.941542e-01	3.550000e+00	71	4.868018e-01	5.293121e-01	
3.650000e+00	73	1721	7.451122e+02	7044	6.294490e+03	3.700000e+00	74	0	0	7288	6.259927e+03	3.650000e+00	73	8.036509e-01	8.941542e-01	3.650000e+00	73	5.460039e-01	5.293121e-01	
3.750000e+00	75	4.347000e+02	7.451122e+02	5974	6.294490e+03	3.800000e+00	76	0	0	5582	6.259927e+03	3.750000e+00	75	9.321703e-01	8.941542e-01	3.750000e+00	75	5.344725e-01	5.293121e-01	
3.850000e+00	77	112	7.451122e+02	6065	6.294490e+03	3.900000e+00	78	0	0	6475	6.259927e+03	3.850000e+00	77	9.818682e-01	8.941542e-01	3.850000e+00	77	4.882232e-01	5.293121e-01	
3.950000e+00	79	1036	7.451122e+02	7907	6.294490e+03	4	80	0	0	6981	6.259927e+03	3.950000e+00	79	8.841552e-01	8.941542e-01	3.950000e+00	79	5.616051e-01	5.293121e-01	
4.050000e+00	81	-5.946000e+02	7.451122e+02	6487	6.294490e+03	4.100000e+00	82	0	0	5421	6.259927e+03	4.050000e+00	81	1.100910e+00	8.941542e-01	4.050000e+00	81	5.208337e-01	5.293121e-01	
4.150000e+00	83	1219	7.451122e+02	7820	6.294490e+03	4.200000e+00	84	0	0	5340	6.259927e+03	4.150000e+00	83	8.651399e-01	8.941542e-01	4.150000e+00	83	6.286251e-01	5.293121e-01	
4.250000e+00	85	242	7.451122e+02	6230	6.294490e+03	4.300000e+00	86	0	0	5306	6.259927e+03	4.250000e+00	85	9.626082e-01	8.941542e-01	4.250000e+00	85	5.494991e-01	5.293121e-01	
4.350000e+00	87	3.947000e+02	7.451122e+02	7346	6.294490e+03	4.400000e+00	88	0	0	7107	6.259927e+03	4.350000e+00	87	9.490098e-01	8.941542e-01	4.350000e+00	87	5.213400e-01	5.293121e-01	
4.450000e+00	89	8.308000e+01	7.451122e+02	6770	6.294490e+03	4.500000e+00	90	0	0	7130	6.259927e+03	4.450000e+00	89	9.878770e-01	8.941542e-01	4.450000e+00	89	4.900980e-01	5.293121e-01	
4.550000e+00	91	4.861000e+02	7.451122e+02	6541	6.294490e+03	4.600000e+00	92	0	0	7378	6.259927e+03	4.550000e+00	91	9.308249e-01	8.941542e-01	4.550000e+00	91	4.878203e-01	5.293121e-01	
4.650000e+00	93	-5.866000e+02	7.451122e+02	6639	6.294490e+03	4.700000e+00	94	0	0	5184	6.259927e+03	4.650000e+00	93	1.096920e+00	8.941542e-01	4.650000e+00	93	5.386423e-01	5.293121e-01	
4.750000e+00	95	5.232000e+02	7.451122e+02	5493	6.294490e+03	4.800000e+00	96	0	0	5992	6.259927e+03	4.750000e+00	95	9.130348e-01	8.941542e-01	4.750000e+00	95	5.010076e-01	5.293121e-01	
4.850000e+00	97	1386	7.451122e+02	6911	6.294490e+03	4.900000e+00	98	0	0	6281	6.259927e+03	4.850000e+00	97	8.329517e-01	8.941542e-01	4.850000e+00	97	5.691453e-01	5.293121e-01	
4.950000e+00	99	1234	7.451122e+02	6024	6.294490e+03	5	100	0	0	6639	6.259927e+03	4.950000e+00	99	8.299807e-01	8.941542e-01	4.950000e+00	99	5.222710e-01	5.293121e-01	
5.050000e+00	101	6.998000e+02	7.451122e+02	6323	6.294490e+03	5.100000e+00	102	0	0	6259	6.259927e+03	5.050000e+00	101	9.003531e-01	8.941542e-01	5.050000e+00	101	5.287536e-01	5.293121e-01	
5.150000e+00	103	6.092000e+02	7.451122e+02	7398	6.294490e+03	5.200000e+00	104	0	0	6526	6.259927e+03	5.150000e+00	103	9.239185e-01	8.941542e-01	5.150000e+00	103	5.509592e-01	5.293121e-01	
5.250000e+00	105	3.792000e+02	7.451122e+02	5665	6.294490e+03	5.300000e+00	106	0	0	7123	6.259927e+03	5.250000e+00	105	9.372622e-01	8.941542e-01	5.250000e+00	105	4.590346e-01	5.293121e-01	
5.350000e+00	107	7830	5.392943e+03	3.803000e+02	1.599027e+03	5.400000e+00	108	0	0	6336	6.259927e+03	5.350000e+00	107	4.631987e-02	2.286947e-01	5.350000e+00	107	5.644253e-01	5.276203e-01	
5.450000e+00	109	7050	5.392943e+03	863	1.599027e+03	5.500000e+00	110	0	0	6280	6.259927e+03	5.450000e+00	109	1.090610e-01	2.286947e-01	5.450000e+00	109	5.575284e-01	5.276203e-01	
5.550000e+00	111	6950	5.392943e+03	3.423000e+02	1.599027e+03	5.600000e+00	112	0	0	7080	6.259927e+03	5.550000e+00	111	4.693992e-02	2.286947e-01	5.550000e+00	111	5.073857e-01	5.276203e-01	
5.650000e+00	113	8237	5.392943e+03	765	1.599027e+03	5.700000e+00	114	0	0	7055	6.259927e+03	5.650000e+00	113	8.498112e-02	2.286947e-01	5.650000e+00	113	5.606278e-01	5.276203e-01	
5.750000e+00	115	5814	5.392943e+03	6.832000e+02	1.599027e+03	5.800000e+00	116	0	0	5347	6.259927e+03	5.750000e+00	115	1.051530e-01	2.286947e-01	5.750000e+00	115	5.485554e-01	5.276203e-01	
5.850000e+00	117	6480	5.392943e+03	1296	1.599027e+03	5.900000e+00	118	0	0	5891	6.259927e+03	5.850000e+00	117	1.666667e-01	2.286947e-01	5.850000e+00	117	5.689617e-01	5.276203e-01	
5.950000e+00	119	5314	5.392943e+03	1744	1.599027e+03	6	120	0	0	6025	6.259927e+03	5.950000e+00	119	2.470955e-01	2.286947e-01	5.950000e+00	119	5.394787e-01	5.276203e-01	
6.050000e+00	121	5588	5.392943e+03	-3.971000e+02	1.599027e+03	6.100000e+00	122	0	0	5931	6.259927e+03	6.050000e+00	121	-7.649926e-02	2.286947e-01	6.050000e+00	121	4.667278e-01	5.276203e-01	
6.150000e+00	123	7789	5.392943e+03	6.508000e+01	1.599027e+03	6.200000e+00	124	0	0	6431	6.259927e+03	6.150000e+00	123	8.286139e-03	2.286947e-01	6.150000e+00	123	5.498100e-01	5.276203e-01	
6.250000e+00	125	6328	5.392943e+03	-7.432000e+02	1.599027e+03	6.300000e+00	126	0	0	6367	6.259927e+03	6.250000e+00	125	-1.330755e-01	2.286947e-01	6.250000e+00	125	4.672769e-01	5.276203e-01	
6.350000e+00	127	2454	5.392943e+03	4126	1.599027e+03	6.400000e+00	128	0	0	7502	6.259927e+03	6.350000e+00	127	6.270517e-01	2.286947e-01	6.350000e+00	127	4.672632e-01	5.276203e-01	
6.450000e+00	129	6.136000e+02	7.451122e+02	7908	6.294490e+03	6.500000e+00	130	0	0	6826	6.259927e+03	6.450000e+00	129	9.279947e-01	8.941542e-01	6.450000e+00	129	5.552399e-01	5.293121e-01	
6.550000e+00	131	1161	7.451122e+02	4976	6.294490e+03	6.600000e+00	132	0	0	6520	6.259927e+03	6.550000e+00	131	8.108196e-01	8.941542e-01	6.550000e+00	131	4.848700e-01	5.293121e-01	
6.650000e+00	133	1435	7.451122e+02	7087	6.294490e+03	6.700000e+00	134	0	0	4758	6.259927e+03	6.650000e+00	133	8.316123e-01	8.941542e-01	6.650000e+00	133	6.417169e-01	5.293121e-01	
6.750000e+00	135	7.918000e+02	7.451122e+02	7104	6.294490e+03	6.800000e+00	136	0	0	5219	6.259927e+03	6.750000e+00	135	8.997188e-01	8.941542e-01	6.750000e+00	135	6.020526e-01	5.293121e-01	
6.850000e+00	137	-1.018000e+02	7.451122e+02	5626	6.294490e+03	6.900000e+00	138	0	0	5934	6.259927e+03	6.850000e+00	137	1.018428e+00	8.941542e-01	6.850000e+00	137	4.821176e-01	5.293121e-01	
6.950000e+00	139	9.378000e+02	7.451122e+02	6369	6.294490e+03	7	140	0	0	4976	6.259927e+03	6.950000e+00	139	8.716538e-01	8.941542e-01	6.950000e+00	139	5.948806e-01	5.293121e-01	
7.050000e+00	141	1750	7.451122e+02	7028	6.294490e+03	7.100000e+00	142	0	0	5307	6.259927e+03	7.050000e+00	141	8.006380e-01	8.941542e-01	7.050000e+00	141	6.232162e-01	5.293121e-01	
7.150000e+00	143	1.984000e+02	7.451122e+02	6253	6.294490e+03	7.200000e+00	144	0	0	7781	6.259927e+03	7.150000e+00	143	9.692470e-01	8.941542e-01	7.150000e+00	143	4.532897e-01	5.293121e-01	
7.250000e+00	145	-302	7.451122e+02	6005	6.294490e+03	7.300000e+00	146	0	0	5521	6.259927e+03	7.250000e+00	145	1.052955e+00	8.941542e-01	7.250000e+00	145	5.081076e-01	5.293121e-01	
7.350000e+00	147	3.811000e+02	7.451122e+02	6642	6.294490e+03	7.400000e+00	148	0	0	7005	6.259927e+03	7.350000e+00	147	9.457362e-01	8.941542e-01	7.350000e+00	147	5.006451e-01	5.293121e-01	
7.450000e+00	149	4.197000e+02	7.451122e+02	7325	6.294490e+03	7.500000e+00	150	0	0	7744	6.259927e+03	7.450000e+00	149	9.458081e-01	8.941542e-01	7.450000e+00	149	5.000226e-01	5.293121e-01	
7.550000e+00	151	1132	7.451122e+02	4996	6.294490e+03	7.600000e+00	152	0	0	5103	6.259927e+03	7.550000e+00	151	8.152742e-01	8.941542e-01	7.550000e+00	151	5.456326e-01	5.293121e-01	
7.650000e+00	153	3.558000e+01	7.451122e+02	5615	6.294490e+03	7.700000e+00	154	0	0	5338	6.259927e+03	7.650000e+00	153	9.937033e-01	8.941542e-01	7.650000e+00	153	5.142229e-01	5.293121e-01	
7.750000e+00	155	1555	7.451122e+02	5972	6.294490e+03	7.800000e+00	156	0	0	7187	6.259927e+03	7.750000e+00	155	7.934104e-01	8.941542e-01	7.750000e+00	155	5.115536e-01	5.293121e-01	
7.850000e+00	157	-25	7.451122e+02	6126	6.294490e+03	7.900000e+00	158	0	0	5903	6.259927e+03	7.850000e+00	157	1.004098e+00	8.941542e-01	7.850000e+00	157	5.082473e-01	5.293121e-01	
7.950000e+00	159	5.001000e+02	7.451122e+02	4931	6.294490e+03	8	160	0	0	6173	6.259927e+03	7.950000e+00	159	9.079192e-01	8.941542e-01	7.950000e+00	159	4.680329e-01	5.293121e-01	
8.050000e+00	161	1597	7.451122e+02	6663	6.294490e+03	8.100000e+00	162	0	0	6128	6.259927e+03	8.050000e+00	161	8.066586e-01	8.941542e-01	8.050000e+00	161	5.740895e-01	5.293121e-01	
8.150000e+00	163	2448	7.451122e+02	6190	6.294490e+03	8.200000e+00	164	0	0	7525	6.259927e+03	8.150000e+00	163	7.166011e-01	8.941542e-01	8.150000e+00	163	5.344305e-01	5.293121e-01	
8.250000e+00	165	-3.435000e+01	7.451122e+02	6566	6.294490e+03	8.300000e+00	166	0	0	5219	6.259927e+03	8.250000e+00	165	1.005259e+00	8.941542e-01	8.250000e+00	165	5.558544e-01	5.293121e-01	
8.350000e+00	167	6.109000e+02	7.451122e+02	6276	6.294490e+03	8.400000e+00	168	0	0	7272	6.259927e+03	8.350000e+00	167	9.112954e-01	8.941542e-01	8.350000e+00	167	4.864008e-01	5.293121e-01	
8.450000e+00	169	2207	7.451122e+02	5340	6.294490e+03	8.500000e+00	170	0	0	7263	6.259927e+03	8.450000e+00	169	7.075659e-01	8.941542e-01	8.450000e+00	169	5.095881e-01	5.293121e-01	
8.550000e+00	171	1891	7.451122e+02	6853	6.294490e+03	8.600000e+00	172	0	0	5522	6.259927e+03	8.550000e+00	171	7.837374e-01	8.941542e-01	8.550000e+00	171	6.129258e-01	5.293121e-01	
8.650000e+00	173	4.217000e+02	7.451122e+02	6164	6.294490e+03	8.700000e+00	174	0	0	6389	6.259927e+03	8.650000e+00	173	9.359673e-01	8.941542e-01	8.650000e+00	173	5.075801e-01	5.293121e-01	
8.750000e+00	175	4.536000e+02	7.451122e+02	5234	6.294490e+03	8.800000e+00	176	0	0	4118	6.259927e+03	8.750000e+00	175	9.202476e-01	8.941542e-01	8.750000e+00	175	5.800359e-01	5.293121e-01	
8.850000e+00	177	3.185000e+02	7.451122e+02	6346	6.294490e+03	8.900000e+00	178	0	0	5792	6.259927e+03	8.850000e+00	177	9.522095e-01	8.941542e-01	8.850000e+00	177	5.350219e-01	5.293121e-01	
8.950000e+00	179	8.242000e+02	7.451122e+02	8710	6.294490e+03	9	180	0	0	4268	6.259927e+03	8.950000e+00	179	9.135533e-01	8.941542e-01	8.950000e+00	179	6.907739e-01	5.293121e-01	
9.050000e+00	181	2.719000e+02	7.451122e+02	6224	6.294490e+03	9.100000e+00	182	0	0	6266	6.259927e+03	9.050000e+00	181	9.581428e-01	8.941542e-01	9.050000e+00	181	5.090073e-01	5.293121e-01	
9.150000e+00	183	7.526000e+02	7.451122e+02	6173	6.294490e+03	9.200000e+00	184	0	0	5447	6.259927e+03	9.150000e+00	183	8.913307e-01	8.941542e-01	9.150000e+00	183	5.597530e-01	5.293121e-01	
9.250000e+00	185	-5.588000e+02	7.451122e+02	5595	6.294490e+03	9.300000e+00	186	0	0	6790	6.259927e+03	9.250000e+00	185	1.110957e+00	8.941542e-01	9.250000e+00	185	4.258511e-01	5.293121e-01	
9.350000e+00	187	8.802000e+02	7.451122e+02	5932	6.294490e+03	9.400000e+00	188	0	0	5297	6.259927e+03	9.350000e+00	187	8.707906e-01	8.941542e-01	9.350000e+00	187	5.625640e-01	5.293121e-01	
9.450000e+00	189	1102	7.451122e+02	5683	6.294490e+03	9.500000e+00	190	0	0	7726	6.259927e+03	9.450000e+00	189	8.375829e-01	8.941542e-01	9.450000e+00	189	4.675763e-01	5.293121e-01	
9.550000e+00	191	-6.215000e+01	7.451122e+02	7142	6.294490e+03	9.600000e+00	192	0	0	6462	6.259927e+03	9.550000e+00	191	1.008778e+00	8.941542e-01	9.550000e+00	191	5.228126e-01	5.293121e-01	
9.650000e+00	193	1806	7.451122e+02	7332	6.294490e+03	9.700000e+00	194	0	0	6494	6.259927e+03	9.650000e+00	193	8.023638e-01	8.941542e-01	9.650000e+00	193	5.845701e-01	5.293121e-01	
9.750000e+00	195	1454	7.451122e+02	7885	6.294490e+03	9.800000e+00	196	0	0	3508	6.259927e+03	9.750000e+00	195	8.443088e-01	8.941542e-01	9.750000e+00	195	7.269401e-01	5.293121e-01	
9.850000e+00	197	3457	5.392943e+03	4261	6.294490e+03	9.900000e+00	198	0	0	8175	6.259927e+03	9.850000e+00	197	5.520860e-01	8.941542e-01	9.850000e+00	197	4.856226e-01	6.512062e-01	
9.950000e+00	199	6.713000e+02	7.451122e+02	5756	6.294490e+03	10	200	0	0	4520	6.259927e+03	9.950000e+00	199	8.955549e-01	8.941542e-01	9.950000e+00	199	5.871128e-01	6.512062e-01	
1.005000e+01	201	8.884000e+02	7.451122e+02	7788	6.294490e+03	1.010000e+01	202	0	0	5825	6.259927e+03	1.005000e+01	201	8.976073e-01	8.941542e-01	1.005000e+01	201	5.983146e-01	6.512062e-01	
1.015000e+01	203	2.708000e+02	7.451122e+02	4966	6.294490e+03	1.020000e+01	204	0	0	6473	6.259927e+03	1.015000e+01	203	9.482890e-01	8.941542e-01	1.015000e+01	203	4.472152e-01	6.512062e-01	
1.025000e+01	205	1245	7.451122e+02	6682	6.294490e+03	1.030000e+01	206	0	0	6948	6.259927e+03	1.025000e+01	205	8.429418e-01	8.941542e-01	1.025000e+01	205	5.329076e-01	6.512062e-01	
1.035000e+01	207	3.807000e+02	7.451122e+02	5525	6.294490e+03	1.040000e+01	208	0	0	4257	6.259927e+03	1.035000e+01	207	9.355369e-01	8.941542e-01	1.035000e+01	207	5.811153e-01	6.512062e-01	
1.045000e+01	209	1976	7.451122e+02	5476	6.294490e+03	1.050000e+01	210	0	0	6977	6.259927e+03	1.045000e+01	209	7.348363e-01	8.941542e-01	1.045000e+01	209	5.164599e-01	6.512062e-01	
1.055000e+01	211	3799	5.392943e+03	5125	6.294490e+03	1.060000e+01	212	0	0	6503	6.259927e+03	1.055000e+01	211	5.742940e-01	8.941542e-01	1.055000e+01	211	5.784663e-01	6.512062e-01	
1.065000e+01	213	4154	5.392943e+03	2653	1.599027e+03	1.070000e+01	214	0	0	5709	6.259927e+03	1.065000e+01	213	3.897458e-01	2.286947e-01	1.065000e+01	213	5.438639e-01	6.512062e-01	
1.075000e+01	215	4009	5.392943e+03	2943	1.599027e+03	1.080000e+01	216	0	0	5890	6.259927e+03	1.075000e+01	215	4.233314e-01	2.286947e-01	1.075000e+01	215	5.413487e-01	6.512062e-01	
1.085000e+01	217	4445	5.392943e+03	2871	1.599027e+03	1.090000e+01	218	0	0	7179	6.259927e+03	1.085000e+01	217	3.924276e-01	2.286947e-01	1.085000e+01	217	5.047258e-01	6.512062e-01	
1.095000e+01	219	4022	5.392943e+03	3345	1.599027e+03	11	220	0	0	7679	6.259927e+03	1.095000e+01	219	4.540519e-01	2.286947e-01	1.095000e+01	219	4.896318e-01	6.512062e-01	
1.105000e+01	221	3401	5.392943e+03	2467	1.599027e+03	1.110000e+01	222	0	0	4738	6.259927e+03	1.105000e+01	221	4.204158e-01	2.286947e-01	1.105000e+01	221	5.532717e-01	6.512062e-01	
1.115000e+01	223	4436	5.392943e+03	4385	1.599027e+03	1.120000e+01	224	0	0	5594	6.259927e+03	1.115000e+01	223	4.971092e-01	2.286947e-01	1.115000e+01	223	6.119320e-01	6.512062e-01	
1.125000e+01	225	4367	5.392943e+03	3849	1.599027e+03	1.130000e+01	226	0	0	7060	6.259927e+03	1.125000e+01	225	4.684761e-01	2.286947e-01	1.125000e+01	225	5.378371e-01	6.512062e-01	
1.135000e+01	227	2518	5.392943e+03	2469	1.599027e+03	1.140000e+01	228	0	0	7507	6.259927e+03	1.135000e+01	227	4.950872e-01	2.286947e-01	1.135000e+01	227	3.991516e-01	6.512062e-01	
1.145000e+01	229	3992	5.392943e+03	4312	1.599027e+03	1.150000e+01	230	0	0	7743	6.259927e+03	1.145000e+01	229	5.192678e-01	2.286947e-01	1.145000e+01	229	5.174799e-01	6.512062e-01	
1.155000e+01	231	4067	5.392943e+03	3602	1.599027e+03	1.160000e+01	232	0	0	6325	6.259927e+03	1.155000e+01	231	4.696831e-01	2.286947e-01	1.155000e+01	231	5.480206e-01	6.512062e-01	
1.165000e+01	233	4504	5.392943e+03	3496	1.599027e+03	1.170000e+01	234	0	0	7348	6.259927e+03	1.165000e+01	233	4.370000e-01	2.286947e-01	1.165000e+01	233	5.212406e-01	6.512062e-01	
1.175000e+01	235	4687	5.392943e+03	2476	1.599027e+03	1.180000e+01	236	0	0	6058	6.259927e+03	1.175000e+01	235	3.456652e-01	2.286947e-01	1.175000e+01	235	5.417896e-01	6.512062e-01	
1.185000e+01	237	2745	5.392943e+03	2687	1.599027e+03	1.190000e+01	238	0	0	4915	6.259927e+03	1.185000e+01	237	4.946613e-01	2.286947e-01	1.185000e+01	237	5.249831e-01	6.512062e-01	
1.195000e+01	239	2443	5.392943e+03	4708	6.294490e+03	12	240	0	0	6454	6.259927e+03	1.195000e+01	239	6.583695e-01	2.286947e-01	1.195000e+01	239	5.256156e-01	6.512062e-01	
1.205000e+01	241	3559	5.392943e+03	4167	6.294490e+03	1.210000e+01	242	0	0	6816	6.259927e+03	1.205000e+01	241	5.393477e-01	2.286947e-01	1.205000e+01	241	5.312887e-01	6.512062e-01	
1.215000e+01	243	1725	7.451122e+02	4513	6.294490e+03	1.220000e+01	244	0	0	5139	6.259927e+03	1.215000e+01	243	7.234691e-01	2.286947e-01	1.215000e+01	243	5.482992e-01	5.293121e-01	
1.225000e+01	245	6.094000e+02	7.451122e+02	4294	6.294490e+03	1.230000e+01	246	0	0	5012	6.259927e+03	1.225000e+01	245	8.757189e-01	2.286947e-01	1.225000e+01	245	4.945237e-01	5.293121e-01	
1.235000e+01	247	1211	7.451122e+02	6363	6.294490e+03	1.240000e+01	248	0	0	5996	6.259927e+03	1.235000e+01	247	8.401109e-01	2.286947e-01	1.235000e+01	247	5.581430e-01	5.293121e-01	
1.245000e+01	249	-1.332000e+02	7.451122e+02	6518	6.294490e+03	1.250000e+01	250	0	0	5343	6.259927e+03	1.245000e+01	249	1.020862e+00	2.286947e-01	1.245000e+01	249	5.444158e-01	5.293121e-01	
1.255000e+01	251	1099	7.451122e+02	6081	6.294490e+03	1.260000e+01	252	0	0	5583	6.259927e+03	1.255000e+01	251	8.469359e-01	2.286947e-01	1.255000e+01	251	5.625637e-01	5.293121e-01	
1.265000e+01	253	5.849000e+02	7.451122e+02	6651	6.294490e+03	1.270000e+01	254	0	0	6152	6.259927e+03	1.265000e+01	253	9.191669e-01	2.286947e-01	1.265000e+01	253	5.404806e-01	5.293121e-01	
1.275000e+01	255	5.893000e+02	7.451122e+02	6343	6.294490e+03	1.280000e+01	256	0	0	7483	6.259927e+03	1.275000e+01	255	9.149921e-01	2.286947e-01	1.275000e+01	255	4.808988e-01	5.293121e-01	
1.285000e+01	257	5.325000e+02	7.451122e+02	8446	6.294490e+03	1.290000e+01	258	0	0	6223	6.259927e+03	1.285000e+01	257	9.406917e-01	2.286947e-01	1.285000e+01	257	5.906325e-01	5.293121e-01	
1.295000e+01	259	1.422000e+02	7.451122e+02	6536	6.294490e+03	13	260	0	0	6519	6.259927e+03	1.295000e+01	259	9.787068e-01	2.286947e-01	1.295000e+01	259	5.060316e-01	5.293121e-01	
1.305000e+01	261	9.078000e+02	7.451122e+02	6333	6.294490e+03	1.310000e+01	262	0	0	5426	6.259927e+03	1.305000e+01	261	8.746271e-01	2.286947e-01	1.305000e+01	261	5.716361e-01	5.293121e-01	
1.315000e+01	263	1066	7.451122e+02	7663	6.294490e+03	1.320000e+01	264	0	0	6841	6.259927e+03	1.315000e+01	263	8.778783e-01	2.286947e-01	1.315000e+01	263	5.606294e-01	5.293121e-01	
1.325000e+01	265	5040	5.392943e+03	2877	1.599027e+03	1.330000e+01	266	0	0	6714	6.259927e+03	1.325000e+01	265	3.633952e-01	2.286947e-01	1.325000e+01	265	5.411113e-01	5.276203e-01	
1.335000e+01	267	6340	5.392943e+03	6.272000e+02	1.599027e+03	1.340000e+01	268	0	0	6694	6.259927e+03	1.335000e+01	267	9.002182e-02	2.286947e-01	1.335000e+01	267	5.099991e-01	5.276203e-01	
1.345000e+01	269	4710	5.392943e+03	3450	1.599027e+03	1.350000e+01	270	0	0	5988	6.259927e+03	1.345000e+01	269	4.227941e-01	2.286947e-01	1.345000e+01	269	5.767600e-01	5.276203e-01	
1.355000e+01	271	5.471000e+02	7.451122e+02	6983	6.294490e+03	1.360000e+01	272	0	0	8094	6.259927e+03	1.355000e+01	271	9.273449e-01	8.941542e-01	1.355000e+01	271	4.819542e-01	5.293121e-01	
1.365000e+01	273	3.925000e+02	7.451122e+02	6252	6.294490e+03	1.370000e+01	274	0	0	8094	6.259927e+03	1.365000e+01	273	9.409286e-01	8.941542e-01	1.365000e+01	273	4.508261e-01	5.293121e-01	
1.375000e+01	275	-6.879000e+02	7.451122e+02	6249	6.294490e+03	1.380000e+01	276	0	0	5519	6.259927e+03	1.375000e+01	275	1.123699e+00	8.941542e-01	1.375000e+01	275	5.018998e-01	5.293121e-01	
1.385000e+01	277	3441	5.392943e+03	3826	1.599027e+03	1.390000e+01	278	0	0	7048	6.259927e+03	1.385000e+01	277	5.264896e-01	2.286947e-01	1.385000e+01	277	5.076493e-01	5.276203e-01	
1.395000e+01	279	6848	5.392943e+03	7.159000e+02	1.599027e+03	14	280	0	0	6242	6.259927e+03	1.395000e+01	279	9.464694e-02	2.286947e-01	1.395000e+01	279	5.478745e-01	5.276203e-01	
1.405000e+01	281	4428	5.392943e+03	1081	1.599027e+03	1.410000e+01	282	0	0	7288	6.259927e+03	1.405000e+01	281	1.962244e-01	2.286947e-01	1.405000e+01	281	4.304915e-01	5.276203e-01	
1.415000e+01	283	6237	5.392943e+03	1057	1.599027e+03	1.420000e+01	284	0	0	7552	6.259927e+03	1.415000e+01	283	1.449136e-01	2.286947e-01	1.415000e+01	283	4.913108e-01	5.276203e-01	
1.425000e+01	285	5045	5.392943e+03	1841	1.599027e+03	1.430000e+01	286	0	0	5073	6.259927e+03	1.425000e+01	285	2.673541e-01	2.286947e-01	1.425000e+01	285	5.758007e-01	5.276203e-01	
1.435000e+01	287	6522	5.392943e+03	7.689000e+02	1.599027e+03	1.440000e+01	288	0	0	6190	6.259927e+03	1.435000e+01	287	1.054602e-01	2.286947e-01	1.435000e+01	287	5.408318e-01	5.276203e-01	
1.445000e+01	289	6016	5.392943e+03	513	1.599027e+03	1.450000e+01	290	0	0	6195	6.259927e+03	1.445000e+01	289	7.857252e-02	2.286947e-01	1.445000e+01	289	5.131248e-01	5.276203e-01	
1.455000e+01	291	6400	5.392943e+03	1284	1.599027e+03	1.460000e+01	292	0	0	5670	6.259927e+03	1.455000e+01	291	1.671005e-01	2.286947e-01	1.455000e+01	291	5.754081e-01	5.276203e-01	
1.465000e+01	293	6680	5.392943e+03	5.198000e+02	1.599027e+03	1.470000e+01	294	0	0	4821	6.259927e+03	1.465000e+01	293	7.219645e-02	2.286947e-01	1.465000e+01	293	5.989452e-01	5.276203e-01	
1.475000e+01	295	7659	5.392943e+03	9.345000e+02	1.599027e+03	1.480000e+01	296	0	0	3840	6.259927e+03	1.475000e+01	295	1.087450e-01	2.286947e-01	1.475000e+01	295	6.911570e-01	5.276203e-01	
1.485000e+01	297	6214	5.392943e+03	2072	1.599027e+03	1.490000e+01	298	0	0	5953	6.259927e+03	1.485000e+01	297	2.500603e-01	2.286947e-01	1.485000e+01	297	5.819229e-01	5.276203e-01	
1.495000e+01	299	5409	5.392943e+03	-5.588000e+02	1.599027e+03	15	300	0	0	6232	6.259927e+03	1.495000e+01	299	-1.152117e-01	2.286947e-01	1.495000e+01	299	4.376568e-01	5.276203e-01	
1.505000e+01	301	6818	5.392943e+03	1369	1.599027e+03	1.510000e+01	302	0	0	6432	6.259927e+03	1.505000e+01	301	1.672163e-01	2.286947e-01	1.505000e+01	301	5.600246e-01	5.276203e-01	
1.515000e+01	303	7210	5.392943e+03	1469	1.599027e+03	1.520000e+01	304	0	0	6430	6.259927e+03	1.515000e+01	303	1.692591e-01	2.286947e-01	1.515000e+01	303	5.744258e-01	5.276203e-01	
1.525000e+01	305	5842	5.392943e+03	2130	1.599027e+03	1.530000e+01	306	0	0	5816	6.259927e+03	1.525000e+01	305	2.671851e-01	2.286947e-01	1.525000e+01	305	5.781839e-01	5.276203e-01	
1.535000e+01	307	6495	5.392943e+03	1780	1.599027e+03	1.540000e+01	308	0	0	5476	6.259927e+03	1.535000e+01	307	2.151057e-01	2.286947e-01	1.535000e+01	307	6.017744e-01	5.276203e-01	
1.545000e+01	309	7661	5.392943e+03	1116	1.599027e+03	1.550000e+01	310	0	0	5860	6.259927e+03	1.545000e+01	309	1.271505e-01	2.286947e-01	1.545000e+01	309	5.996447e-01	5.276203e-01	
1.555000e+01	311	8002	5.392943e+03	-7.514000e+02	1.599027e+03	1.560000e+01	312	0	0	5684	6.259927e+03	1.555000e+01	311	-1.036328e-01	2.286947e-01	1.555000e+01	311	5.605585e-01	5.276203e-01	
1.565000e+01	313	7083	5.392943e+03	7.921000e+02	1.599027e+03	1.570000e+01	314	0	0	6119	6.259927e+03	1.565000e+01	313	1.005828e-01	2.286947e-01	1.565000e+01	313	5.627443e-01	5.276203e-01	
1.575000e+01	315	1451	7.451122e+02	5292	6.294490e+03	1.580000e+01	316	0	0	6033	6.259927e+03	1.575000e+01	315	7.848139e-01	8.941542e-01	1.575000e+01	315	5.277865e-01	5.293121e-01	
1.585000e+01	317	4.436000e+02	7.451122e+02	4862	6.294490e+03	1.590000e+01	318	0	0	6133	6.259927e+03	1.585000e+01	317	9.163902e-01	8.941542e-01	1.585000e+01	317	4.638330e-01	5.293121e-01	
1.595000e+01	319	633	7.451122e+02	6225	6.294490e+03	16	320	0	0	7416	6.259927e+03	1.595000e+01	319	9.076990e-01	8.941542e-01	1.595000e+01	319	4.804540e-01	5.293121e-01	
1.605000e+01	321	1312	7.451122e+02	5760	6.294490e+03	1.610000e+01	322	0	0	4592	6.259927e+03	1.605000e+01	321	8.144796e-01	8.941542e-01	1.605000e+01	321	6.063100e-01	5.293121e-01	
1.615000e+01	323	3.192000e+02	7.451122e+02	8781	6.294490e+03	1.620000e+01	324	0	0	7133	6.259927e+03	1.615000e+01	323	9.649238e-01	8.941542e-01	1.615000e+01	323	5.605919e-01	5.293121e-01	
1.625000e+01	325	1269	7.451122e+02	5284	6.294490e+03	1.630000e+01	326	0	0	6122	6.259927e+03	1.625000e+01	325	8.063482e-01	8.941542e-01	1.625000e+01	325	5.170020e-01	5.293121e-01	
1.635000e+01	327	3905	5.392943e+03	3418	1.599027e+03	1.640000e+01	328	0	0	5081	6.259927e+03	1.635000e+01	327	4.667486e-01	2.286947e-01	1.635000e+01	327	5.903741e-01	5.276203e-01	
1.645000e+01	329	4218	5.392943e+03	2708	1.599027e+03	1.650000e+01	330	0	0	7890	6.259927e+03	1.645000e+01	329	3.909905e-01	2.286947e-01	1.645000e+01	329	4.674676e-01	5.276203e-01	
1.655000e+01	331	3477	5.392943e+03	3714	1.599027e+03	1.660000e+01	332	0	0	6470	6.259927e+03	1.655000e+01	331	5.164789e-01	2.286947e-01	1.655000e+01	331	5.263890e-01	5.276203e-01	
1.665000e+01	333	3645	5.392943e+03	2314	1.599027e+03	1.670000e+01	334	0	0	7044	6.259927e+03	1.665000e+01	333	3.883202e-01	2.286947e-01	1.665000e+01	333	4.582789e-01	5.276203e-01	
1.675000e+01	335	4016	5.392943e+03	4123	1.599027e+03	1.680000e+01	336	0	0	5266	6.259927e+03	1.675000e+01	335	5.065733e-01	2.286947e-01	1.675000e+01	335	6.071615e-01	5.276203e-01	
1.685000e+01	337	2733	5.392943e+03	2409	1.599027e+03	1.690000e+01	338	0	0	5482	6.259927e+03	1.685000e+01	337	4.684947e-01	2.286947e-01	1.685000e+01	337	4.839985e-01	5.276203e-01	
1.695000e+01	339	3224	5.392943e+03	3389	1.599027e+03	17	340	0	0	6521	6.259927e+03	1.695000e+01	339	5.124754e-01	2.286947e-01	1.695000e+01	339	5.035024e-01	5.276203e-01	
1.705000e+01	341	2990	5.392943e+03	3677	1.599027e+03	1.710000e+01	342	0	0	5621	6.259927e+03	1.705000e+01	341	5.515224e-01	2.286947e-01	1.705000e+01	341	5.425618e-01	5.276203e-01	
1.715000e+01	343	1482	5.392943e+03	2567	1.599027e+03	1.720000e+01	344	0	0	6034	6.259927e+03	1.715000e+01	343	6.339837e-01	2.286947e-01	1.715000e+01	343	4.015670e-01	5.276203e-01	
1.725000e+01	345	3845	5.392943e+03	3986	1.599027e+03	1.730000e+01	346	0	0	4190	6.259927e+03	1.725000e+01	345	5.090027e-01	2.286947e-01	1.725000e+01	345	6.514433e-01	5.276203e-01	
1.735000e+01	347	3671	5.392943e+03	3179	1.599027e+03	1.740000e+01	348	0	0	6244	6.259927e+03	1.735000e+01	347	4.640876e-01	2.286947e-01	1.735000e+01	347	5.231404e-01	5.276203e-01	
1.745000e+01	349	3273	5.392943e+03	3221	1.599027e+03	1.750000e+01	350	0	0	6116	6.259927e+03	1.745000e+01	349	4.959963e-01	2.286947e-01	1.745000e+01	349	5.149881e-01	5.276203e-01	
1.755000e+01	351	2748	5.392943e+03	2437	1.599027e+03	1.760000e+01	352	0	0	6916	6.259927e+03	1.755000e+01	351	4.700096e-01	2.286947e-01	1.755000e+01	351	4.284770e-01	5.276203e-01	
1.765000e+01	353	4047	5.392943e+03	3961	1.599027e+03	1.770000e+01	354	0	0	7307	6.259927e+03	1.765000e+01	353	4.946304e-01	2.286947e-01	1.765000e+01	353	5.228861e-01	5.276203e-01	
1.775000e+01	355	3333	5.392943e+03	2628	1.599027e+03	1.780000e+01	356	0	0	8574	6.259927e+03	1.775000e+01	355	4.408656e-01	2.286947e-01	1.775000e+01	355	4.101135e-01	5.276203e-01	
1.785000e+01	357	1246	7.451122e+02	5307	6.294490e+03	1.790000e+01	358	0	0	7117	6.259927e+03	1.785000e+01	357	8.098581e-01	8.941542e-01	1.785000e+01	357	4.793709e-01	5.293121e-01	
1.795000e+01	359	1.430000e+00	7.451122e+02	6679	6.294490e+03	18	360	0	0	8683	6.259927e+03	1.795000e+01	359	9.997859e-01	8.941542e-01	1.795000e+01	359	4.348267e-01	5.293121e-01	
1.805000e+01	361	7.736000e+02	7.451122e+02	5604	6.294490e+03	1.810000e+01	362	0	0	6452	6.259927e+03	1.805000e+01	361	8.787005e-01	8.941542e-01	1.805000e+01	361	4.971005e-01	5.293121e-01	
1.815000e+01	363	-6.811000e+00	7.451122e+02	5936	6.294490e+03	1.820000e+01	364	0	0	8449	6.259927e+03	1.815000e+01	363	1.001149e+00	8.941542e-01	1.815000e+01	363	4.123738e-01	5.293121e-01	
1.825000e+01	365	2.326000e+02	7.451122e+02	6536	6.294490e+03	1.830000e+01	366	0	0	5166	6.259927e+03	1.825000e+01	365	9.656354e-01	8.941542e-01	1.825000e+01	365	5.671409e-01	5.293121e-01	
1.835000e+01	367	3.515000e+02	7.451122e+02	6903	6.294490e+03	1.840000e+01	368	0	0	7679	6.259927e+03	1.835000e+01	367	9.515473e-01	8.941542e-01	1.835000e+01	367	4.857870e-01	5.293121e-01	
1.845000e+01	369	9.905000e+02	7.451122e+02	5542	6.294490e+03	1.850000e+01	370	0	0	6646	6.259927e+03	1.845000e+01	369	8.483735e-01	8.941542e-01	1.845000e+01	369	4.956937e-01	5.293121e-01	
1.855000e+01	371	8.492000e+02	7.451122e+02	6756	6.294490e+03	1.860000e+01	372	0	0	4208	6.259927e+03	1.855000e+01	371	8.883396e-01	8.941542e-01	1.855000e+01	371	6.437883e-01	5.293121e-01	
1.865000e+01	373	7.167000e+02	7.451122e+02	6174	6.294490e+03	1.870000e+01	374	0	0	6207	6.259927e+03	1.865000e+01	373	8.959902e-01	8.941542e-01	1.865000e+01	373	5.261000e-01	5.293121e-01	
1.875000e+01	375	1043	7.451122e+02	6865	6.294490e+03	1.880000e+01	376	0	0	5303	6.259927e+03	1.875000e+01	375	8.681082e-01	8.941542e-01	1.875000e+01	375	5.985921e-01	5.293121e-01	
1.885000e+01	377	2.702000e+01	7.451122e+02	5272	6.294490e+03	1.890000e+01	378	0	0	5136	6.259927e+03	1.885000e+01	377	9.949009e-01	8.941542e-01	1.885000e+01	377	5.078112e-01	5.293121e-01	
1.895000e+01	379	1557	7.451122e+02	6597	6.294490e+03	19	380	0	0	5609	6.259927e+03	1.895000e+01	379	8.090508e-01	8.941542e-01	1.895000e+01	379	5.924580e-01	5.293121e-01	
1.905000e+01	381	2.768000e+02	7.451122e+02	5993	6.294490e+03	1.910000e+01	382	0	0	6537	6.259927e+03	1.905000e+01	381	9.558519e-01	8.941542e-01	1.905000e+01	381	4.895680e-01	5.293121e-01	
1.915000e+01	383	9.968000e+02	7.451122e+02	6394	6.294490e+03	1.920000e+01	384	0	0	7873	6.259927e+03	1.915000e+01	383	8.651296e-01	8.941542e-01	1.915000e+01	383	4.842045e-01	5.293121e-01	
1.925000e+01	385	4.498000e+02	7.451122e+02	5074	6.294490e+03	1.930000e+01	386	0	0	5728	6.259927e+03	1.925000e+01	385	9.185705e-01	8.941542e-01	1.925000e+01	385	4.909259e-01	5.293121e-01	
1.935000e+01	387	2.759000e+02	7.451122e+02	7327	6.294490e+03	1.940000e+01	388	0	0	5266	6.259927e+03	1.935000e+01	387	9.637112e-01	8.941542e-01	1.935000e+01	387	5.907964e-01	5.293121e-01	
1.945000e+01	389	2749	5.392943e+03	4819	6.294490e+03	1.950000e+01	390	0	0	5069	6.259927e+03	1.945000e+01	389	6.367600e-01	8.941542e-01	1.945000e+01	389	5.988763e-01	6.512062e-01	
1.955000e+01	391	5434	5.392943e+03	6.059000e+02	1.599027e+03	1.960000e+01	392	0	0	5987	6.259927e+03	1.955000e+01	391	1.003162e-01	2.286947e-01	1.955000e+01	391	5.021992e-01	6.512062e-01	
1.965000e+01	393	6853	5.392943e+03	8.143000e+02	1.599027e+03	1.970000e+01	394	0	0	5384	6.259927e+03	1.965000e+01	393	1.062043e-01	2.286947e-01	1.965000e+01	393	5.874740e-01	6.512062e-01	
1.975000e+01	395	7810	5.392943e+03	1344	1.599027e+03	1.980000e+01	396	0	0	6226	6.259927e+03	1.975000e+01	395	1.468211e-01	2.286947e-01	1.975000e+01	395	5.951886e-01	6.512062e-01	
1.985000e+01	397	6336	5.392943e+03	2163	1.599027e+03	1.990000e+01	398	0	0	6989	6.259927e+03	1.985000e+01	397	2.545005e-01	2.286947e-01	1.985000e+01	397	5.487474e-01	6.512062e-01	
1.995000e+01	399	5783	5.392943e+03	4.772000e+02	1.599027e+03	20	400	0	0	6312	6.259927e+03	1.995000e+01	399	7.622760e-02	2.286947e-01	1.995000e+01	399	4.979399e-01	6.512062e-01	
2.005000e+01	401	7013	5.392943e+03	2.654000e+02	1.599027e+03	2.010000e+01	402	0	0	8264	6.259927e+03	2.005000e+01	401	3.646406e-02	2.286947e-01	2.005000e+01	401	4.682932e-01	6.512062e-01	
2.015000e+01	403	1314	7.451122e+02	5450	6.294490e+03	2.020000e+01	404	0	0	6949	6.259927e+03	2.015000e+01	403	8.057363e-01	8.941542e-01	2.015000e+01	403	4.932546e-01	5.293121e-01	
2.025000e+01	405	7.714000e+02	7.451122e+02	8575	6.294490e+03	2.030000e+01	406	0	0	5931	6.259927e+03	2.025000e+01	405	9.174655e-01	8.941542e-01	2.025000e+01	405	6.117795e-01	5.293121e-01	
2.035000e+01	407	1.065000e+02	7.451122e+02	6557	6.294490e+03	2.040000e+01	408	0	0	8094	6.259927e+03	2.035000e+01	407	9.840174e-01	8.941542e-01	2.035000e+01	407	4.515331e-01	5.293121e-01	
2.045000e+01	409	3.091000e+02	7.451122e+02	5303	6.294490e+03	2.050000e+01	410	0	0	6411	6.259927e+03	2.045000e+01	409	9.449226e-01	8.941542e-01	2.045000e+01	409	4.667765e-01	5.293121e-01	
2.055000e+01	411	1167	7.451122e+02	6706	6.294490e+03	2.060000e+01	412	0	0	6427	6.259927e+03	2.055000e+01	411	8.517719e-01	8.941542e-01	2.055000e+01	411	5.505594e-01	5.293121e-01	
2.065000e+01	413	1430	7.451122e+02	5433	6.294490e+03	2.070000e+01	414	0	0	6624	6.259927e+03	2.065000e+01	413	7.916363e-01	8.941542e-01	2.065000e+01	413	5.088604e-01	5.293121e-01	
2.075000e+01	415	1.983000e+02	7.451122e+02	7793	6.294490e+03	2.080000e+01	416	0	0	6914	6.259927e+03	2.075000e+01	415	9.751855e-01	8.941542e-01	2.075000e+01	415	5.361382e-01	5.293121e-01	
2.085000e+01	417	1033	7.451122e+02	5629	6.294490e+03	2.090000e+01	418	0	0	6008	6.259927e+03	2.085000e+01	417	8.449415e-01	8.941542e-01	2.085000e+01	417	5.258090e-01	5.293121e-01	
2.095000e+01	419	2.713000e+02	7.451122e+02	5177	6.294490e+03	21	420	0	0	7319	6.259927e+03	2.095000e+01	419	9.502047e-01	8.941542e-01	2.095000e+01	419	4.267386e-01	5.293121e-01	
2.105000e+01	421	1250	7.451122e+02	6236	6.294490e+03	2.110000e+01	422	0	0	7325	6.259927e+03	2.105000e+01	421	8.330216e-01	8.941542e-01	2.105000e+01	421	5.054351e-01	5.293121e-01	
2.115000e+01	423	2.287000e+02	7.451122e+02	6527	6.294490e+03	2.120000e+01	424	0	0	7270	6.259927e+03	2.115000e+01	423	9.661471e-01	8.941542e-01	2.115000e+01	423	4.816658e-01	5.293121e-01	
2.125000e+01	425	8.799000e+02	7.451122e+02	4704	6.294490e+03	2.130000e+01	426	0	0	6970	6.259927e+03	2.125000e+01	425	8.424220e-01	8.941542e-01	2.125000e+01	425	4.447940e-01	5.293121e-01	
2.135000e+01	427	1136	7.451122e+02	6076	6.294490e+03	2.140000e+01	428	0	0	6155	6.259927e+03	2.135000e+01	427	8.424847e-01	8.941542e-01	2.135000e+01	427	5.395377e-01	5.293121e-01	
2.145000e+01	429	8.013000e+02	7.451122e+02	6953	6.294490e+03	2.150000e+01	430	0	0	6657	6.259927e+03	2.145000e+01	429	8.966638e-01	8.941542e-01	2.145000e+01	429	5.380708e-01	5.293121e-01	
2.155000e+01	431	1594	7.451122e+02	7103	6.294490e+03	2.160000e+01	432	0	0	5602	6.259927e+03	2.155000e+01	431	8.167184e-01	8.941542e-01	2.155000e+01	431	6.082244e-01	5.293121e-01	
2.165000e+01	433	8.466000e+02	7.451122e+02	6456	6.294490e+03	2.170000e+01	434	0	0	5322	6.259927e+03	2.165000e+01	433	8.840687e-01	8.941542e-01	2.165000e+01	433	5.784421e-01	5.293121e-01	
2.175000e+01	435	1008	7.451122e+02	5471	6.294490e+03	2.180000e+01	436	0	0	5563	6.259927e+03	2.175000e+01	435	8.444204e-01	8.941542e-01	2.175000e+01	435	5.380335e-01	5.293121e-01	
2.185000e+01	437	6601	5.392943e+03	9.752000e+02	1.599027e+03	2.190000e+01	438	0	0	6973	6.259927e+03	2.185000e+01	437	1.287189e-01	2.286947e-01	2.185000e+01	437	5.207297e-01	5.276203e-01	
2.195000e+01	439	6194	5.392943e+03	-7.054000e+01	1.599027e+03	22	440	0	0	6487	6.259927e+03	2.195000e+01	439	-1.151963e-02	2.286947e-01	2.195000e+01	439	4.855858e-01	5.276203e-01	
2.205000e+01	441	6516	5.392943e+03	-8.088000e+01	1.599027e+03	2.210000e+01	442	0	0	3754	6.259927e+03	2.205000e+01	441	-1.256853e-02	2.286947e-01	2.205000e+01	441	6.315678e-01	5.276203e-01	
2.215000e+01	443	7989	5.392943e+03	6.517000e+02	1.599027e+03	2.220000e+01	444	0	0	5996	6.259927e+03	2.215000e+01	443	7.542213e-02	2.286947e-01	2.215000e+01	443	5.903448e-01	5.276203e-01	
2.225000e+01	445	6431	5.392943e+03	8.637000e+02	1.599027e+03	2.230000e+01	446	0	0	6114	6.259927e+03	2.225000e+01	445	1.184010e-01	2.286947e-01	2.225000e+01	445	5.440274e-01	5.276203e-01	
2.235000e+01	447	5774	5.392943e+03	8.271000e+02	1.599027e+03	2.240000e+01	448	0	0	6088	6.259927e+03	2.235000e+01	447	1.252973e-01	2.286947e-01	2.235000e+01	447	5.202181e-01	5.276203e-01	
2.245000e+01	449	6682	5.392943e+03	5.935000e+02	1.599027e+03	2.250000e+01	450	0	0	6084	6.259927e+03	2.245000e+01	449	8.157515e-02	2.286947e-01	2.245000e+01	449	5.445937e-01	5.276203e-01	
2.255000e+01	451	6416	5.392943e+03	8.755000e+02	1.599027e+03	2.260000e+01	452	0	0	5236	6.259927e+03	2.255000e+01	451	1.200713e-01	2.286947e-01	2.255000e+01	451	5.820395e-01	5.276203e-01	
2.265000e+01	453	6015	5.392943e+03	7.034000e+02	1.599027e+03	2.270000e+01	454	0	0	6068	6.259927e+03	2.265000e+01	453	1.046975e-01	2.286947e-01	2.265000e+01	453	5.254333e-01	5.276203e-01	
2.275000e+01	455	6860	5.392943e+03	1.267000e+02	1.599027e+03	2.280000e+01	456	0	0	7419	6.259927e+03	2.275000e+01	455	1.813446e-02	2.286947e-01	2.275000e+01	455	4.849955e-01	5.276203e-01	
2.285000e+01	457	5413	5.392943e+03	4.091000e+01	1.599027e+03	2.290000e+01	458	0	0	6696	6.259927e+03	2.285000e+01	457	7.501041e-03	2.286947e-01	2.285000e+01	457	4.488848e-01	5.276203e-01	
2.295000e+01	459	6778	5.392943e+03	3.981000e+01	1.599027e+03	23	460	0	0	7279	6.259927e+03	2.295000e+01	459	5.839118e-03	2.286947e-01	2.295000e+01	459	4.836420e-01	5.276203e-01	
2.305000e+01	461	4928	5.392943e+03	9.767000e+02	1.599027e+03	2.310000e+01	462	0	0	6620	6.259927e+03	2.305000e+01	461	1.654106e-01	2.286947e-01	2.305000e+01	461	4.714444e-01	5.276203e-01	
2.315000e+01	463	6317	5.392943e+03	-6.326000e+02	1.599027e+03	2.320000e+01	464	0	0	6936	6.259927e+03	2.315000e+01	463	-1.112870e-01	2.286947e-01	2.315000e+01	463	4.504136e-01	5.276203e-01	
2.325000e+01	465	6494	5.392943e+03	1056	1.599027e+03	2.330000e+01	466	0	0	5608	6.259927e+03	2.325000e+01	465	1.398675e-01	2.286947e-01	2.325000e+01	465	5.737954e-01	5.276203e-01	
2.335000e+01	467	6745	5.392943e+03	1133	1.599027e+03	2.340000e+01	468	0	0	6967	6.259927e+03	2.335000e+01	467	1.438182e-01	2.286947e-01	2.335000e+01	467	5.306837e-01	5.276203e-01	
2.345000e+01	469	6245	5.392943e+03	6.636000e+02	1.599027e+03	2.350000e+01	470	0	0	5369	6.259927e+03	2.345000e+01	469	9.605419e-02	2.286947e-01	2.345000e+01	469	5.626996e-01	5.276203e-01	
2.355000e+01	471	6078	5.392943e+03	70	1.599027e+03	2.360000e+01	472	0	0	7051	6.259927e+03	2.355000e+01	471	1.138582e-02	2.286947e-01	2.355000e+01	471	4.657929e-01	5.276203e-01	
2.365000e+01	473	6878	5.392943e+03	2138	1.599027e+03	2.370000e+01	474	0	0	6154	6.259927e+03	2.365000e+01	473	2.371340e-01	2.286947e-01	2.365000e+01	473	5.943309e-01	5.276203e-01	
2.375000e+01	475	5980	5.392943e+03	-2.644000e+02	1.599027e+03	2.380000e+01	476	0	0	6754	6.259927e+03	2.375000e+01	475	-4.625936e-02	2.286947e-01	2.375000e+01	475	4.583627e-01	5.276203e-01	
2.385000e+01	477	5270	5.392943e+03	-1.880000e+01	1.599027e+03	2.390000e+01	478	0	0	6080	6.259927e+03	2.385000e+01	477	-3.580134e-03	2.286947e-01	2.385000e+01	477	4.634284e-01	5.276203e-01	
2.395000e+01	479	7079	5.392943e+03	6.251000e+02	1.599027e+03	24	480	0	0	7788	6.259927e+03	2.395000e+01	479	8.113861e-02	2.286947e-01	2.395000e+01	479	4.972922e-01	5.276203e-01	
2.405000e+01	481	6067	5.392943e+03	2007	1.599027e+03	2.410000e+01	482	0	0	5769	6.259927e+03	2.405000e+01	481	2.485757e-01	2.286947e-01	2.405000e+01	481	5.832551e-01	5.276203e-01	
2.415000e+01	483	5840	5.392943e+03	1064	1.599027e+03	2.420000e+01	484	0	0	5164	6.259927e+03	2.415000e+01	483	1.541136e-01	2.286947e-01	2.415000e+01	483	5.720915e-01	5.276203e-01	
2.425000e+01	485	5895	5.392943e+03	9.871000e+02	1.599027e+03	2.430000e+01	486	0	0	6830	6.259927e+03	2.425000e+01	485	1.434301e-01	2.286947e-01	2.425000e+01	485	5.018998e-01	5.276203e-01	
2.435000e+01	487	5428	5.392943e+03	5.329000e+02	1.599027e+03	2.440000e+01	488	0	0	5476	6.259927e+03	2.435000e+01	487	8.939925e-02	2.286947e-01	2.435000e+01	487	5.211989e-01	5.276203e-01	
2.445000e+01	489	6303	5.392943e+03	1094	1.599027e+03	2.450000e+01	490	0	0	4531	6.259927e+03	2.445000e+01	489	1.478978e-01	2.286947e-01	2.445000e+01	489	6.201375e-01	5.276203e-01	
2.455000e+01	491	6124	5.392943e+03	1873	1.599027e+03	2.460000e+01	492	0	0	6998	6.259927e+03	2.455000e+01	491	2.342128e-01	2.286947e-01	2.455000e+01	491	5.333111e-01	5.276203e-01	
2.465000e+01	493	6272	5.392943e+03	4.886000e+02	1.599027e+03	2.470000e+01	494	0	0	7262	6.259927e+03	2.465000e+01	493	7.227169e-02	2.286947e-01	2.465000e+01	493	4.821217e-01	5.276203e-01	
2.475000e+01	495	6822	5.392943e+03	1199	1.599027e+03	2.480000e+01	496	0	0	6424	6.259927e+03	2.475000e+01	495	1.494826e-01	0	2.475000e+01	495	5.552786e-01	0	
