time at 532nm	frame at 532nm	I_1 at 532nm(counts)	discr.I_1 at 532nm(counts)	I_2 at 532nm(counts)	discr.I_2 at 532nm(counts)	time at 638nm	frame at 638nm	I_1 at 638nm(counts)	discr.I_1 at 638nm(counts)	I_2 at 638nm(counts)	discr.I_2 at 638nm(counts)	time at 532nm	frame at 532nm	FRET_1>2	discr.FRET_1>2	time at 532nm	frame at 532nm	S_1>2	discr.S_1>2	
5.000000e-02	1	5.117000e+02	8.009280e+02	6412	6.016620e+03	1.000000e-01	2	0	0	9167	7.750578e+03	5.000000e-02	1	9.260944e-01	8.825196e-01	5.000000e-02	1	4.302920e-01	4.679770e-01	
1.500000e-01	3	3.074000e+02	8.009280e+02	6347	6.016620e+03	2.000000e-01	4	0	0	7462	7.750578e+03	1.500000e-01	3	9.538050e-01	8.825196e-01	1.500000e-01	3	4.713950e-01	4.679770e-01	
2.500000e-01	5	7.141000e+02	8.009280e+02	5794	6.016620e+03	3.000000e-01	6	0	0	7568	7.750578e+03	2.500000e-01	5	8.902752e-01	8.825196e-01	2.500000e-01	5	4.623511e-01	4.679770e-01	
3.500000e-01	7	-166	8.009280e+02	5880	6.016620e+03	4.000000e-01	8	0	0	7588	7.750578e+03	3.500000e-01	7	1.029051e+00	8.825196e-01	3.500000e-01	7	4.295595e-01	4.679770e-01	
4.500000e-01	9	6.688000e+02	8.009280e+02	6097	6.016620e+03	5.000000e-01	10	0	0	9144	7.750578e+03	4.500000e-01	9	9.011499e-01	8.825196e-01	4.500000e-01	9	4.252599e-01	4.679770e-01	
5.500000e-01	11	-2.153000e+01	8.009280e+02	6154	6.016620e+03	6.000000e-01	12	0	0	7143	7.750578e+03	5.500000e-01	11	1.003511e+00	8.825196e-01	5.500000e-01	11	4.619400e-01	4.679770e-01	
6.500000e-01	13	3.174000e+02	8.009280e+02	6364	6.016620e+03	7.000000e-01	14	0	0	6489	7.750578e+03	6.500000e-01	13	9.524950e-01	8.825196e-01	6.500000e-01	13	5.073043e-01	4.679770e-01	
7.500000e-01	15	3.755000e+02	8.009280e+02	5336	6.016620e+03	8.000000e-01	16	0	0	6323	7.750578e+03	7.500000e-01	15	9.342554e-01	8.825196e-01	7.500000e-01	15	4.745939e-01	4.679770e-01	
8.500000e-01	17	185	8.009280e+02	7027	6.016620e+03	9.000000e-01	18	0	0	6700	7.750578e+03	8.500000e-01	17	9.743483e-01	8.825196e-01	8.500000e-01	17	5.184014e-01	4.679770e-01	
9.500000e-01	19	1195	8.009280e+02	7087	6.016620e+03	1	20	0	0	6702	7.750578e+03	9.500000e-01	19	8.557112e-01	8.825196e-01	9.500000e-01	19	5.527229e-01	4.679770e-01	
1.050000e+00	21	1789	8.009280e+02	8235	6.016620e+03	1.100000e+00	22	0	0	8701	7.750578e+03	1.050000e+00	21	8.215283e-01	8.825196e-01	1.050000e+00	21	5.353271e-01	4.679770e-01	
1.150000e+00	23	1169	8.009280e+02	4185	6.016620e+03	1.200000e+00	24	0	0	7272	7.750578e+03	1.150000e+00	23	7.816586e-01	8.825196e-01	1.150000e+00	23	4.240456e-01	4.679770e-01	
1.250000e+00	25	-5.221000e+02	8.009280e+02	8215	6.016620e+03	1.300000e+00	26	0	0	9483	7.750578e+03	1.250000e+00	25	1.067868e+00	8.825196e-01	1.250000e+00	25	4.478892e-01	4.679770e-01	
1.350000e+00	27	4.605000e+02	8.009280e+02	5737	6.016620e+03	1.400000e+00	28	0	0	7554	7.750578e+03	1.350000e+00	27	9.256958e-01	8.825196e-01	1.350000e+00	27	4.506781e-01	4.679770e-01	
1.450000e+00	29	-6.124000e+01	8.009280e+02	6343	6.016620e+03	1.500000e+00	30	0	0	8507	7.750578e+03	1.450000e+00	29	1.009749e+00	8.825196e-01	1.450000e+00	29	4.247658e-01	4.679770e-01	
1.550000e+00	31	1282	8.009280e+02	6714	6.016620e+03	1.600000e+00	32	0	0	7543	7.750578e+03	1.550000e+00	31	8.396698e-01	8.825196e-01	1.550000e+00	31	5.145762e-01	4.679770e-01	
1.650000e+00	33	1908	8.009280e+02	5975	6.016620e+03	1.700000e+00	34	0	0	5888	7.750578e+03	1.650000e+00	33	7.579602e-01	8.825196e-01	1.650000e+00	33	5.724348e-01	4.679770e-01	
1.750000e+00	35	1749	8.009280e+02	6503	6.016620e+03	1.800000e+00	36	0	0	6553	7.750578e+03	1.750000e+00	35	7.880514e-01	8.825196e-01	1.750000e+00	35	5.573793e-01	4.679770e-01	
1.850000e+00	37	1275	8.009280e+02	5630	6.016620e+03	1.900000e+00	38	0	0	7738	7.750578e+03	1.850000e+00	37	8.153512e-01	8.825196e-01	1.850000e+00	37	4.715564e-01	4.679770e-01	
1.950000e+00	39	8.238000e+02	8.009280e+02	6384	6.016620e+03	2	40	0	0	7624	7.750578e+03	1.950000e+00	39	8.857072e-01	8.825196e-01	1.950000e+00	39	4.859693e-01	4.679770e-01	
2.050000e+00	41	2.784000e+02	8.009280e+02	3810	6.016620e+03	2.100000e+00	42	0	0	9178	7.750578e+03	2.050000e+00	41	9.319049e-01	8.825196e-01	2.050000e+00	41	3.081770e-01	4.679770e-01	
2.150000e+00	43	1241	8.009280e+02	7400	6.016620e+03	2.200000e+00	44	0	0	8014	7.750578e+03	2.150000e+00	43	8.563824e-01	8.825196e-01	2.150000e+00	43	5.188232e-01	4.679770e-01	
2.250000e+00	45	6.878000e+02	8.009280e+02	5936	6.016620e+03	2.300000e+00	46	0	0	7519	7.750578e+03	2.250000e+00	45	8.961623e-01	8.825196e-01	2.250000e+00	45	4.683514e-01	4.679770e-01	
2.350000e+00	47	6.794000e+02	8.009280e+02	6949	6.016620e+03	2.400000e+00	48	0	0	7659	7.750578e+03	2.350000e+00	47	9.109381e-01	8.825196e-01	2.350000e+00	47	4.989992e-01	4.679770e-01	
2.450000e+00	49	2012	8.009280e+02	6333	6.016620e+03	2.500000e+00	50	0	0	7593	7.750578e+03	2.450000e+00	49	7.588975e-01	8.825196e-01	2.450000e+00	49	5.235914e-01	4.679770e-01	
2.550000e+00	51	9.323000e+02	8.009280e+02	7783	6.016620e+03	2.600000e+00	52	0	0	9139	7.750578e+03	2.550000e+00	51	8.930272e-01	8.825196e-01	2.550000e+00	51	4.881345e-01	4.679770e-01	
2.650000e+00	53	8.495000e+02	8.009280e+02	6831	6.016620e+03	2.700000e+00	54	0	0	7408	7.750578e+03	2.650000e+00	53	8.893952e-01	8.825196e-01	2.650000e+00	53	5.090301e-01	4.679770e-01	
2.750000e+00	55	-5.526000e+02	8.009280e+02	8284	6.016620e+03	2.800000e+00	56	0	0	8252	7.750578e+03	2.750000e+00	55	1.071475e+00	8.825196e-01	2.750000e+00	55	4.837144e-01	4.679770e-01	
2.850000e+00	57	-1.122000e+02	8.009280e+02	7380	6.016620e+03	2.900000e+00	58	0	0	6821	7.750578e+03	2.850000e+00	57	1.015438e+00	8.825196e-01	2.850000e+00	57	5.158566e-01	4.679770e-01	
2.950000e+00	59	3.158000e+02	8.009280e+02	5820	6.016620e+03	3	60	0	0	7216	7.750578e+03	2.950000e+00	59	9.485316e-01	8.825196e-01	2.950000e+00	59	4.595485e-01	4.679770e-01	
3.050000e+00	61	1228	8.009280e+02	5828	6.016620e+03	3.100000e+00	62	0	0	6993	7.750578e+03	3.050000e+00	61	8.259637e-01	8.825196e-01	3.050000e+00	61	5.022422e-01	4.679770e-01	
3.150000e+00	63	6.934000e+02	8.009280e+02	6830	6.016620e+03	3.200000e+00	64	0	0	6759	7.750578e+03	3.150000e+00	63	9.078342e-01	8.825196e-01	3.150000e+00	63	5.267602e-01	4.679770e-01	
3.250000e+00	65	-553	8.009280e+02	6677	6.016620e+03	3.300000e+00	66	0	0	6704	7.750578e+03	3.250000e+00	65	1.090300e+00	8.825196e-01	3.250000e+00	65	4.773932e-01	4.679770e-01	
3.350000e+00	67	6.313000e+02	8.009280e+02	5158	6.016620e+03	3.400000e+00	68	0	0	8948	7.750578e+03	3.350000e+00	67	8.909540e-01	8.825196e-01	3.350000e+00	67	3.928332e-01	4.679770e-01	
3.450000e+00	69	4.606000e+02	8.009280e+02	6243	6.016620e+03	3.500000e+00	70	0	0	6350	7.750578e+03	3.450000e+00	69	9.312906e-01	8.825196e-01	3.450000e+00	69	5.135442e-01	4.679770e-01	
3.550000e+00	71	1159	8.009280e+02	4364	6.016620e+03	3.600000e+00	72	0	0	7040	7.750578e+03	3.550000e+00	71	7.901503e-01	8.825196e-01	3.550000e+00	71	4.396243e-01	4.679770e-01	
3.650000e+00	73	360	8.009280e+02	5294	6.016620e+03	3.700000e+00	74	0	0	9085	7.750578e+03	3.650000e+00	73	9.363283e-01	8.825196e-01	3.650000e+00	73	3.836081e-01	4.679770e-01	
3.750000e+00	75	1084	8.009280e+02	7314	6.016620e+03	3.800000e+00	76	0	0	7284	7.750578e+03	3.750000e+00	75	8.709216e-01	8.825196e-01	3.750000e+00	75	5.355184e-01	4.679770e-01	
3.850000e+00	77	1132	8.009280e+02	6426	6.016620e+03	3.900000e+00	78	0	0	7590	7.750578e+03	3.850000e+00	77	8.502249e-01	8.825196e-01	3.850000e+00	77	4.989438e-01	4.679770e-01	
3.950000e+00	79	1506	8.009280e+02	6352	6.016620e+03	4	80	0	0	6167	7.750578e+03	3.950000e+00	79	8.083482e-01	8.825196e-01	3.950000e+00	79	5.602852e-01	4.679770e-01	
4.050000e+00	81	8.809000e+02	8.009280e+02	6047	6.016620e+03	4.100000e+00	82	0	0	7647	7.750578e+03	4.050000e+00	81	8.728475e-01	8.825196e-01	4.050000e+00	81	4.753309e-01	4.679770e-01	
4.150000e+00	83	369	8.009280e+02	6648	6.016620e+03	4.200000e+00	84	0	0	9119	7.750578e+03	4.150000e+00	83	9.474134e-01	8.825196e-01	4.150000e+00	83	4.348661e-01	4.679770e-01	
4.250000e+00	85	1477	8.009280e+02	6063	6.016620e+03	4.300000e+00	86	0	0	8184	7.750578e+03	4.250000e+00	85	8.041114e-01	8.825196e-01	4.250000e+00	85	4.795218e-01	4.679770e-01	
4.350000e+00	87	1516	8.009280e+02	6657	6.016620e+03	4.400000e+00	88	0	0	7243	7.750578e+03	4.350000e+00	87	8.145112e-01	8.825196e-01	4.350000e+00	87	5.301635e-01	4.679770e-01	
4.450000e+00	89	7.283000e+02	8.009280e+02	7195	6.016620e+03	4.500000e+00	90	0	0	6830	7.750578e+03	4.450000e+00	89	9.080812e-01	8.825196e-01	4.450000e+00	89	5.370527e-01	4.679770e-01	
4.550000e+00	91	390	8.009280e+02	7217	6.016620e+03	4.600000e+00	92	0	0	7474	7.750578e+03	4.550000e+00	91	9.487314e-01	8.825196e-01	4.550000e+00	91	5.044095e-01	4.679770e-01	
4.650000e+00	93	3.299000e+02	8.009280e+02	5918	6.016620e+03	4.700000e+00	94	0	0	6235	7.750578e+03	4.650000e+00	93	9.471983e-01	8.825196e-01	4.650000e+00	93	5.005167e-01	4.679770e-01	
4.750000e+00	95	1016	8.009280e+02	5780	6.016620e+03	4.800000e+00	96	0	0	9099	7.750578e+03	4.750000e+00	95	8.505003e-01	8.825196e-01	4.750000e+00	95	4.275558e-01	4.679770e-01	
4.850000e+00	97	4.906000e+02	8.009280e+02	6765	6.016620e+03	4.900000e+00	98	0	0	7902	7.750578e+03	4.850000e+00	97	9.323833e-01	8.825196e-01	4.850000e+00	97	4.786774e-01	4.679770e-01	
4.950000e+00	99	4.456000e+02	8.009280e+02	5576	6.016620e+03	5	100	0	0	7620	7.750578e+03	4.950000e+00	99	9.259997e-01	8.825196e-01	4.950000e+00	99	4.414145e-01	4.679770e-01	
5.050000e+00	101	2198	8.009280e+02	4675	6.016620e+03	5.100000e+00	102	0	0	9564	7.750578e+03	5.050000e+00	101	6.801979e-01	8.825196e-01	5.050000e+00	101	4.181420e-01	4.679770e-01	
5.150000e+00	103	6.781000e+02	8.009280e+02	6504	6.016620e+03	5.200000e+00	104	0	0	9135	7.750578e+03	5.150000e+00	103	9.055847e-01	8.825196e-01	5.150000e+00	103	4.401579e-01	4.679770e-01	
5.250000e+00	105	2.562000e+02	8.009280e+02	7101	6.016620e+03	5.300000e+00	106	0	0	8830	7.750578e+03	5.250000e+00	105	9.651770e-01	8.825196e-01	5.250000e+00	105	4.545073e-01	4.679770e-01	
5.350000e+00	107	1064	8.009280e+02	6654	6.016620e+03	5.400000e+00	108	0	0	7780	7.750578e+03	5.350000e+00	107	8.621405e-01	8.825196e-01	5.350000e+00	107	4.979997e-01	4.679770e-01	
5.450000e+00	109	1051	8.009280e+02	5479	6.016620e+03	5.500000e+00	110	0	0	8314	7.750578e+03	5.450000e+00	109	8.390505e-01	8.825196e-01	5.450000e+00	109	4.399084e-01	4.679770e-01	
5.550000e+00	111	4.724000e+02	8.009280e+02	6186	6.016620e+03	5.600000e+00	112	0	0	9454	7.750578e+03	5.550000e+00	111	9.290520e-01	8.825196e-01	5.550000e+00	111	4.132469e-01	4.679770e-01	
5.650000e+00	113	8.684000e+02	8.009280e+02	4757	6.016620e+03	5.700000e+00	114	0	0	7957	7.750578e+03	5.650000e+00	113	8.456288e-01	8.825196e-01	5.650000e+00	113	4.141683e-01	4.679770e-01	
5.750000e+00	115	1315	8.009280e+02	8050	6.016620e+03	5.800000e+00	116	0	0	7864	7.750578e+03	5.750000e+00	115	8.595836e-01	8.825196e-01	5.750000e+00	115	5.435603e-01	4.679770e-01	
5.850000e+00	117	1083	8.009280e+02	5653	6.016620e+03	5.900000e+00	118	0	0	9539	7.750578e+03	5.850000e+00	117	8.392221e-01	8.825196e-01	5.850000e+00	117	4.138863e-01	4.679770e-01	
5.950000e+00	119	496	8.009280e+02	6310	6.016620e+03	6	120	0	0	7898	7.750578e+03	5.950000e+00	119	9.271231e-01	8.825196e-01	5.950000e+00	119	4.628672e-01	4.679770e-01	
6.050000e+00	121	1505	8.009280e+02	6054	6.016620e+03	6.100000e+00	122	0	0	7656	7.750578e+03	6.050000e+00	121	8.008996e-01	8.825196e-01	6.050000e+00	121	4.968124e-01	4.679770e-01	
6.150000e+00	123	2.884000e+02	8.009280e+02	4783	6.016620e+03	6.200000e+00	124	0	0	8014	7.750578e+03	6.150000e+00	123	9.431321e-01	8.825196e-01	6.150000e+00	123	3.875617e-01	4.679770e-01	
6.250000e+00	125	3.942000e+02	8.009280e+02	6495	6.016620e+03	6.300000e+00	126	0	0	7823	7.750578e+03	6.250000e+00	125	9.427800e-01	8.825196e-01	6.250000e+00	125	4.682644e-01	4.679770e-01	
6.350000e+00	127	9.681000e+02	8.009280e+02	4348	6.016620e+03	6.400000e+00	128	0	0	8555	7.750578e+03	6.350000e+00	127	8.178928e-01	8.825196e-01	6.350000e+00	127	3.832501e-01	4.679770e-01	
6.450000e+00	129	2.745000e+02	8.009280e+02	7363	6.016620e+03	6.500000e+00	130	0	0	7194	7.750578e+03	6.450000e+00	129	9.640589e-01	8.825196e-01	6.450000e+00	129	5.149513e-01	4.679770e-01	
6.550000e+00	131	1792	8.009280e+02	6268	6.016620e+03	6.600000e+00	132	0	0	8335	7.750578e+03	6.550000e+00	131	7.776675e-01	8.825196e-01	6.550000e+00	131	4.916133e-01	4.679770e-01	
6.650000e+00	133	-9.062000e+01	8.009280e+02	7168	6.016620e+03	6.700000e+00	134	0	0	7247	7.750578e+03	6.650000e+00	133	1.012804e+00	8.825196e-01	6.650000e+00	133	4.940793e-01	4.679770e-01	
6.750000e+00	135	1204	8.009280e+02	5268	6.016620e+03	6.800000e+00	136	0	0	8701	7.750578e+03	6.750000e+00	135	8.139679e-01	8.825196e-01	6.750000e+00	135	4.265472e-01	4.679770e-01	
6.850000e+00	137	3850	5.696443e+03	4900	6.016620e+03	6.900000e+00	138	0	0	7525	7.750578e+03	6.850000e+00	137	5.600000e-01	8.825196e-01	6.850000e+00	137	5.376344e-01	6.017920e-01	
6.950000e+00	139	3310	5.696443e+03	4684	6.016620e+03	7	140	0	0	6659	7.750578e+03	6.950000e+00	139	5.859395e-01	8.825196e-01	6.950000e+00	139	5.455538e-01	6.017920e-01	
7.050000e+00	141	5065	5.696443e+03	2894	6.016620e+03	7.100000e+00	142	0	0	8890	7.750578e+03	7.050000e+00	141	3.636135e-01	8.825196e-01	7.050000e+00	141	4.723722e-01	6.017920e-01	
7.150000e+00	143	4377	5.696443e+03	3677	6.016620e+03	7.200000e+00	144	0	0	8346	7.750578e+03	7.150000e+00	143	4.565433e-01	8.825196e-01	7.150000e+00	143	4.910976e-01	6.017920e-01	
7.250000e+00	145	4084	5.696443e+03	4187	6.016620e+03	7.300000e+00	146	0	0	7511	7.750578e+03	7.250000e+00	145	5.062266e-01	8.825196e-01	7.250000e+00	145	5.240781e-01	6.017920e-01	
7.350000e+00	147	3076	5.696443e+03	4732	6.016620e+03	7.400000e+00	148	0	0	8276	7.750578e+03	7.350000e+00	147	6.060451e-01	8.825196e-01	7.350000e+00	147	4.854514e-01	6.017920e-01	
7.450000e+00	149	6182	5.696443e+03	5068	6.016620e+03	7.500000e+00	150	0	0	6231	7.750578e+03	7.450000e+00	149	4.504889e-01	8.825196e-01	7.450000e+00	149	6.435559e-01	6.017920e-01	
7.550000e+00	151	3320	5.696443e+03	4800	6.016620e+03	7.600000e+00	152	0	0	6766	7.750578e+03	7.550000e+00	151	5.911330e-01	8.825196e-01	7.550000e+00	151	5.454790e-01	6.017920e-01	
7.650000e+00	153	3810	5.696443e+03	3803	6.016620e+03	7.700000e+00	154	0	0	6966	7.750578e+03	7.650000e+00	153	4.995403e-01	8.825196e-01	7.650000e+00	153	5.221895e-01	6.017920e-01	
7.750000e+00	155	5110	5.696443e+03	4005	6.016620e+03	7.800000e+00	156	0	0	7299	7.750578e+03	7.750000e+00	155	4.393856e-01	8.825196e-01	7.750000e+00	155	5.553186e-01	6.017920e-01	
7.850000e+00	157	3047	5.696443e+03	2643	6.016620e+03	7.900000e+00	158	0	0	8617	7.750578e+03	7.850000e+00	157	4.644991e-01	8.825196e-01	7.850000e+00	157	3.977074e-01	6.017920e-01	
7.950000e+00	159	4248	5.696443e+03	3275	6.016620e+03	8	160	0	0	10540	7.750578e+03	7.950000e+00	159	4.353316e-01	8.825196e-01	7.950000e+00	159	4.164867e-01	6.017920e-01	
8.050000e+00	161	3654	5.696443e+03	4173	6.016620e+03	8.100000e+00	162	0	0	7556	7.750578e+03	8.050000e+00	161	5.331545e-01	8.825196e-01	8.050000e+00	161	5.088084e-01	6.017920e-01	
8.150000e+00	163	833	8.009280e+02	7641	6.016620e+03	8.200000e+00	164	0	0	8038	7.750578e+03	8.150000e+00	163	9.016993e-01	8.825196e-01	8.150000e+00	163	5.132025e-01	4.679770e-01	
8.250000e+00	165	5.173000e+02	8.009280e+02	6188	6.016620e+03	8.300000e+00	166	0	0	7098	7.750578e+03	8.250000e+00	165	9.228521e-01	8.825196e-01	8.250000e+00	165	4.857751e-01	4.679770e-01	
8.350000e+00	167	1048	8.009280e+02	5570	6.016620e+03	8.400000e+00	168	0	0	7232	7.750578e+03	8.350000e+00	167	8.416440e-01	8.825196e-01	8.350000e+00	167	4.778339e-01	4.679770e-01	
8.450000e+00	169	1106	8.009280e+02	6811	6.016620e+03	8.500000e+00	170	0	0	8592	7.750578e+03	8.450000e+00	169	8.603006e-01	8.825196e-01	8.450000e+00	169	4.795566e-01	4.679770e-01	
8.550000e+00	171	1656	8.009280e+02	6045	6.016620e+03	8.600000e+00	172	0	0	8790	7.750578e+03	8.550000e+00	171	7.849630e-01	8.825196e-01	8.550000e+00	171	4.669820e-01	4.679770e-01	
8.650000e+00	173	9.132000e+02	8.009280e+02	6184	6.016620e+03	8.700000e+00	174	0	0	9611	7.750578e+03	8.650000e+00	173	8.713295e-01	8.825196e-01	8.650000e+00	173	4.247735e-01	4.679770e-01	
8.750000e+00	175	1060	8.009280e+02	6991	6.016620e+03	8.800000e+00	176	0	0	8469	7.750578e+03	8.750000e+00	175	8.683393e-01	8.825196e-01	8.750000e+00	175	4.873487e-01	4.679770e-01	
8.850000e+00	177	1223	8.009280e+02	6672	6.016620e+03	8.900000e+00	178	0	0	6344	7.750578e+03	8.850000e+00	177	8.450918e-01	8.825196e-01	8.850000e+00	177	5.544631e-01	4.679770e-01	
8.950000e+00	179	1191	8.009280e+02	5804	6.016620e+03	9	180	0	0	8837	7.750578e+03	8.950000e+00	179	8.297355e-01	8.825196e-01	8.950000e+00	179	4.418267e-01	4.679770e-01	
9.050000e+00	181	1.576000e+02	8.009280e+02	6293	6.016620e+03	9.100000e+00	182	0	0	7117	7.750578e+03	9.050000e+00	181	9.755682e-01	8.825196e-01	9.050000e+00	181	4.754415e-01	4.679770e-01	
9.150000e+00	183	9.109000e+02	8.009280e+02	5498	6.016620e+03	9.200000e+00	184	0	0	6663	7.750578e+03	9.150000e+00	183	8.578695e-01	8.825196e-01	9.150000e+00	183	4.902807e-01	4.679770e-01	
9.250000e+00	185	6.144000e+02	8.009280e+02	6241	6.016620e+03	9.300000e+00	186	0	0	7569	7.750578e+03	9.250000e+00	185	9.103772e-01	8.825196e-01	9.250000e+00	185	4.752641e-01	4.679770e-01	
9.350000e+00	187	4.101000e+02	8.009280e+02	7933	6.016620e+03	9.400000e+00	188	0	0	6799	7.750578e+03	9.350000e+00	187	9.508456e-01	8.825196e-01	9.350000e+00	187	5.509870e-01	4.679770e-01	
9.450000e+00	189	1767	8.009280e+02	6182	6.016620e+03	9.500000e+00	190	0	0	8900	7.750578e+03	9.450000e+00	189	7.777079e-01	8.825196e-01	9.450000e+00	189	4.717787e-01	4.679770e-01	
9.550000e+00	191	1415	8.009280e+02	6726	6.016620e+03	9.600000e+00	192	0	0	8772	7.750578e+03	9.550000e+00	191	8.261884e-01	8.825196e-01	9.550000e+00	191	4.813457e-01	4.679770e-01	
9.650000e+00	193	7.416000e+02	8.009280e+02	6451	6.016620e+03	9.700000e+00	194	0	0	6632	7.750578e+03	9.650000e+00	193	8.968940e-01	8.825196e-01	9.650000e+00	193	5.202755e-01	4.679770e-01	
9.750000e+00	195	-5.564000e+02	8.009280e+02	6592	6.016620e+03	9.800000e+00	196	0	0	8837	7.750578e+03	9.750000e+00	195	1.092186e+00	8.825196e-01	9.750000e+00	195	4.058201e-01	4.679770e-01	
9.850000e+00	197	4.237000e+02	8.009280e+02	5236	6.016620e+03	9.900000e+00	198	0	0	7458	7.750578e+03	9.850000e+00	197	9.251374e-01	8.825196e-01	9.850000e+00	197	4.314552e-01	4.679770e-01	
9.950000e+00	199	1177	8.009280e+02	5848	6.016620e+03	10	200	0	0	7445	7.750578e+03	9.950000e+00	199	8.324555e-01	8.825196e-01	9.950000e+00	199	4.854872e-01	4.679770e-01	
1.005000e+01	201	2261	8.009280e+02	6312	6.016620e+03	1.010000e+01	202	0	0	7100	7.750578e+03	1.005000e+01	201	7.362650e-01	8.825196e-01	1.005000e+01	201	5.469916e-01	4.679770e-01	
1.015000e+01	203	1300	8.009280e+02	6524	6.016620e+03	1.020000e+01	204	0	0	7877	7.750578e+03	1.015000e+01	203	8.338446e-01	8.825196e-01	1.015000e+01	203	4.983122e-01	4.679770e-01	
1.025000e+01	205	1018	8.009280e+02	4326	6.016620e+03	1.030000e+01	206	0	0	5483	7.750578e+03	1.025000e+01	205	8.095060e-01	8.825196e-01	1.025000e+01	205	4.935809e-01	4.679770e-01	
1.035000e+01	207	1269	8.009280e+02	4363	6.016620e+03	1.040000e+01	208	0	0	6286	7.750578e+03	1.035000e+01	207	7.746804e-01	8.825196e-01	1.035000e+01	207	4.725625e-01	4.679770e-01	
1.045000e+01	209	1530	8.009280e+02	7378	6.016620e+03	1.050000e+01	210	0	0	5412	7.750578e+03	1.045000e+01	209	8.282443e-01	8.825196e-01	1.045000e+01	209	6.220670e-01	4.679770e-01	
1.055000e+01	211	1826	8.009280e+02	7087	6.016620e+03	1.060000e+01	212	0	0	8892	7.750578e+03	1.055000e+01	211	7.951307e-01	8.825196e-01	1.055000e+01	211	5.005897e-01	4.679770e-01	
1.065000e+01	213	3.921000e+01	8.009280e+02	6290	6.016620e+03	1.070000e+01	214	0	0	8142	7.750578e+03	1.065000e+01	213	9.938049e-01	8.825196e-01	1.065000e+01	213	4.373656e-01	4.679770e-01	
1.075000e+01	215	422	8.009280e+02	7079	6.016620e+03	1.080000e+01	216	0	0	7300	7.750578e+03	1.075000e+01	215	9.437408e-01	8.825196e-01	1.075000e+01	215	5.067901e-01	4.679770e-01	
1.085000e+01	217	5.445000e+02	8.009280e+02	7479	6.016620e+03	1.090000e+01	218	0	0	6339	7.750578e+03	1.085000e+01	217	9.321368e-01	8.825196e-01	1.085000e+01	217	5.586423e-01	4.679770e-01	
1.095000e+01	219	4.127000e+02	8.009280e+02	5698	6.016620e+03	11	220	0	0	7130	7.750578e+03	1.095000e+01	219	9.324627e-01	8.825196e-01	1.095000e+01	219	4.615088e-01	4.679770e-01	
1.105000e+01	221	-377	8.009280e+02	7579	6.016620e+03	1.110000e+01	222	0	0	6438	7.750578e+03	1.105000e+01	221	1.052347e+00	8.825196e-01	1.105000e+01	221	5.280059e-01	4.679770e-01	
1.115000e+01	223	9.789000e+02	8.009280e+02	6013	6.016620e+03	1.120000e+01	224	0	0	9846	7.750578e+03	1.115000e+01	223	8.599951e-01	8.825196e-01	1.115000e+01	223	4.152477e-01	4.679770e-01	
1.125000e+01	225	-1.274000e+02	8.009280e+02	7471	6.016620e+03	1.130000e+01	226	0	0	6660	7.750578e+03	1.125000e+01	225	1.017348e+00	8.825196e-01	1.125000e+01	225	5.244080e-01	4.679770e-01	
1.135000e+01	227	2199	8.009280e+02	5181	6.016620e+03	1.140000e+01	228	0	0	9189	7.750578e+03	1.135000e+01	227	7.020325e-01	8.825196e-01	1.135000e+01	227	4.454101e-01	4.679770e-01	
1.145000e+01	229	7374	5.696443e+03	4.614000e+02	7.874497e+02	1.150000e+01	230	0	0	7270	7.750578e+03	1.145000e+01	229	5.888659e-02	1.214471e-01	1.145000e+01	229	5.187152e-01	4.555064e-01	
1.155000e+01	231	6845	5.696443e+03	6.064000e+01	7.874497e+02	1.160000e+01	232	0	0	7171	7.750578e+03	1.155000e+01	231	8.781228e-03	1.214471e-01	1.155000e+01	231	4.905745e-01	4.555064e-01	
1.165000e+01	233	5527	5.696443e+03	1011	7.874497e+02	1.170000e+01	234	0	0	8200	7.750578e+03	1.165000e+01	233	1.546344e-01	1.214471e-01	1.165000e+01	233	4.436151e-01	4.555064e-01	
1.175000e+01	235	5646	5.696443e+03	1031	7.874497e+02	1.180000e+01	236	0	0	7280	7.750578e+03	1.175000e+01	235	1.544107e-01	1.214471e-01	1.175000e+01	235	4.783979e-01	4.555064e-01	
1.185000e+01	237	5956	5.696443e+03	7.264000e+01	7.874497e+02	1.190000e+01	238	0	0	7317	7.750578e+03	1.185000e+01	237	1.204915e-02	1.214471e-01	1.185000e+01	237	4.517311e-01	4.555064e-01	
1.195000e+01	239	6987	5.696443e+03	5.859000e+02	7.874497e+02	12	240	0	0	6202	7.750578e+03	1.195000e+01	239	7.736798e-02	1.214471e-01	1.195000e+01	239	5.497608e-01	4.555064e-01	
1.205000e+01	241	6666	5.696443e+03	1.794000e+02	7.874497e+02	1.210000e+01	242	0	0	8868	7.750578e+03	1.205000e+01	241	2.620738e-02	1.214471e-01	1.205000e+01	241	4.356409e-01	4.555064e-01	
1.215000e+01	243	6400	5.696443e+03	1902	7.874497e+02	1.220000e+01	244	0	0	8315	7.750578e+03	1.215000e+01	243	2.291014e-01	1.214471e-01	1.215000e+01	243	4.996088e-01	4.555064e-01	
1.225000e+01	245	6941	5.696443e+03	1907	7.874497e+02	1.230000e+01	246	0	0	8918	7.750578e+03	1.225000e+01	245	2.155289e-01	1.214471e-01	1.225000e+01	245	4.980299e-01	4.555064e-01	
1.235000e+01	247	4516	5.696443e+03	-5.741000e+02	7.874497e+02	1.240000e+01	248	0	0	7768	7.750578e+03	1.235000e+01	247	-1.456404e-01	1.214471e-01	1.235000e+01	247	3.366297e-01	4.555064e-01	
1.245000e+01	249	5678	5.696443e+03	1031	7.874497e+02	1.250000e+01	250	0	0	9230	7.750578e+03	1.245000e+01	249	1.536742e-01	1.214471e-01	1.245000e+01	249	4.209172e-01	4.555064e-01	
1.255000e+01	251	5334	5.696443e+03	2162	7.874497e+02	1.260000e+01	252	0	0	8084	7.750578e+03	1.255000e+01	251	2.884205e-01	1.214471e-01	1.255000e+01	251	4.811297e-01	4.555064e-01	
1.265000e+01	253	1256	8.009280e+02	5470	6.016620e+03	1.270000e+01	254	0	0	7135	7.750578e+03	1.265000e+01	253	8.132620e-01	8.825196e-01	1.265000e+01	253	4.852464e-01	4.679770e-01	
1.275000e+01	255	9.632000e+02	8.009280e+02	6398	6.016620e+03	1.280000e+01	256	0	0	7425	7.750578e+03	1.275000e+01	255	8.691518e-01	8.825196e-01	1.275000e+01	255	4.978426e-01	4.679770e-01	
1.285000e+01	257	5.867000e+02	8.009280e+02	5354	6.016620e+03	1.290000e+01	258	0	0	7717	7.750578e+03	1.285000e+01	257	9.012406e-01	8.825196e-01	1.285000e+01	257	4.349707e-01	4.679770e-01	
1.295000e+01	259	7.556000e+02	8.009280e+02	7809	6.016620e+03	13	260	0	0	6676	7.750578e+03	1.295000e+01	259	9.117764e-01	8.825196e-01	1.295000e+01	259	5.619595e-01	4.679770e-01	
1.305000e+01	261	9.055000e+02	8.009280e+02	6338	6.016620e+03	1.310000e+01	262	0	0	7378	7.750578e+03	1.305000e+01	261	8.749914e-01	8.825196e-01	1.305000e+01	261	4.954006e-01	4.679770e-01	
1.315000e+01	263	1568	8.009280e+02	5894	6.016620e+03	1.320000e+01	264	0	0	9032	7.750578e+03	1.315000e+01	263	7.898687e-01	8.825196e-01	1.315000e+01	263	4.524069e-01	4.679770e-01	
1.325000e+01	265	3457	5.696443e+03	3968	6.016620e+03	1.330000e+01	266	0	0	8315	7.750578e+03	1.325000e+01	265	5.344108e-01	8.825196e-01	1.325000e+01	265	4.717281e-01	6.017920e-01	
1.335000e+01	267	5524	5.696443e+03	1372	7.874497e+02	1.340000e+01	268	0	0	8106	7.750578e+03	1.335000e+01	267	1.989559e-01	1.214471e-01	1.335000e+01	267	4.596720e-01	6.017920e-01	
1.345000e+01	269	6837	5.696443e+03	1.985000e+02	7.874497e+02	1.350000e+01	270	0	0	8463	7.750578e+03	1.345000e+01	269	2.821406e-02	1.214471e-01	1.345000e+01	269	4.539472e-01	6.017920e-01	
1.355000e+01	271	8179	5.696443e+03	5.656000e+02	7.874497e+02	1.360000e+01	272	0	0	7864	7.750578e+03	1.355000e+01	271	6.467992e-02	1.214471e-01	1.355000e+01	271	5.265104e-01	6.017920e-01	
1.365000e+01	273	5169	5.696443e+03	2958	6.016620e+03	1.370000e+01	274	0	0	7360	7.750578e+03	1.365000e+01	273	3.639719e-01	1.214471e-01	1.365000e+01	273	5.247627e-01	6.017920e-01	
1.375000e+01	275	3080	5.696443e+03	5317	6.016620e+03	1.380000e+01	276	0	0	8733	7.750578e+03	1.375000e+01	275	6.332023e-01	1.214471e-01	1.375000e+01	275	4.901926e-01	6.017920e-01	
1.385000e+01	277	3009	5.696443e+03	5413	6.016620e+03	1.390000e+01	278	0	0	8178	7.750578e+03	1.385000e+01	277	6.427214e-01	1.214471e-01	1.385000e+01	277	5.073494e-01	6.017920e-01	
1.395000e+01	279	1099	8.009280e+02	6232	6.016620e+03	14	280	0	0	8198	7.750578e+03	1.395000e+01	279	8.500887e-01	1.214471e-01	1.395000e+01	279	4.720845e-01	4.679770e-01	
1.405000e+01	281	-3.745000e+02	8.009280e+02	5447	6.016620e+03	1.410000e+01	282	0	0	7163	7.750578e+03	1.405000e+01	281	1.073829e+00	1.214471e-01	1.405000e+01	281	4.145724e-01	4.679770e-01	
1.415000e+01	283	6.485000e+02	8.009280e+02	6215	6.016620e+03	1.420000e+01	284	0	0	8396	7.750578e+03	1.415000e+01	283	9.055147e-01	1.214471e-01	1.415000e+01	283	4.497854e-01	4.679770e-01	
1.425000e+01	285	2022	8.009280e+02	6498	6.016620e+03	1.430000e+01	286	0	0	8452	7.750578e+03	1.425000e+01	285	7.626761e-01	1.214471e-01	1.425000e+01	285	5.020033e-01	4.679770e-01	
1.435000e+01	287	1046	8.009280e+02	6493	6.016620e+03	1.440000e+01	288	0	0	7315	7.750578e+03	1.435000e+01	287	8.612548e-01	1.214471e-01	1.435000e+01	287	5.075401e-01	4.679770e-01	
1.445000e+01	289	-4.785000e+02	8.009280e+02	5620	6.016620e+03	1.450000e+01	290	0	0	7826	7.750578e+03	1.445000e+01	289	1.093066e+00	1.214471e-01	1.445000e+01	289	3.964912e-01	4.679770e-01	
1.455000e+01	291	1339	8.009280e+02	6652	6.016620e+03	1.460000e+01	292	0	0	6446	7.750578e+03	1.455000e+01	291	8.324365e-01	1.214471e-01	1.455000e+01	291	5.535083e-01	4.679770e-01	
1.465000e+01	293	8.734000e+02	8.009280e+02	6933	6.016620e+03	1.470000e+01	294	0	0	7959	7.750578e+03	1.465000e+01	293	8.881174e-01	1.214471e-01	1.465000e+01	293	4.951603e-01	4.679770e-01	
1.475000e+01	295	1604	8.009280e+02	6476	6.016620e+03	1.480000e+01	296	0	0	8406	7.750578e+03	1.475000e+01	295	8.014851e-01	1.214471e-01	1.475000e+01	295	4.901128e-01	4.679770e-01	
1.485000e+01	297	-4.994000e+02	8.009280e+02	5808	6.016620e+03	1.490000e+01	298	0	0	6922	7.750578e+03	1.485000e+01	297	1.094074e+00	1.214471e-01	1.485000e+01	297	4.340425e-01	4.679770e-01	
1.495000e+01	299	3.056000e+02	8.009280e+02	6289	6.016620e+03	15	300	0	0	7262	7.750578e+03	1.495000e+01	299	9.536591e-01	1.214471e-01	1.495000e+01	299	4.759176e-01	4.679770e-01	
1.505000e+01	301	1828	8.009280e+02	7119	6.016620e+03	1.510000e+01	302	0	0	7658	7.750578e+03	1.505000e+01	301	7.956857e-01	1.214471e-01	1.505000e+01	301	5.388136e-01	4.679770e-01	
1.515000e+01	303	4.416000e+02	8.009280e+02	6199	6.016620e+03	1.520000e+01	304	0	0	6571	7.750578e+03	1.515000e+01	303	9.335000e-01	1.214471e-01	1.515000e+01	303	5.026340e-01	4.679770e-01	
1.525000e+01	305	-1.732000e+02	8.009280e+02	6831	6.016620e+03	1.530000e+01	306	0	0	9130	7.750578e+03	1.525000e+01	305	1.026015e+00	1.214471e-01	1.525000e+01	305	4.217054e-01	4.679770e-01	
1.535000e+01	307	1352	8.009280e+02	6131	6.016620e+03	1.540000e+01	308	0	0	7550	7.750578e+03	1.535000e+01	307	8.193238e-01	1.214471e-01	1.535000e+01	307	4.977716e-01	4.679770e-01	
1.545000e+01	309	1614	8.009280e+02	7409	6.016620e+03	1.550000e+01	310	0	0	7407	7.750578e+03	1.545000e+01	309	8.211238e-01	1.214471e-01	1.545000e+01	309	5.491783e-01	4.679770e-01	
1.555000e+01	311	1817	8.009280e+02	5422	6.016620e+03	1.560000e+01	312	0	0	6874	7.750578e+03	1.555000e+01	311	7.489985e-01	1.214471e-01	1.555000e+01	311	5.129313e-01	4.679770e-01	
1.565000e+01	313	-1.648000e+02	8.009280e+02	6113	6.016620e+03	1.570000e+01	314	0	0	8911	7.750578e+03	1.565000e+01	313	1.027706e+00	1.214471e-01	1.565000e+01	313	4.003042e-01	4.679770e-01	
1.575000e+01	315	1452	8.009280e+02	6131	6.016620e+03	1.580000e+01	316	0	0	9074	7.750578e+03	1.575000e+01	315	8.085191e-01	1.214471e-01	1.575000e+01	315	4.552440e-01	4.679770e-01	
1.585000e+01	317	7.505000e+01	8.009280e+02	6712	6.016620e+03	1.590000e+01	318	0	0	6615	7.750578e+03	1.585000e+01	317	9.889422e-01	1.214471e-01	1.585000e+01	317	5.064188e-01	4.679770e-01	
1.595000e+01	319	4.412000e+02	8.009280e+02	5391	6.016620e+03	16	320	0	0	6625	7.750578e+03	1.595000e+01	319	9.243510e-01	1.214471e-01	1.595000e+01	319	4.681790e-01	4.679770e-01	
1.605000e+01	321	902	8.009280e+02	5782	6.016620e+03	1.610000e+01	322	0	0	7814	7.750578e+03	1.605000e+01	321	8.650509e-01	1.214471e-01	1.605000e+01	321	4.610291e-01	4.679770e-01	
1.615000e+01	323	-1.014000e+01	8.009280e+02	6743	6.016620e+03	1.620000e+01	324	0	0	6615	7.750578e+03	1.615000e+01	323	1.001506e+00	1.214471e-01	1.615000e+01	323	5.044149e-01	4.679770e-01	
1.625000e+01	325	7.281000e+02	8.009280e+02	6071	6.016620e+03	1.630000e+01	326	0	0	7593	7.750578e+03	1.625000e+01	325	8.929123e-01	1.214471e-01	1.625000e+01	325	4.724189e-01	4.679770e-01	
1.635000e+01	327	1164	8.009280e+02	5663	6.016620e+03	1.640000e+01	328	0	0	6922	7.750578e+03	1.635000e+01	327	8.295005e-01	1.214471e-01	1.635000e+01	327	4.965452e-01	4.679770e-01	
1.645000e+01	329	5.187000e+02	8.009280e+02	5431	6.016620e+03	1.650000e+01	330	0	0	8734	7.750578e+03	1.645000e+01	329	9.128191e-01	1.214471e-01	1.645000e+01	329	4.051908e-01	4.679770e-01	
1.655000e+01	331	1882	8.009280e+02	5048	6.016620e+03	1.660000e+01	332	0	0	8049	7.750578e+03	1.655000e+01	331	7.284271e-01	1.214471e-01	1.655000e+01	331	4.626477e-01	4.679770e-01	
1.665000e+01	333	4.028000e+02	8.009280e+02	5825	6.016620e+03	1.670000e+01	334	0	0	6274	7.750578e+03	1.665000e+01	333	9.353223e-01	1.214471e-01	1.665000e+01	333	4.981523e-01	4.679770e-01	
1.675000e+01	335	6.167000e+02	8.009280e+02	5818	6.016620e+03	1.680000e+01	336	0	0	6586	7.750578e+03	1.675000e+01	335	9.041603e-01	1.214471e-01	1.675000e+01	335	4.941900e-01	4.679770e-01	
1.685000e+01	337	4.128000e+02	8.009280e+02	5650	6.016620e+03	1.690000e+01	338	0	0	10960	7.750578e+03	1.685000e+01	337	9.319126e-01	1.214471e-01	1.685000e+01	337	3.561576e-01	4.679770e-01	
1.695000e+01	339	6.451000e+02	8.009280e+02	6358	6.016620e+03	17	340	0	0	9084	7.750578e+03	1.695000e+01	339	9.078837e-01	1.214471e-01	1.695000e+01	339	4.353240e-01	4.679770e-01	
1.705000e+01	341	8.773000e+02	8.009280e+02	5553	6.016620e+03	1.710000e+01	342	0	0	7874	7.750578e+03	1.705000e+01	341	8.635678e-01	1.214471e-01	1.705000e+01	341	4.495362e-01	4.679770e-01	
1.715000e+01	343	264	8.009280e+02	6480	6.016620e+03	1.720000e+01	344	0	0	7514	7.750578e+03	1.715000e+01	343	9.608541e-01	1.214471e-01	1.715000e+01	343	4.729976e-01	4.679770e-01	
1.725000e+01	345	1843	8.009280e+02	6100	6.016620e+03	1.730000e+01	346	0	0	7705	7.750578e+03	1.725000e+01	345	7.679718e-01	1.214471e-01	1.725000e+01	345	5.076048e-01	4.679770e-01	
1.735000e+01	347	-8.020000e+01	8.009280e+02	5308	6.016620e+03	1.740000e+01	348	0	0	8281	7.750578e+03	1.735000e+01	347	1.015341e+00	1.214471e-01	1.735000e+01	347	3.869922e-01	4.679770e-01	
1.745000e+01	349	2596	5.696443e+03	4174	6.016620e+03	1.750000e+01	350	0	0	7679	7.750578e+03	1.745000e+01	349	6.165436e-01	1.214471e-01	1.745000e+01	349	4.685445e-01	6.017920e-01	
1.755000e+01	351	6063	5.696443e+03	-1179	7.874497e+02	1.760000e+01	352	0	0	9354	7.750578e+03	1.755000e+01	351	-2.414005e-01	1.214471e-01	1.755000e+01	351	3.430257e-01	6.017920e-01	
1.765000e+01	353	7055	5.696443e+03	1932	7.874497e+02	1.770000e+01	354	0	0	7214	7.750578e+03	1.765000e+01	353	2.149772e-01	1.214471e-01	1.765000e+01	353	5.547188e-01	6.017920e-01	
1.775000e+01	355	6519	5.696443e+03	3.715000e+02	7.874497e+02	1.780000e+01	356	0	0	6092	7.750578e+03	1.775000e+01	355	5.391481e-02	1.214471e-01	1.775000e+01	355	5.307529e-01	6.017920e-01	
1.785000e+01	357	5530	5.696443e+03	5.878000e+02	7.874497e+02	1.790000e+01	358	0	0	7138	7.750578e+03	1.785000e+01	357	9.608029e-02	1.214471e-01	1.785000e+01	357	4.615187e-01	6.017920e-01	
1.795000e+01	359	6728	5.696443e+03	6.252000e+02	7.874497e+02	18	360	0	0	8342	7.750578e+03	1.795000e+01	359	8.502421e-02	1.214471e-01	1.795000e+01	359	4.684999e-01	6.017920e-01	
1.805000e+01	361	7193	5.696443e+03	2.901000e+02	7.874497e+02	1.810000e+01	362	0	0	7811	7.750578e+03	1.805000e+01	361	3.876736e-02	1.214471e-01	1.805000e+01	361	4.892802e-01	6.017920e-01	
1.815000e+01	363	7703	5.696443e+03	1153	7.874497e+02	1.820000e+01	364	0	0	9297	7.750578e+03	1.815000e+01	363	1.301942e-01	1.214471e-01	1.815000e+01	363	4.878532e-01	6.017920e-01	
1.825000e+01	365	5432	5.696443e+03	709	7.874497e+02	1.830000e+01	366	0	0	6671	7.750578e+03	1.825000e+01	365	1.154535e-01	1.214471e-01	1.825000e+01	365	4.793163e-01	6.017920e-01	
1.835000e+01	367	7289	5.696443e+03	1027	7.874497e+02	1.840000e+01	368	0	0	5955	7.750578e+03	1.835000e+01	367	1.234969e-01	1.214471e-01	1.835000e+01	367	5.827202e-01	6.017920e-01	
1.845000e+01	369	5573	5.696443e+03	1793	7.874497e+02	1.850000e+01	370	0	0	7380	7.750578e+03	1.845000e+01	369	2.434157e-01	1.214471e-01	1.845000e+01	369	4.995253e-01	6.017920e-01	
1.855000e+01	371	5714	5.696443e+03	9.677000e+02	7.874497e+02	1.860000e+01	372	0	0	6692	7.750578e+03	1.855000e+01	371	1.448284e-01	1.214471e-01	1.855000e+01	371	4.996149e-01	6.017920e-01	
1.865000e+01	373	5827	5.696443e+03	114	7.874497e+02	1.870000e+01	374	0	0	7157	7.750578e+03	1.865000e+01	373	1.918869e-02	1.214471e-01	1.865000e+01	373	4.535807e-01	6.017920e-01	
1.875000e+01	375	5488	5.696443e+03	6.032000e+02	7.874497e+02	1.880000e+01	376	0	0	7213	7.750578e+03	1.875000e+01	375	9.902811e-02	1.214471e-01	1.875000e+01	375	4.578404e-01	6.017920e-01	
1.885000e+01	377	8595	5.696443e+03	4.717000e+02	7.874497e+02	1.890000e+01	378	0	0	8693	7.750578e+03	1.885000e+01	377	5.202554e-02	1.214471e-01	1.885000e+01	377	5.105210e-01	6.017920e-01	
1.895000e+01	379	5556	5.696443e+03	8.001000e+02	7.874497e+02	19	380	0	0	8383	7.750578e+03	1.895000e+01	379	1.258791e-01	1.214471e-01	1.895000e+01	379	4.312407e-01	6.017920e-01	
1.905000e+01	381	6595	5.696443e+03	8.063000e+02	7.874497e+02	1.910000e+01	382	0	0	6819	7.750578e+03	1.905000e+01	381	1.089403e-01	1.214471e-01	1.905000e+01	381	5.204743e-01	6.017920e-01	
1.915000e+01	383	6488	5.696443e+03	-109	7.874497e+02	1.920000e+01	384	0	0	7941	7.750578e+03	1.915000e+01	383	-1.708732e-02	1.214471e-01	1.915000e+01	383	4.454609e-01	6.017920e-01	
1.925000e+01	385	5549	5.696443e+03	1211	7.874497e+02	1.930000e+01	386	0	0	8138	7.750578e+03	1.925000e+01	385	1.791420e-01	1.214471e-01	1.925000e+01	385	4.537522e-01	6.017920e-01	
1.935000e+01	387	6054	5.696443e+03	-1.431000e+02	7.874497e+02	1.940000e+01	388	0	0	8035	7.750578e+03	1.935000e+01	387	-2.420951e-02	1.214471e-01	1.935000e+01	387	4.238450e-01	6.017920e-01	
1.945000e+01	389	6196	5.696443e+03	1805	7.874497e+02	1.950000e+01	390	0	0	8541	7.750578e+03	1.945000e+01	389	2.255968e-01	1.214471e-01	1.945000e+01	389	4.836779e-01	6.017920e-01	
1.955000e+01	391	6193	5.696443e+03	1006	7.874497e+02	1.960000e+01	392	0	0	7451	7.750578e+03	1.955000e+01	391	1.397416e-01	1.214471e-01	1.955000e+01	391	4.913993e-01	6.017920e-01	
1.965000e+01	393	5388	5.696443e+03	6.626000e+02	7.874497e+02	1.970000e+01	394	0	0	7981	7.750578e+03	1.965000e+01	393	1.095098e-01	1.214471e-01	1.965000e+01	393	4.312124e-01	6.017920e-01	
1.975000e+01	395	6282	5.696443e+03	604	7.874497e+02	1.980000e+01	396	0	0	7464	7.750578e+03	1.975000e+01	395	8.771420e-02	1.214471e-01	1.975000e+01	395	4.798606e-01	6.017920e-01	
1.985000e+01	397	6498	5.696443e+03	1424	7.874497e+02	1.990000e+01	398	0	0	8431	7.750578e+03	1.985000e+01	397	1.797526e-01	1.214471e-01	1.985000e+01	397	4.844371e-01	6.017920e-01	
1.995000e+01	399	6788	5.696443e+03	6.651000e+02	7.874497e+02	20	400	0	0	7600	7.750578e+03	1.995000e+01	399	8.923804e-02	1.214471e-01	1.995000e+01	399	4.951206e-01	6.017920e-01	
2.005000e+01	401	5849	5.696443e+03	1501	7.874497e+02	2.010000e+01	402	0	0	7110	7.750578e+03	2.005000e+01	401	2.042177e-01	1.214471e-01	2.005000e+01	401	5.082988e-01	6.017920e-01	
2.015000e+01	403	6169	5.696443e+03	1579	7.874497e+02	2.020000e+01	404	0	0	6940	7.750578e+03	2.015000e+01	403	2.037945e-01	1.214471e-01	2.015000e+01	403	5.275054e-01	6.017920e-01	
2.025000e+01	405	5346	5.696443e+03	4.811000e+02	7.874497e+02	2.030000e+01	406	0	0	9203	7.750578e+03	2.025000e+01	405	8.256251e-02	1.214471e-01	2.025000e+01	405	3.876954e-01	6.017920e-01	
2.035000e+01	407	7659	5.696443e+03	1284	7.874497e+02	2.040000e+01	408	0	0	6192	7.750578e+03	2.035000e+01	407	1.435760e-01	1.214471e-01	2.035000e+01	407	5.908821e-01	6.017920e-01	
2.045000e+01	409	5817	5.696443e+03	9.807000e+02	7.874497e+02	2.050000e+01	410	0	0	8412	7.750578e+03	2.045000e+01	409	1.442694e-01	1.214471e-01	2.045000e+01	409	4.469319e-01	6.017920e-01	
2.055000e+01	411	5175	5.696443e+03	-3.012000e+02	7.874497e+02	2.060000e+01	412	0	0	7899	7.750578e+03	2.055000e+01	411	-6.179983e-02	1.214471e-01	2.055000e+01	411	3.815765e-01	6.017920e-01	
2.065000e+01	413	6917	5.696443e+03	1.435000e+02	7.874497e+02	2.070000e+01	414	0	0	7506	7.750578e+03	2.065000e+01	413	2.032434e-02	1.214471e-01	2.065000e+01	413	4.847081e-01	6.017920e-01	
2.075000e+01	415	5953	5.696443e+03	1449	7.874497e+02	2.080000e+01	416	0	0	7590	7.750578e+03	2.075000e+01	415	1.957579e-01	1.214471e-01	2.075000e+01	415	4.937300e-01	6.017920e-01	
2.085000e+01	417	5532	5.696443e+03	6.411000e+02	7.874497e+02	2.090000e+01	418	0	0	6131	7.750578e+03	2.085000e+01	417	1.038538e-01	1.214471e-01	2.085000e+01	417	5.017108e-01	6.017920e-01	
2.095000e+01	419	5126	5.696443e+03	7.576000e+02	7.874497e+02	21	420	0	0	7170	7.750578e+03	2.095000e+01	419	1.287647e-01	1.214471e-01	2.095000e+01	419	4.507262e-01	6.017920e-01	
2.105000e+01	421	7574	5.696443e+03	1003	7.874497e+02	2.110000e+01	422	0	0	9062	7.750578e+03	2.105000e+01	421	1.169407e-01	1.214471e-01	2.105000e+01	421	4.862521e-01	6.017920e-01	
2.115000e+01	423	6610	5.696443e+03	5.884000e+02	7.874497e+02	2.120000e+01	424	0	0	8100	7.750578e+03	2.115000e+01	423	8.174039e-02	1.214471e-01	2.115000e+01	423	4.705329e-01	6.017920e-01	
2.125000e+01	425	6959	5.696443e+03	4.151000e+02	7.874497e+02	2.130000e+01	426	0	0	7999	7.750578e+03	2.125000e+01	425	5.629162e-02	1.214471e-01	2.125000e+01	425	4.796755e-01	6.017920e-01	
2.135000e+01	427	6022	5.696443e+03	2.794000e+02	7.874497e+02	2.140000e+01	428	0	0	7926	7.750578e+03	2.135000e+01	427	4.433935e-02	1.214471e-01	2.135000e+01	427	4.429059e-01	6.017920e-01	
2.145000e+01	429	6183	5.696443e+03	1328	7.874497e+02	2.150000e+01	430	0	0	8694	7.750578e+03	2.145000e+01	429	1.768073e-01	1.214471e-01	2.145000e+01	429	4.634989e-01	6.017920e-01	
2.155000e+01	431	6292	5.696443e+03	4.163000e+02	7.874497e+02	2.160000e+01	432	0	0	7280	7.750578e+03	2.155000e+01	431	6.205745e-02	1.214471e-01	2.155000e+01	431	4.795651e-01	6.017920e-01	
2.165000e+01	433	7678	5.696443e+03	1866	7.874497e+02	2.170000e+01	434	0	0	7212	7.750578e+03	2.165000e+01	433	1.955155e-01	1.214471e-01	2.165000e+01	433	5.695870e-01	6.017920e-01	
2.175000e+01	435	6504	5.696443e+03	1299	7.874497e+02	2.180000e+01	436	0	0	7789	7.750578e+03	2.175000e+01	435	1.664744e-01	1.214471e-01	2.175000e+01	435	5.004489e-01	6.017920e-01	
2.185000e+01	437	6210	5.696443e+03	906	7.874497e+02	2.190000e+01	438	0	0	7786	7.750578e+03	2.185000e+01	437	1.273187e-01	1.214471e-01	2.185000e+01	437	4.775198e-01	6.017920e-01	
2.195000e+01	439	4385	5.696443e+03	4.658000e+02	7.874497e+02	22	440	0	0	9108	7.750578e+03	2.195000e+01	439	9.602540e-02	1.214471e-01	2.195000e+01	439	3.475084e-01	6.017920e-01	
2.205000e+01	441	2909	5.696443e+03	4710	6.016620e+03	2.210000e+01	442	0	0	7184	7.750578e+03	2.205000e+01	441	6.181914e-01	1.214471e-01	2.205000e+01	441	5.146930e-01	6.017920e-01	
2.215000e+01	443	1022	8.009280e+02	6157	6.016620e+03	2.220000e+01	444	0	0	8705	7.750578e+03	2.215000e+01	443	8.576403e-01	8.825196e-01	2.215000e+01	443	4.519642e-01	6.017920e-01	
2.225000e+01	445	4.842000e+02	8.009280e+02	7858	6.016620e+03	2.230000e+01	446	0	0	7579	7.750578e+03	2.225000e+01	445	9.419578e-01	0	2.225000e+01	445	5.239680e-01	0	
