coordinates:	28.9,65.4	78.9,65.4
timeat253nm	I_1at253nm	I_2at253nm
1.000000e-01	140	131
2.000000e-01	118	144
3.000000e-01	141	132
4.000000e-01	114	152
5.000000e-01	149	136
6.000000e-01	116	145
7.000000e-01	151	142
8.000000e-01	113	152
9.000000e-01	137	139
1	113	155
1.100000e+00	151	132
1.200000e+00	114	157
1.300000e+00	146	147
1.400000e+00	113	169
1.500000e+00	148	142
1.600000e+00	114	145
1.700000e+00	146	142
1.800000e+00	113	154
1.900000e+00	159	142
2	114	144
2.100000e+00	144	133
2.200000e+00	115	155
2.300000e+00	140	132
2.400000e+00	113	152
2.500000e+00	145	137
2.600000e+00	115	156
2.700000e+00	150	142
2.800000e+00	114	149
2.900000e+00	148	139
3	114	139
3.100000e+00	141	130
3.200000e+00	113	145
3.300000e+00	147	142
3.400000e+00	114	158
3.500000e+00	142	138
3.600000e+00	114	155
3.700000e+00	155	136
3.800000e+00	113	149
3.900000e+00	139	145
4	116	149
4.100000e+00	147	142
4.200000e+00	114	149
4.300000e+00	137	131
4.400000e+00	114	150
4.500000e+00	147	133
4.600000e+00	115	160
4.700000e+00	152	135
4.800000e+00	115	164
4.900000e+00	140	137
5	114	159
5.100000e+00	150	147
5.200000e+00	117	155
5.300000e+00	142	142
5.400000e+00	113	156
5.500000e+00	140	142
5.600000e+00	114	150
5.700000e+00	145	129
5.800000e+00	117	160
5.900000e+00	143	144
6	115	149
6.100000e+00	142	129
6.200000e+00	114	156
6.300000e+00	148	134
6.400000e+00	113	150
6.500000e+00	158	148
6.600000e+00	113	142
6.700000e+00	148	139
6.800000e+00	114	155
6.900000e+00	154	132
7	119	152
7.100000e+00	143	138
7.200000e+00	114	147
7.300000e+00	145	140
7.400000e+00	113	145
7.500000e+00	150	140
7.600000e+00	117	148
7.700000e+00	143	135
7.800000e+00	115	144
7.900000e+00	140	136
8	114	150
8.100000e+00	140	131
8.200000e+00	114	172
8.300000e+00	150	136
8.400000e+00	115	152
8.500000e+00	150	131
8.600000e+00	114	149
8.700000e+00	151	130
8.800000e+00	114	147
8.900000e+00	148	136
9	114	152
9.100000e+00	142	139
9.200000e+00	113	158
9.300000e+00	143	134
9.400000e+00	115	139
9.500000e+00	139	143
9.600000e+00	113	155
9.700000e+00	139	147
9.800000e+00	114	151
9.900000e+00	135	146
10	115	145
1.010000e+01	143	150
1.020000e+01	113	161
1.030000e+01	141	143
1.040000e+01	114	147
1.050000e+01	148	142
1.060000e+01	113	150
1.070000e+01	146	134
1.080000e+01	114	150
1.090000e+01	138	143
11	115	140
1.110000e+01	147	143
1.120000e+01	116	154
1.130000e+01	139	148
1.140000e+01	113	146
1.150000e+01	135	139
1.160000e+01	114	135
1.170000e+01	144	147
1.180000e+01	114	150
1.190000e+01	143	145
12	115	150
1.210000e+01	148	134
1.220000e+01	114	148
1.230000e+01	154	146
1.240000e+01	113	149
1.250000e+01	144	149
1.260000e+01	113	150
1.270000e+01	135	141
1.280000e+01	115	161
1.290000e+01	144	147
13	113	144
1.310000e+01	144	137
1.320000e+01	113	150
1.330000e+01	140	144
1.340000e+01	114	156
1.350000e+01	142	157
1.360000e+01	115	151
1.370000e+01	147	134
1.380000e+01	114	151
1.390000e+01	142	135
14	113	152
1.410000e+01	134	146
1.420000e+01	114	145
1.430000e+01	148	144
1.440000e+01	114	162
1.450000e+01	149	141
1.460000e+01	115	157
1.470000e+01	147	149
1.480000e+01	116	156
1.490000e+01	146	145
15	114	161
1.510000e+01	134	140
1.520000e+01	114	147
1.530000e+01	144	147
1.540000e+01	115	156
1.550000e+01	142	131
1.560000e+01	115	153
1.570000e+01	136	149
1.580000e+01	113	143
1.590000e+01	134	141
16	114	146
1.610000e+01	144	145
1.620000e+01	117	158
1.630000e+01	142	148
1.640000e+01	114	144
1.650000e+01	140	139
1.660000e+01	113	153
1.670000e+01	140	136
1.680000e+01	115	162
1.690000e+01	144	138
17	116	145
1.710000e+01	148	136
1.720000e+01	117	143
1.730000e+01	138	145
1.740000e+01	113	149
1.750000e+01	137	146
1.760000e+01	115	158
1.770000e+01	144	142
1.780000e+01	117	158
1.790000e+01	148	138
18	114	164
1.810000e+01	141	146
1.820000e+01	115	149
1.830000e+01	137	145
1.840000e+01	113	151
1.850000e+01	140	154
1.860000e+01	113	151
1.870000e+01	140	164
1.880000e+01	117	154
1.890000e+01	142	150
19	113	157
1.910000e+01	143	149
1.920000e+01	113	150
1.930000e+01	135	144
1.940000e+01	115	153
1.950000e+01	138	142
1.960000e+01	115	154
1.970000e+01	139	146
1.980000e+01	113	151
1.990000e+01	149	136
20	115	149
2.010000e+01	145	144
2.020000e+01	114	145
2.030000e+01	143	151
2.040000e+01	115	161
2.050000e+01	142	140
2.060000e+01	117	153
2.070000e+01	145	142
2.080000e+01	116	158
2.090000e+01	143	143
21	114	149
2.110000e+01	142	140
2.120000e+01	114	149
2.130000e+01	136	149
2.140000e+01	114	150
2.150000e+01	136	148
2.160000e+01	114	150
2.170000e+01	136	148
2.180000e+01	114	148
2.190000e+01	135	144
22	115	150
2.210000e+01	140	146
2.220000e+01	114	152
2.230000e+01	138	135
2.240000e+01	113	149
2.250000e+01	139	153
2.260000e+01	115	150
2.270000e+01	133	147
2.280000e+01	115	163
2.290000e+01	138	158
23	115	146
2.310000e+01	138	139
2.320000e+01	115	139
2.330000e+01	137	133
2.340000e+01	115	150
2.350000e+01	141	140
2.360000e+01	116	147
2.370000e+01	139	138
2.380000e+01	115	153
2.390000e+01	137	142
24	116	153
2.410000e+01	135	151
2.420000e+01	114	152
2.430000e+01	138	146
2.440000e+01	115	150
2.450000e+01	140	146
2.460000e+01	117	157
2.470000e+01	138	158
2.480000e+01	114	157
2.490000e+01	147	141
25	117	161
2.510000e+01	142	143
2.520000e+01	113	158
2.530000e+01	146	138
2.540000e+01	115	163
2.550000e+01	146	151
2.560000e+01	114	148
2.570000e+01	139	151
2.580000e+01	114	151
2.590000e+01	144	144
26	116	154
2.610000e+01	132	143
2.620000e+01	115	147
2.630000e+01	140	141
2.640000e+01	114	147
2.650000e+01	138	154
2.660000e+01	113	156
2.670000e+01	136	137
2.680000e+01	113	153
2.690000e+01	146	139
27	113	156
2.710000e+01	141	149
2.720000e+01	117	150
2.730000e+01	144	144
2.740000e+01	115	148
2.750000e+01	146	149
2.760000e+01	115	150
2.770000e+01	134	136
2.780000e+01	113	151
2.790000e+01	136	141
28	115	141
2.810000e+01	146	142
2.820000e+01	113	159
2.830000e+01	139	140
2.840000e+01	113	150
2.850000e+01	148	144
2.860000e+01	113	154
2.870000e+01	147	137
2.880000e+01	114	151
2.890000e+01	140	138
29	116	158
2.910000e+01	139	142
2.920000e+01	118	163
2.930000e+01	143	139
2.940000e+01	114	151
2.950000e+01	144	145
2.960000e+01	116	158
2.970000e+01	139	150
2.980000e+01	115	152
2.990000e+01	136	145
30	114	153
3.010000e+01	145	153
3.020000e+01	113	163
3.030000e+01	144	139
3.040000e+01	115	148
3.050000e+01	127	145
3.060000e+01	113	151
3.070000e+01	140	148
3.080000e+01	113	147
3.090000e+01	147	140
31	113	156
3.110000e+01	137	143
3.120000e+01	115	146
3.130000e+01	140	138
3.140000e+01	113	155
3.150000e+01	144	148
3.160000e+01	114	159
3.170000e+01	140	140
3.180000e+01	113	149
3.190000e+01	143	146
32	113	151
3.210000e+01	152	149
3.220000e+01	117	155
3.230000e+01	152	133
3.240000e+01	115	148
3.250000e+01	178	123
3.260000e+01	114	152
3.270000e+01	160	127
3.280000e+01	116	156
3.290000e+01	169	126
33	114	162
3.310000e+01	165	131
3.320000e+01	114	144
3.330000e+01	169	123
3.340000e+01	113	153
3.350000e+01	159	123
3.360000e+01	117	163
3.370000e+01	173	123
3.380000e+01	113	150
3.390000e+01	152	129
34	114	152
3.410000e+01	165	126
3.420000e+01	116	153
3.430000e+01	158	123
3.440000e+01	113	154
3.450000e+01	156	123
3.460000e+01	114	150
3.470000e+01	166	125
3.480000e+01	114	149
3.490000e+01	150	125
35	116	157
3.510000e+01	160	128
3.520000e+01	116	154
3.530000e+01	165	123
3.540000e+01	114	148
3.550000e+01	172	128
3.560000e+01	114	151
3.570000e+01	163	123
3.580000e+01	115	154
3.590000e+01	160	128
36	114	144
3.610000e+01	152	124
3.620000e+01	114	144
3.630000e+01	171	134
3.640000e+01	114	151
3.650000e+01	165	124
3.660000e+01	114	157
3.670000e+01	157	127
3.680000e+01	115	155
3.690000e+01	169	125
37	113	159
3.710000e+01	151	126
3.720000e+01	113	142
3.730000e+01	152	122
3.740000e+01	113	149
3.750000e+01	166	126
3.760000e+01	114	156
3.770000e+01	158	125
3.780000e+01	119	150
3.790000e+01	165	132
38	113	155
3.810000e+01	165	133
3.820000e+01	117	148
3.830000e+01	160	127
3.840000e+01	114	149
3.850000e+01	165	129
3.860000e+01	114	146
3.870000e+01	153	124
3.880000e+01	114	148
3.890000e+01	152	130
39	114	150
3.910000e+01	157	124
3.920000e+01	116	149
3.930000e+01	163	125
3.940000e+01	113	158
3.950000e+01	149	126
3.960000e+01	113	146
3.970000e+01	141	124
3.980000e+01	114	152
3.990000e+01	162	119
40	113	160
4.010000e+01	159	124
4.020000e+01	114	153
4.030000e+01	152	121
4.040000e+01	113	149
4.050000e+01	163	126
4.060000e+01	113	148
4.070000e+01	178	121
4.080000e+01	115	147
4.090000e+01	159	124
41	113	144
4.110000e+01	164	135
4.120000e+01	114	138
4.130000e+01	163	128
4.140000e+01	114	165
4.150000e+01	171	131
4.160000e+01	115	147
4.170000e+01	158	127
4.180000e+01	114	146
4.190000e+01	160	126
42	114	152
4.210000e+01	156	126
4.220000e+01	114	148
4.230000e+01	158	128
4.240000e+01	114	148
4.250000e+01	162	130
4.260000e+01	114	150
4.270000e+01	162	122
4.280000e+01	114	151
4.290000e+01	157	134
43	116	149
4.310000e+01	151	130
4.320000e+01	114	149
4.330000e+01	172	120
4.340000e+01	113	150
4.350000e+01	156	130
4.360000e+01	114	165
4.370000e+01	179	127
4.380000e+01	114	150
4.390000e+01	156	123
44	115	152
4.410000e+01	161	124
4.420000e+01	115	160
4.430000e+01	168	123
4.440000e+01	113	141
4.450000e+01	164	118
4.460000e+01	116	149
4.470000e+01	158	119
4.480000e+01	117	157
4.490000e+01	153	126
45	115	153
4.510000e+01	154	122
4.520000e+01	115	148
4.530000e+01	167	130
4.540000e+01	115	160
4.550000e+01	151	147
4.560000e+01	114	150
4.570000e+01	132	145
4.580000e+01	113	150
4.590000e+01	145	139
46	114	149
4.610000e+01	149	137
4.620000e+01	113	141
4.630000e+01	168	123
4.640000e+01	114	149
4.650000e+01	152	121
4.660000e+01	115	163
4.670000e+01	152	126
4.680000e+01	114	150
4.690000e+01	160	134
47	113	160
4.710000e+01	157	130
4.720000e+01	114	153
4.730000e+01	148	118
4.740000e+01	115	143
4.750000e+01	156	133
4.760000e+01	117	153
4.770000e+01	175	129
4.780000e+01	115	158
4.790000e+01	152	126
48	116	162
4.810000e+01	154	119
4.820000e+01	115	159
4.830000e+01	165	123
4.840000e+01	115	151
4.850000e+01	158	128
4.860000e+01	116	158
4.870000e+01	164	120
4.880000e+01	113	153
4.890000e+01	164	135
49	113	158
4.910000e+01	170	128
4.920000e+01	113	149
4.930000e+01	164	127
4.940000e+01	114	144
4.950000e+01	158	126
4.960000e+01	113	157
4.970000e+01	168	123
4.980000e+01	113	150
4.990000e+01	167	128
50	114	152
5.010000e+01	156	120
5.020000e+01	113	150
5.030000e+01	147	128
5.040000e+01	115	139
5.050000e+01	158	125
5.060000e+01	113	159
5.070000e+01	162	123
5.080000e+01	114	142
5.090000e+01	176	125
51	116	149
5.110000e+01	159	130
5.120000e+01	114	154
5.130000e+01	164	129
5.140000e+01	114	154
5.150000e+01	159	127
5.160000e+01	115	163
5.170000e+01	168	122
5.180000e+01	114	153
5.190000e+01	170	130
52	120	163
5.210000e+01	161	130
5.220000e+01	113	159
5.230000e+01	169	123
5.240000e+01	114	148
5.250000e+01	158	130
5.260000e+01	114	151
5.270000e+01	153	125
5.280000e+01	114	151
5.290000e+01	149	139
53	114	147
5.310000e+01	167	120
5.320000e+01	116	159
5.330000e+01	159	124
5.340000e+01	114	148
5.350000e+01	166	124
5.360000e+01	116	155
5.370000e+01	159	123
5.380000e+01	113	143
5.390000e+01	158	133
54	115	154
5.410000e+01	168	123
5.420000e+01	114	159
5.430000e+01	152	125
5.440000e+01	113	156
5.450000e+01	166	129
5.460000e+01	114	160
5.470000e+01	169	129
5.480000e+01	114	150
5.490000e+01	170	123
55	113	143
5.510000e+01	142	123
5.520000e+01	114	151
5.530000e+01	162	127
5.540000e+01	114	153
5.550000e+01	162	127
5.560000e+01	113	149
5.570000e+01	167	127
5.580000e+01	114	159
5.590000e+01	163	128
56	114	153
5.610000e+01	176	130
5.620000e+01	115	157
5.630000e+01	165	128
5.640000e+01	115	159
5.650000e+01	161	132
5.660000e+01	116	157
5.670000e+01	164	122
5.680000e+01	116	143
5.690000e+01	167	126
57	114	142
5.710000e+01	168	127
5.720000e+01	114	162
5.730000e+01	155	124
5.740000e+01	115	155
5.750000e+01	159	126
5.760000e+01	115	162
5.770000e+01	172	125
5.780000e+01	114	163
5.790000e+01	165	125
58	113	150
5.810000e+01	175	125
5.820000e+01	114	159
5.830000e+01	163	135
5.840000e+01	113	143
5.850000e+01	166	128
5.860000e+01	114	160
5.870000e+01	154	129
5.880000e+01	114	154
5.890000e+01	168	124
59	113	155
5.910000e+01	153	129
5.920000e+01	115	154
5.930000e+01	159	125
5.940000e+01	115	149
5.950000e+01	157	120
5.960000e+01	113	149
5.970000e+01	174	126
5.980000e+01	114	162
5.990000e+01	162	124
60	117	148
