coordinates:	28.9,65.4	78.9,65.4
timeat253nm	I_1at253nm	I_2at253nm
1.000000e-01	145	144
2.000000e-01	115	155
3.000000e-01	144	134
4.000000e-01	114	142
5.000000e-01	139	137
6.000000e-01	113	148
7.000000e-01	149	144
8.000000e-01	116	151
9.000000e-01	141	138
1	115	146
1.100000e+00	154	140
1.200000e+00	115	142
1.300000e+00	141	138
1.400000e+00	115	156
1.500000e+00	137	140
1.600000e+00	115	153
1.700000e+00	144	141
1.800000e+00	115	154
1.900000e+00	137	133
2	117	150
2.100000e+00	140	142
2.200000e+00	114	145
2.300000e+00	144	147
2.400000e+00	113	159
2.500000e+00	146	139
2.600000e+00	115	156
2.700000e+00	146	145
2.800000e+00	114	157
2.900000e+00	142	153
3	116	155
3.100000e+00	140	145
3.200000e+00	116	161
3.300000e+00	151	139
3.400000e+00	114	153
3.500000e+00	153	147
3.600000e+00	115	150
3.700000e+00	134	134
3.800000e+00	115	160
3.900000e+00	144	146
4	113	146
4.100000e+00	148	137
4.200000e+00	113	151
4.300000e+00	144	132
4.400000e+00	114	145
4.500000e+00	149	134
4.600000e+00	113	153
4.700000e+00	142	141
4.800000e+00	117	154
4.900000e+00	141	145
5	115	143
5.100000e+00	145	134
5.200000e+00	113	145
5.300000e+00	149	138
5.400000e+00	116	154
5.500000e+00	136	132
5.600000e+00	115	153
5.700000e+00	149	141
5.800000e+00	116	152
5.900000e+00	161	135
6	113	156
6.100000e+00	147	137
6.200000e+00	115	144
6.300000e+00	146	142
6.400000e+00	115	164
6.500000e+00	162	144
6.600000e+00	114	147
6.700000e+00	157	138
6.800000e+00	115	154
6.900000e+00	136	139
7	115	158
7.100000e+00	145	138
7.200000e+00	115	156
7.300000e+00	154	141
7.400000e+00	113	157
7.500000e+00	163	140
7.600000e+00	115	146
7.700000e+00	137	142
7.800000e+00	114	146
7.900000e+00	150	138
8	115	145
8.100000e+00	154	140
8.200000e+00	113	155
8.300000e+00	148	145
8.400000e+00	115	150
8.500000e+00	145	132
8.600000e+00	114	149
8.700000e+00	145	137
8.800000e+00	114	157
8.900000e+00	141	140
9	116	151
9.100000e+00	152	138
9.200000e+00	113	156
9.300000e+00	143	132
9.400000e+00	113	147
9.500000e+00	140	138
9.600000e+00	113	151
9.700000e+00	138	139
9.800000e+00	113	150
9.900000e+00	151	126
10	114	156
1.010000e+01	149	134
1.020000e+01	116	146
1.030000e+01	148	145
1.040000e+01	114	160
1.050000e+01	138	149
1.060000e+01	114	143
1.070000e+01	139	142
1.080000e+01	114	152
1.090000e+01	146	129
11	114	157
1.110000e+01	144	138
1.120000e+01	117	149
1.130000e+01	145	137
1.140000e+01	114	152
1.150000e+01	153	140
1.160000e+01	117	162
1.170000e+01	145	131
1.180000e+01	115	155
1.190000e+01	144	125
12	115	147
1.210000e+01	151	141
1.220000e+01	114	156
1.230000e+01	141	134
1.240000e+01	115	157
1.250000e+01	145	136
1.260000e+01	114	152
1.270000e+01	142	134
1.280000e+01	114	155
1.290000e+01	149	140
13	114	142
1.310000e+01	150	135
1.320000e+01	115	164
1.330000e+01	148	138
1.340000e+01	114	158
1.350000e+01	151	139
1.360000e+01	116	149
1.370000e+01	146	132
1.380000e+01	117	150
1.390000e+01	139	139
14	114	149
1.410000e+01	155	139
1.420000e+01	114	152
1.430000e+01	141	140
1.440000e+01	113	149
1.450000e+01	144	141
1.460000e+01	115	160
1.470000e+01	144	134
1.480000e+01	115	157
1.490000e+01	149	137
15	115	152
1.510000e+01	142	140
1.520000e+01	117	152
1.530000e+01	142	149
1.540000e+01	115	156
1.550000e+01	146	136
1.560000e+01	114	149
1.570000e+01	150	135
1.580000e+01	114	143
1.590000e+01	148	141
16	114	149
1.610000e+01	132	131
1.620000e+01	118	144
1.630000e+01	146	136
1.640000e+01	116	150
1.650000e+01	150	137
1.660000e+01	114	153
1.670000e+01	141	142
1.680000e+01	114	157
1.690000e+01	143	137
17	115	144
1.710000e+01	155	136
1.720000e+01	116	153
1.730000e+01	141	138
1.740000e+01	116	149
1.750000e+01	148	133
1.760000e+01	115	150
1.770000e+01	141	143
1.780000e+01	113	153
1.790000e+01	144	133
18	115	148
1.810000e+01	149	133
1.820000e+01	113	143
1.830000e+01	144	133
1.840000e+01	114	147
1.850000e+01	144	142
1.860000e+01	115	151
1.870000e+01	164	135
1.880000e+01	115	163
1.890000e+01	150	139
19	114	149
1.910000e+01	149	135
1.920000e+01	115	148
1.930000e+01	141	142
1.940000e+01	113	150
1.950000e+01	150	139
1.960000e+01	116	149
1.970000e+01	142	139
1.980000e+01	116	152
1.990000e+01	148	147
20	115	150
2.010000e+01	140	144
2.020000e+01	114	153
2.030000e+01	147	141
2.040000e+01	115	154
2.050000e+01	145	140
2.060000e+01	114	154
2.070000e+01	138	147
2.080000e+01	114	151
2.090000e+01	148	126
21	115	149
2.110000e+01	151	138
2.120000e+01	115	149
2.130000e+01	144	140
2.140000e+01	114	150
2.150000e+01	147	135
2.160000e+01	114	157
2.170000e+01	138	135
2.180000e+01	115	158
2.190000e+01	148	136
22	116	150
2.210000e+01	155	137
2.220000e+01	115	137
2.230000e+01	154	136
2.240000e+01	114	147
2.250000e+01	152	138
2.260000e+01	119	161
2.270000e+01	149	138
2.280000e+01	116	146
2.290000e+01	139	135
23	114	142
2.310000e+01	142	138
2.320000e+01	114	156
2.330000e+01	161	137
2.340000e+01	114	150
2.350000e+01	151	136
2.360000e+01	114	152
2.370000e+01	145	144
2.380000e+01	115	154
2.390000e+01	140	138
24	114	154
2.410000e+01	141	140
2.420000e+01	113	156
2.430000e+01	154	139
2.440000e+01	115	153
2.450000e+01	143	137
2.460000e+01	115	151
2.470000e+01	154	137
2.480000e+01	118	153
2.490000e+01	154	144
25	116	162
2.510000e+01	139	143
2.520000e+01	115	144
2.530000e+01	152	139
2.540000e+01	114	150
2.550000e+01	134	128
2.560000e+01	113	148
2.570000e+01	143	137
2.580000e+01	117	160
2.590000e+01	145	146
26	115	162
2.610000e+01	147	141
2.620000e+01	115	156
2.630000e+01	160	140
2.640000e+01	117	157
2.650000e+01	148	130
2.660000e+01	114	137
2.670000e+01	144	133
2.680000e+01	114	151
2.690000e+01	145	148
27	116	148
2.710000e+01	148	146
2.720000e+01	114	169
2.730000e+01	141	146
2.740000e+01	114	153
2.750000e+01	149	137
2.760000e+01	115	162
2.770000e+01	157	133
2.780000e+01	114	147
2.790000e+01	139	139
28	113	141
2.810000e+01	151	138
2.820000e+01	115	139
2.830000e+01	147	137
2.840000e+01	116	154
2.850000e+01	141	144
2.860000e+01	116	153
2.870000e+01	151	135
2.880000e+01	117	146
2.890000e+01	140	146
29	114	151
2.910000e+01	141	144
2.920000e+01	116	160
2.930000e+01	133	133
2.940000e+01	114	152
2.950000e+01	138	140
2.960000e+01	113	152
2.970000e+01	145	144
2.980000e+01	113	150
2.990000e+01	140	139
30	115	154
3.010000e+01	151	143
3.020000e+01	115	157
3.030000e+01	151	134
3.040000e+01	114	150
3.050000e+01	144	141
3.060000e+01	116	151
3.070000e+01	146	142
3.080000e+01	113	155
3.090000e+01	147	137
31	113	146
3.110000e+01	146	137
3.120000e+01	118	158
3.130000e+01	147	135
3.140000e+01	115	165
3.150000e+01	147	141
3.160000e+01	115	158
3.170000e+01	145	144
3.180000e+01	115	162
3.190000e+01	150	141
32	117	156
3.210000e+01	150	129
3.220000e+01	115	150
3.230000e+01	152	141
3.240000e+01	115	147
3.250000e+01	137	137
3.260000e+01	114	148
3.270000e+01	145	129
3.280000e+01	114	153
3.290000e+01	152	135
33	113	167
3.310000e+01	147	145
3.320000e+01	115	146
3.330000e+01	147	143
3.340000e+01	113	158
3.350000e+01	150	138
3.360000e+01	115	160
3.370000e+01	147	138
3.380000e+01	114	155
3.390000e+01	149	145
34	114	160
3.410000e+01	145	141
3.420000e+01	116	148
3.430000e+01	144	136
3.440000e+01	116	147
3.450000e+01	144	141
3.460000e+01	114	142
3.470000e+01	145	134
3.480000e+01	113	159
3.490000e+01	140	132
35	115	148
3.510000e+01	147	138
3.520000e+01	114	151
3.530000e+01	138	133
3.540000e+01	114	144
3.550000e+01	148	137
3.560000e+01	114	153
3.570000e+01	144	141
3.580000e+01	116	154
3.590000e+01	144	140
36	115	163
3.610000e+01	157	148
3.620000e+01	113	153
3.630000e+01	145	139
3.640000e+01	115	160
3.650000e+01	144	133
3.660000e+01	114	152
3.670000e+01	154	132
3.680000e+01	114	154
3.690000e+01	155	141
37	115	136
3.710000e+01	147	135
3.720000e+01	116	148
3.730000e+01	138	146
3.740000e+01	117	146
3.750000e+01	142	138
3.760000e+01	116	155
3.770000e+01	152	132
3.780000e+01	113	151
3.790000e+01	158	142
38	113	149
3.810000e+01	153	142
3.820000e+01	113	161
3.830000e+01	150	136
3.840000e+01	115	152
3.850000e+01	139	143
3.860000e+01	117	152
3.870000e+01	143	135
3.880000e+01	114	167
3.890000e+01	145	136
39	114	156
3.910000e+01	146	136
3.920000e+01	114	152
3.930000e+01	146	137
3.940000e+01	115	156
3.950000e+01	149	141
3.960000e+01	114	150
3.970000e+01	144	134
3.980000e+01	114	149
3.990000e+01	138	141
40	113	153
4.010000e+01	148	137
4.020000e+01	114	152
4.030000e+01	141	133
4.040000e+01	114	157
4.050000e+01	150	145
4.060000e+01	113	158
4.070000e+01	153	129
4.080000e+01	115	150
4.090000e+01	149	134
41	115	153
4.110000e+01	144	137
4.120000e+01	115	154
4.130000e+01	147	139
4.140000e+01	113	153
4.150000e+01	163	145
4.160000e+01	113	163
4.170000e+01	143	139
4.180000e+01	114	148
4.190000e+01	138	139
42	115	152
4.210000e+01	143	138
4.220000e+01	115	160
4.230000e+01	134	142
4.240000e+01	115	149
4.250000e+01	150	139
4.260000e+01	116	154
4.270000e+01	148	143
4.280000e+01	113	170
4.290000e+01	156	142
43	114	148
4.310000e+01	139	147
4.320000e+01	113	161
4.330000e+01	159	137
4.340000e+01	114	161
4.350000e+01	146	140
4.360000e+01	114	154
4.370000e+01	147	133
4.380000e+01	114	160
4.390000e+01	133	149
44	113	145
4.410000e+01	142	135
4.420000e+01	114	148
4.430000e+01	163	136
4.440000e+01	113	151
4.450000e+01	143	131
4.460000e+01	116	148
4.470000e+01	141	128
4.480000e+01	114	158
4.490000e+01	140	136
45	113	142
4.510000e+01	147	136
4.520000e+01	113	156
4.530000e+01	150	152
4.540000e+01	116	146
4.550000e+01	145	138
4.560000e+01	117	153
4.570000e+01	148	139
4.580000e+01	114	141
4.590000e+01	141	139
46	115	155
4.610000e+01	154	132
4.620000e+01	115	141
4.630000e+01	144	137
4.640000e+01	114	155
4.650000e+01	143	151
4.660000e+01	117	151
4.670000e+01	148	142
4.680000e+01	117	152
4.690000e+01	155	134
47	113	156
4.710000e+01	141	136
4.720000e+01	113	154
4.730000e+01	135	142
4.740000e+01	114	141
4.750000e+01	148	141
4.760000e+01	114	158
4.770000e+01	146	140
4.780000e+01	116	155
4.790000e+01	145	145
48	114	147
4.810000e+01	144	137
4.820000e+01	115	157
4.830000e+01	152	141
4.840000e+01	115	147
4.850000e+01	144	138
4.860000e+01	114	144
4.870000e+01	146	145
4.880000e+01	115	152
4.890000e+01	145	142
49	114	152
4.910000e+01	144	137
4.920000e+01	114	150
4.930000e+01	149	141
4.940000e+01	115	156
4.950000e+01	148	142
4.960000e+01	115	145
4.970000e+01	158	138
4.980000e+01	115	146
4.990000e+01	156	131
50	114	147
5.010000e+01	141	133
5.020000e+01	116	154
5.030000e+01	159	141
5.040000e+01	116	148
5.050000e+01	154	145
5.060000e+01	114	140
5.070000e+01	153	134
5.080000e+01	114	155
5.090000e+01	153	135
51	113	152
5.110000e+01	143	140
5.120000e+01	113	143
5.130000e+01	150	141
5.140000e+01	114	152
5.150000e+01	143	153
5.160000e+01	116	156
5.170000e+01	144	140
5.180000e+01	114	151
5.190000e+01	140	132
52	115	149
5.210000e+01	139	145
5.220000e+01	118	148
5.230000e+01	136	143
5.240000e+01	114	145
5.250000e+01	144	137
5.260000e+01	113	148
5.270000e+01	147	143
5.280000e+01	113	153
5.290000e+01	153	140
53	113	152
5.310000e+01	156	148
5.320000e+01	114	151
5.330000e+01	158	133
5.340000e+01	116	153
5.350000e+01	153	142
5.360000e+01	115	149
5.370000e+01	143	142
5.380000e+01	115	146
5.390000e+01	158	133
54	116	139
5.410000e+01	146	142
5.420000e+01	114	159
5.430000e+01	150	137
5.440000e+01	114	145
5.450000e+01	151	144
5.460000e+01	117	153
5.470000e+01	141	143
5.480000e+01	114	166
5.490000e+01	141	146
55	115	146
5.510000e+01	141	142
5.520000e+01	115	153
5.530000e+01	142	138
5.540000e+01	113	167
5.550000e+01	143	145
5.560000e+01	113	153
5.570000e+01	142	135
5.580000e+01	115	150
5.590000e+01	157	142
56	114	147
5.610000e+01	138	129
5.620000e+01	114	145
5.630000e+01	150	137
5.640000e+01	113	144
5.650000e+01	144	139
5.660000e+01	115	147
5.670000e+01	160	138
5.680000e+01	115	147
5.690000e+01	146	140
57	114	145
5.710000e+01	143	142
5.720000e+01	114	144
5.730000e+01	143	131
5.740000e+01	115	153
5.750000e+01	153	140
5.760000e+01	115	143
5.770000e+01	139	145
5.780000e+01	113	153
5.790000e+01	158	136
58	113	160
5.810000e+01	152	142
5.820000e+01	114	146
5.830000e+01	140	147
5.840000e+01	115	144
5.850000e+01	152	138
5.860000e+01	116	149
5.870000e+01	153	144
5.880000e+01	113	157
5.890000e+01	133	139
59	115	146
5.910000e+01	141	149
5.920000e+01	114	143
5.930000e+01	144	138
5.940000e+01	115	155
5.950000e+01	140	143
5.960000e+01	114	148
5.970000e+01	144	140
5.980000e+01	115	145
5.990000e+01	154	141
60	115	158
