coordinates:	28.9,65.4	78.9,65.4
timeat253nm	I_1at253nm	I_2at253nm
1.000000e-01	168	129
2.000000e-01	115	140
3.000000e-01	170	126
4.000000e-01	116	153
5.000000e-01	171	126
6.000000e-01	116	161
7.000000e-01	165	130
8.000000e-01	114	154
9.000000e-01	167	123
1	113	150
1.100000e+00	165	124
1.200000e+00	115	152
1.300000e+00	161	124
1.400000e+00	113	157
1.500000e+00	158	120
1.600000e+00	114	159
1.700000e+00	168	127
1.800000e+00	114	155
1.900000e+00	156	130
2	114	147
2.100000e+00	157	122
2.200000e+00	115	157
2.300000e+00	166	124
2.400000e+00	115	158
2.500000e+00	163	121
2.600000e+00	114	142
2.700000e+00	152	128
2.800000e+00	114	151
2.900000e+00	165	130
3	115	156
3.100000e+00	169	130
3.200000e+00	114	147
3.300000e+00	151	123
3.400000e+00	117	153
3.500000e+00	157	128
3.600000e+00	114	157
3.700000e+00	159	119
3.800000e+00	115	158
3.900000e+00	167	124
4	113	143
4.100000e+00	156	131
4.200000e+00	113	159
4.300000e+00	168	131
4.400000e+00	113	151
4.500000e+00	158	126
4.600000e+00	116	151
4.700000e+00	173	130
4.800000e+00	116	154
4.900000e+00	165	124
5	117	143
5.100000e+00	150	120
5.200000e+00	115	155
5.300000e+00	164	132
5.400000e+00	114	156
5.500000e+00	161	132
5.600000e+00	113	157
5.700000e+00	153	118
5.800000e+00	113	157
5.900000e+00	168	122
6	114	152
6.100000e+00	160	130
6.200000e+00	114	146
6.300000e+00	150	128
6.400000e+00	114	152
6.500000e+00	177	131
6.600000e+00	114	161
6.700000e+00	154	129
6.800000e+00	114	151
6.900000e+00	148	123
7	114	146
7.100000e+00	160	125
7.200000e+00	115	155
7.300000e+00	158	135
7.400000e+00	114	146
7.500000e+00	164	125
7.600000e+00	115	156
7.700000e+00	157	123
7.800000e+00	114	159
7.900000e+00	167	119
8	115	148
8.100000e+00	153	123
8.200000e+00	115	146
8.300000e+00	165	127
8.400000e+00	114	152
8.500000e+00	160	126
8.600000e+00	115	149
8.700000e+00	160	127
8.800000e+00	115	154
8.900000e+00	153	126
9	113	153
9.100000e+00	157	124
9.200000e+00	114	155
9.300000e+00	157	124
9.400000e+00	115	154
9.500000e+00	154	128
9.600000e+00	117	159
9.700000e+00	159	127
9.800000e+00	117	154
9.900000e+00	152	130
10	115	148
1.010000e+01	168	126
1.020000e+01	113	150
1.030000e+01	165	126
1.040000e+01	114	150
1.050000e+01	154	122
1.060000e+01	114	146
1.070000e+01	146	137
1.080000e+01	115	144
1.090000e+01	142	133
11	114	150
1.110000e+01	141	144
1.120000e+01	114	162
1.130000e+01	137	145
1.140000e+01	114	146
1.150000e+01	135	137
1.160000e+01	114	149
1.170000e+01	131	141
1.180000e+01	114	167
1.190000e+01	134	141
12	114	150
1.210000e+01	136	142
1.220000e+01	114	161
1.230000e+01	150	138
1.240000e+01	118	148
1.250000e+01	141	148
1.260000e+01	114	168
1.270000e+01	135	148
1.280000e+01	116	165
1.290000e+01	137	145
13	113	151
1.310000e+01	144	136
1.320000e+01	114	151
1.330000e+01	137	141
1.340000e+01	115	152
1.350000e+01	147	145
1.360000e+01	113	155
1.370000e+01	134	146
1.380000e+01	115	148
1.390000e+01	136	150
14	113	141
1.410000e+01	146	149
1.420000e+01	115	153
1.430000e+01	143	140
1.440000e+01	114	152
1.450000e+01	142	155
1.460000e+01	113	144
1.470000e+01	139	149
1.480000e+01	114	157
1.490000e+01	133	138
15	114	155
1.510000e+01	141	138
1.520000e+01	114	152
1.530000e+01	137	150
1.540000e+01	117	155
1.550000e+01	133	137
1.560000e+01	114	157
1.570000e+01	139	146
1.580000e+01	114	151
1.590000e+01	134	144
16	114	145
1.610000e+01	136	144
1.620000e+01	115	149
1.630000e+01	143	137
1.640000e+01	115	144
1.650000e+01	147	147
1.660000e+01	113	149
1.670000e+01	138	143
1.680000e+01	113	157
1.690000e+01	136	139
17	115	156
1.710000e+01	144	137
1.720000e+01	113	153
1.730000e+01	139	141
1.740000e+01	113	157
1.750000e+01	136	138
1.760000e+01	115	152
1.770000e+01	135	141
1.780000e+01	115	151
1.790000e+01	152	135
18	116	144
1.810000e+01	140	147
1.820000e+01	115	151
1.830000e+01	143	140
1.840000e+01	115	145
1.850000e+01	146	141
1.860000e+01	115	145
1.870000e+01	130	148
1.880000e+01	115	156
1.890000e+01	138	143
19	113	153
1.910000e+01	141	145
1.920000e+01	115	155
1.930000e+01	145	148
1.940000e+01	113	155
1.950000e+01	126	141
1.960000e+01	113	148
1.970000e+01	139	139
1.980000e+01	114	141
1.990000e+01	129	143
20	116	156
2.010000e+01	144	137
2.020000e+01	114	146
2.030000e+01	134	143
2.040000e+01	113	153
2.050000e+01	142	148
2.060000e+01	114	148
2.070000e+01	145	148
2.080000e+01	114	147
2.090000e+01	151	142
21	113	138
2.110000e+01	140	140
2.120000e+01	115	149
2.130000e+01	137	146
2.140000e+01	114	157
2.150000e+01	142	140
2.160000e+01	114	155
2.170000e+01	147	134
2.180000e+01	114	156
2.190000e+01	144	157
22	115	152
2.210000e+01	136	148
2.220000e+01	116	142
2.230000e+01	143	143
2.240000e+01	113	150
2.250000e+01	133	146
2.260000e+01	116	150
2.270000e+01	141	144
2.280000e+01	116	154
2.290000e+01	143	141
23	114	166
2.310000e+01	139	143
2.320000e+01	114	149
2.330000e+01	141	148
2.340000e+01	115	152
2.350000e+01	138	147
2.360000e+01	113	162
2.370000e+01	144	141
2.380000e+01	116	148
2.390000e+01	146	149
24	116	153
2.410000e+01	139	141
2.420000e+01	114	157
2.430000e+01	145	144
2.440000e+01	114	155
2.450000e+01	143	142
2.460000e+01	114	165
2.470000e+01	149	148
2.480000e+01	115	144
2.490000e+01	140	135
25	114	159
2.510000e+01	149	138
2.520000e+01	115	159
2.530000e+01	143	144
2.540000e+01	114	152
2.550000e+01	131	138
2.560000e+01	114	153
2.570000e+01	143	139
2.580000e+01	114	157
2.590000e+01	134	150
26	114	145
2.610000e+01	133	152
2.620000e+01	115	160
2.630000e+01	131	150
2.640000e+01	115	164
2.650000e+01	134	153
2.660000e+01	115	153
2.670000e+01	150	132
2.680000e+01	114	155
2.690000e+01	137	140
27	114	149
2.710000e+01	135	145
2.720000e+01	115	144
2.730000e+01	136	152
2.740000e+01	115	160
2.750000e+01	139	142
2.760000e+01	113	154
2.770000e+01	148	148
2.780000e+01	114	153
2.790000e+01	137	139
28	113	146
2.810000e+01	136	139
2.820000e+01	113	155
2.830000e+01	146	146
2.840000e+01	115	151
2.850000e+01	140	153
2.860000e+01	116	157
2.870000e+01	131	143
2.880000e+01	113	144
2.890000e+01	138	141
29	115	156
2.910000e+01	143	147
2.920000e+01	118	155
2.930000e+01	147	149
2.940000e+01	115	155
2.950000e+01	137	135
2.960000e+01	115	152
2.970000e+01	140	145
2.980000e+01	114	158
2.990000e+01	135	141
30	115	142
3.010000e+01	136	142
3.020000e+01	116	149
3.030000e+01	150	140
3.040000e+01	116	141
3.050000e+01	132	138
3.060000e+01	113	153
3.070000e+01	137	139
3.080000e+01	114	147
3.090000e+01	141	149
31	115	143
3.110000e+01	166	131
3.120000e+01	114	146
3.130000e+01	162	124
3.140000e+01	114	149
3.150000e+01	158	123
3.160000e+01	114	152
3.170000e+01	150	123
3.180000e+01	115	140
3.190000e+01	157	127
32	114	152
3.210000e+01	164	124
3.220000e+01	114	156
3.230000e+01	164	125
3.240000e+01	115	155
3.250000e+01	165	123
3.260000e+01	115	144
3.270000e+01	171	121
3.280000e+01	115	151
3.290000e+01	167	124
33	114	150
3.310000e+01	161	122
3.320000e+01	115	163
3.330000e+01	160	123
3.340000e+01	113	165
3.350000e+01	169	124
3.360000e+01	117	154
3.370000e+01	157	129
3.380000e+01	115	153
3.390000e+01	157	124
34	115	153
3.410000e+01	160	124
3.420000e+01	114	158
3.430000e+01	168	129
3.440000e+01	117	159
3.450000e+01	170	133
3.460000e+01	114	145
3.470000e+01	153	128
3.480000e+01	114	158
3.490000e+01	156	132
35	113	152
3.510000e+01	164	129
3.520000e+01	115	143
3.530000e+01	141	144
3.540000e+01	113	161
3.550000e+01	141	137
3.560000e+01	114	148
3.570000e+01	165	130
3.580000e+01	115	156
3.590000e+01	149	136
36	117	150
3.610000e+01	144	136
3.620000e+01	115	164
3.630000e+01	151	149
3.640000e+01	114	158
3.650000e+01	146	142
3.660000e+01	115	152
3.670000e+01	148	136
3.680000e+01	117	150
3.690000e+01	147	139
37	114	143
3.710000e+01	145	141
3.720000e+01	117	156
3.730000e+01	151	136
3.740000e+01	117	153
3.750000e+01	143	136
3.760000e+01	115	154
3.770000e+01	150	136
3.780000e+01	118	156
3.790000e+01	145	144
38	115	146
3.810000e+01	140	144
3.820000e+01	114	150
3.830000e+01	148	131
3.840000e+01	115	147
3.850000e+01	152	135
3.860000e+01	114	158
3.870000e+01	149	140
3.880000e+01	115	162
3.890000e+01	140	143
39	114	159
3.910000e+01	141	130
3.920000e+01	114	150
3.930000e+01	142	135
3.940000e+01	116	158
3.950000e+01	140	139
3.960000e+01	114	160
3.970000e+01	149	141
3.980000e+01	113	163
3.990000e+01	145	143
40	116	154
4.010000e+01	146	143
4.020000e+01	115	159
4.030000e+01	147	138
4.040000e+01	114	151
4.050000e+01	145	131
4.060000e+01	116	162
4.070000e+01	150	127
4.080000e+01	116	158
4.090000e+01	142	146
41	116	146
4.110000e+01	152	146
4.120000e+01	113	158
4.130000e+01	144	145
4.140000e+01	116	158
4.150000e+01	141	145
4.160000e+01	113	152
4.170000e+01	144	133
4.180000e+01	116	156
4.190000e+01	145	134
42	113	158
4.210000e+01	149	135
4.220000e+01	115	147
4.230000e+01	152	139
4.240000e+01	113	167
4.250000e+01	149	137
4.260000e+01	114	152
4.270000e+01	147	146
4.280000e+01	114	148
4.290000e+01	140	134
43	113	141
4.310000e+01	145	150
4.320000e+01	115	158
4.330000e+01	144	134
4.340000e+01	118	161
4.350000e+01	142	136
4.360000e+01	113	158
4.370000e+01	142	143
4.380000e+01	114	149
4.390000e+01	143	131
44	115	146
4.410000e+01	142	133
4.420000e+01	115	161
4.430000e+01	151	134
4.440000e+01	113	156
4.450000e+01	144	140
4.460000e+01	114	150
4.470000e+01	152	143
4.480000e+01	113	146
4.490000e+01	157	135
45	114	148
4.510000e+01	142	142
4.520000e+01	114	162
4.530000e+01	152	137
4.540000e+01	115	144
4.550000e+01	144	132
4.560000e+01	113	151
4.570000e+01	143	140
4.580000e+01	113	152
4.590000e+01	150	136
46	113	149
4.610000e+01	141	130
4.620000e+01	114	159
4.630000e+01	138	142
4.640000e+01	114	148
4.650000e+01	139	134
4.660000e+01	115	153
4.670000e+01	153	137
4.680000e+01	115	158
4.690000e+01	140	142
47	114	143
4.710000e+01	135	134
4.720000e+01	113	145
4.730000e+01	146	133
4.740000e+01	113	150
4.750000e+01	150	134
4.760000e+01	113	158
4.770000e+01	151	141
4.780000e+01	116	160
4.790000e+01	145	138
48	114	148
4.810000e+01	154	142
4.820000e+01	114	148
4.830000e+01	148	147
4.840000e+01	114	151
4.850000e+01	143	138
4.860000e+01	116	151
4.870000e+01	154	130
4.880000e+01	116	145
4.890000e+01	148	132
49	118	153
4.910000e+01	148	146
4.920000e+01	114	147
4.930000e+01	146	143
4.940000e+01	114	161
4.950000e+01	140	130
4.960000e+01	113	145
4.970000e+01	153	145
4.980000e+01	114	156
4.990000e+01	152	135
50	114	154
5.010000e+01	141	130
5.020000e+01	115	147
5.030000e+01	148	142
5.040000e+01	113	143
5.050000e+01	146	139
5.060000e+01	113	151
5.070000e+01	140	136
5.080000e+01	115	152
5.090000e+01	139	132
51	115	154
5.110000e+01	140	137
5.120000e+01	113	149
5.130000e+01	148	142
5.140000e+01	115	158
5.150000e+01	142	140
5.160000e+01	114	149
5.170000e+01	152	139
5.180000e+01	116	154
5.190000e+01	147	134
52	116	145
5.210000e+01	145	146
5.220000e+01	115	149
5.230000e+01	143	131
5.240000e+01	114	149
5.250000e+01	137	144
5.260000e+01	116	158
5.270000e+01	141	146
5.280000e+01	116	145
5.290000e+01	143	136
53	117	152
5.310000e+01	138	136
5.320000e+01	114	156
5.330000e+01	141	135
5.340000e+01	116	152
5.350000e+01	146	138
5.360000e+01	116	170
5.370000e+01	148	140
5.380000e+01	113	156
5.390000e+01	155	133
54	113	152
5.410000e+01	157	139
5.420000e+01	117	149
5.430000e+01	151	138
5.440000e+01	114	141
5.450000e+01	147	148
5.460000e+01	114	146
5.470000e+01	143	128
5.480000e+01	115	161
5.490000e+01	144	133
55	115	145
5.510000e+01	155	135
5.520000e+01	115	136
5.530000e+01	147	128
5.540000e+01	115	153
5.550000e+01	159	142
5.560000e+01	113	157
5.570000e+01	149	142
5.580000e+01	113	145
5.590000e+01	144	133
56	117	146
5.610000e+01	145	138
5.620000e+01	115	147
5.630000e+01	145	141
5.640000e+01	113	149
5.650000e+01	138	136
5.660000e+01	113	164
5.670000e+01	151	141
5.680000e+01	114	148
5.690000e+01	151	149
57	115	153
5.710000e+01	144	139
5.720000e+01	113	150
5.730000e+01	137	141
5.740000e+01	113	154
5.750000e+01	148	142
5.760000e+01	113	157
5.770000e+01	146	139
5.780000e+01	114	149
5.790000e+01	146	129
58	115	148
5.810000e+01	150	141
5.820000e+01	113	143
5.830000e+01	142	143
5.840000e+01	118	157
5.850000e+01	150	135
5.860000e+01	113	160
5.870000e+01	146	142
5.880000e+01	114	150
5.890000e+01	147	136
59	113	149
5.910000e+01	152	144
5.920000e+01	113	160
5.930000e+01	151	146
5.940000e+01	113	165
5.950000e+01	133	141
5.960000e+01	114	157
5.970000e+01	150	139
5.980000e+01	114	155
5.990000e+01	153	144
60	115	148
