time at 532nm	frame at 532nm	I_1 at 532nm(counts)	discr.I_1 at 532nm(counts)	I_2 at 532nm(counts)	discr.I_2 at 532nm(counts)	time at 532nm	frame at 532nm	FRET_1>2	discr.FRET_1>2	
1.000000e-01	1	672	8.498341e+02	7831	7.717510e+03	1.000000e-01	1	9.209691e-01	9.008054e-01	
2.000000e-01	2	5.905000e+02	8.498341e+02	5817	7.717510e+03	2.000000e-01	2	9.078424e-01	9.008054e-01	
3.000000e-01	3	5.001000e+02	8.498341e+02	6937	7.717510e+03	3.000000e-01	3	9.327560e-01	9.008054e-01	
4.000000e-01	4	1865	8.498341e+02	8126	7.717510e+03	4.000000e-01	4	8.133320e-01	9.008054e-01	
5.000000e-01	5	8.814000e+02	8.498341e+02	7884	7.717510e+03	5.000000e-01	5	8.994455e-01	9.008054e-01	
6.000000e-01	6	9.243000e+02	8.498341e+02	6862	7.717510e+03	6.000000e-01	6	8.812915e-01	9.008054e-01	
7.000000e-01	7	2150	8.498341e+02	7572	7.717510e+03	7.000000e-01	7	7.788521e-01	9.008054e-01	
8.000000e-01	8	1042	8.498341e+02	7929	7.717510e+03	8.000000e-01	8	8.838480e-01	9.008054e-01	
9.000000e-01	9	1191	8.498341e+02	7102	7.717510e+03	9.000000e-01	9	8.563849e-01	9.008054e-01	
1	10	1111	8.498341e+02	9154	7.717510e+03	1	10	8.917681e-01	9.008054e-01	
1.100000e+00	11	-6.336000e+02	8.498341e+02	7449	7.717510e+03	1.100000e+00	11	1.092966e+00	9.008054e-01	
1.200000e+00	12	1885	8.498341e+02	7487	7.717510e+03	1.200000e+00	12	7.988690e-01	9.008054e-01	
1.300000e+00	13	4.655000e+02	8.498341e+02	6304	7.717510e+03	1.300000e+00	13	9.312357e-01	9.008054e-01	
1.400000e+00	14	1492	8.498341e+02	8884	7.717510e+03	1.400000e+00	14	8.562066e-01	9.008054e-01	
1.500000e+00	15	1415	8.498341e+02	5900	7.717510e+03	1.500000e+00	15	8.065619e-01	9.008054e-01	
1.600000e+00	16	-4.248000e+02	8.498341e+02	7760	7.717510e+03	1.600000e+00	16	1.057913e+00	9.008054e-01	
1.700000e+00	17	1296	8.498341e+02	6239	7.717510e+03	1.700000e+00	17	8.280027e-01	9.008054e-01	
1.800000e+00	18	1398	8.498341e+02	7844	7.717510e+03	1.800000e+00	18	8.487340e-01	9.008054e-01	
1.900000e+00	19	818	8.498341e+02	6735	7.717510e+03	1.900000e+00	19	8.916987e-01	9.008054e-01	
2	20	6.796000e+02	8.498341e+02	6808	7.717510e+03	2	20	9.092366e-01	9.008054e-01	
2.100000e+00	21	532	8.498341e+02	8145	7.717510e+03	2.100000e+00	21	9.386885e-01	9.008054e-01	
2.200000e+00	22	9.971000e+02	8.498341e+02	7924	7.717510e+03	2.200000e+00	22	8.882313e-01	9.008054e-01	
2.300000e+00	23	1.238000e+02	8.498341e+02	6241	7.717510e+03	2.300000e+00	23	9.805493e-01	9.008054e-01	
2.400000e+00	24	5.243000e+02	8.498341e+02	6887	7.717510e+03	2.400000e+00	24	9.292567e-01	9.008054e-01	
2.500000e+00	25	1358	8.498341e+02	7243	7.717510e+03	2.500000e+00	25	8.421114e-01	9.008054e-01	
2.600000e+00	26	7.430000e+01	8.498341e+02	5610	7.717510e+03	2.600000e+00	26	9.869289e-01	9.008054e-01	
2.700000e+00	27	1267	8.498341e+02	8789	7.717510e+03	2.700000e+00	27	8.740056e-01	9.008054e-01	
2.800000e+00	28	1378	8.498341e+02	7679	7.717510e+03	2.800000e+00	28	8.478525e-01	9.008054e-01	
2.900000e+00	29	1535	8.498341e+02	7475	7.717510e+03	2.900000e+00	29	8.296337e-01	9.008054e-01	
3	30	1916	8.498341e+02	6940	7.717510e+03	3	30	7.836495e-01	9.008054e-01	
3.100000e+00	31	1312	8.498341e+02	8626	7.717510e+03	3.100000e+00	31	8.679815e-01	9.008054e-01	
3.200000e+00	32	9.399000e+02	8.498341e+02	6468	7.717510e+03	3.200000e+00	32	8.731219e-01	9.008054e-01	
3.300000e+00	33	5.274000e+02	8.498341e+02	8519	7.717510e+03	3.300000e+00	33	9.417006e-01	9.008054e-01	
3.400000e+00	34	-5.904000e+01	8.498341e+02	7084	7.717510e+03	3.400000e+00	34	1.008404e+00	9.008054e-01	
3.500000e+00	35	4124	3.563301e+03	2881	4.051643e+03	3.500000e+00	35	4.112777e-01	5.320648e-01	
3.600000e+00	36	3723	3.563301e+03	3197	4.051643e+03	3.600000e+00	36	4.619942e-01	5.320648e-01	
3.700000e+00	37	2587	3.563301e+03	5705	4.051643e+03	3.700000e+00	37	6.880125e-01	5.320648e-01	
3.800000e+00	38	3658	3.563301e+03	4765	4.051643e+03	3.800000e+00	38	5.657129e-01	5.320648e-01	
3.900000e+00	39	2819	3.563301e+03	4988	4.051643e+03	3.900000e+00	39	6.389138e-01	5.320648e-01	
4	40	3947	3.563301e+03	5523	4.051643e+03	4	40	5.832101e-01	5.320648e-01	
4.100000e+00	41	1530	3.563301e+03	3877	4.051643e+03	4.100000e+00	41	7.170335e-01	5.320648e-01	
4.200000e+00	42	3302	3.563301e+03	3657	4.051643e+03	4.200000e+00	42	5.255065e-01	5.320648e-01	
4.300000e+00	43	3448	3.563301e+03	4107	4.051643e+03	4.300000e+00	43	5.436135e-01	5.320648e-01	
4.400000e+00	44	2215	3.563301e+03	4779	4.051643e+03	4.400000e+00	44	6.833000e-01	5.320648e-01	
4.500000e+00	45	1184	3.563301e+03	3969	4.051643e+03	4.500000e+00	45	7.702309e-01	5.320648e-01	
4.600000e+00	46	3207	3.563301e+03	2521	4.051643e+03	4.600000e+00	46	4.401187e-01	5.320648e-01	
4.700000e+00	47	2404	3.563301e+03	3816	4.051643e+03	4.700000e+00	47	6.135048e-01	5.320648e-01	
4.800000e+00	48	2584	3.563301e+03	3809	4.051643e+03	4.800000e+00	48	5.958079e-01	5.320648e-01	
4.900000e+00	49	3007	3.563301e+03	4802	4.051643e+03	4.900000e+00	49	6.149315e-01	5.320648e-01	
5	50	2388	3.563301e+03	3552	4.051643e+03	5	50	5.979798e-01	5.320648e-01	
5.100000e+00	51	2845	3.563301e+03	5125	4.051643e+03	5.100000e+00	51	6.430364e-01	5.320648e-01	
5.200000e+00	52	2927	3.563301e+03	4038	4.051643e+03	5.200000e+00	52	5.797559e-01	5.320648e-01	
5.300000e+00	53	2597	3.563301e+03	3880	4.051643e+03	5.300000e+00	53	5.990428e-01	5.320648e-01	
5.400000e+00	54	3245	3.563301e+03	4661	4.051643e+03	5.400000e+00	54	5.895522e-01	5.320648e-01	
5.500000e+00	55	4528	3.563301e+03	4099	4.051643e+03	5.500000e+00	55	4.751362e-01	5.320648e-01	
5.600000e+00	56	5474	3.563301e+03	3531	4.051643e+03	5.600000e+00	56	3.921155e-01	5.320648e-01	
5.700000e+00	57	3667	3.563301e+03	3775	4.051643e+03	5.700000e+00	57	5.072561e-01	5.320648e-01	
5.800000e+00	58	3780	3.563301e+03	3357	4.051643e+03	5.800000e+00	58	4.703657e-01	5.320648e-01	
5.900000e+00	59	4502	3.563301e+03	4389	4.051643e+03	5.900000e+00	59	4.936453e-01	5.320648e-01	
6	60	3626	3.563301e+03	2116	4.051643e+03	6	60	3.685127e-01	5.320648e-01	
6.100000e+00	61	2714	3.563301e+03	4356	4.051643e+03	6.100000e+00	61	6.161245e-01	5.320648e-01	
6.200000e+00	62	3020	3.563301e+03	3656	4.051643e+03	6.200000e+00	62	5.476333e-01	5.320648e-01	
6.300000e+00	63	5105	3.563301e+03	5412	4.051643e+03	6.300000e+00	63	5.145954e-01	5.320648e-01	
6.400000e+00	64	1655	8.498341e+02	6452	7.717510e+03	6.400000e+00	64	7.958554e-01	9.008054e-01	
6.500000e+00	65	1.455000e+02	8.498341e+02	7737	7.717510e+03	6.500000e+00	65	9.815414e-01	9.008054e-01	
6.600000e+00	66	1087	8.498341e+02	8640	7.717510e+03	6.600000e+00	66	8.882492e-01	9.008054e-01	
6.700000e+00	67	1037	8.498341e+02	7567	7.717510e+03	6.700000e+00	67	8.794747e-01	9.008054e-01	
6.800000e+00	68	1390	8.498341e+02	8559	7.717510e+03	6.800000e+00	68	8.602875e-01	9.008054e-01	
6.900000e+00	69	4.939000e+01	8.498341e+02	8082	7.717510e+03	6.900000e+00	69	9.939260e-01	9.008054e-01	
7	70	1751	8.498341e+02	7532	7.717510e+03	7	70	8.113756e-01	9.008054e-01	
7.100000e+00	71	2689	8.498341e+02	8096	7.717510e+03	7.100000e+00	71	7.506722e-01	9.008054e-01	
7.200000e+00	72	1762	8.498341e+02	7311	7.717510e+03	7.200000e+00	72	8.057974e-01	9.008054e-01	
7.300000e+00	73	1973	8.498341e+02	9489	7.717510e+03	7.300000e+00	73	8.278660e-01	9.008054e-01	
7.400000e+00	74	2.416000e+02	8.498341e+02	7805	7.717510e+03	7.400000e+00	74	9.699749e-01	9.008054e-01	
7.500000e+00	75	3.053000e+01	8.498341e+02	8663	7.717510e+03	7.500000e+00	75	9.964882e-01	9.008054e-01	
7.600000e+00	76	7.402000e+02	8.498341e+02	8818	7.717510e+03	7.600000e+00	76	9.225586e-01	9.008054e-01	
7.700000e+00	77	-1.808000e+02	8.498341e+02	10330	7.717510e+03	7.700000e+00	77	1.017814e+00	9.008054e-01	
7.800000e+00	78	9.019000e+02	8.498341e+02	7784	7.717510e+03	7.800000e+00	78	8.961650e-01	9.008054e-01	
7.900000e+00	79	9.125000e+02	8.498341e+02	7340	7.717510e+03	7.900000e+00	79	8.894274e-01	9.008054e-01	
8	80	1873	8.498341e+02	8205	7.717510e+03	8	80	8.141496e-01	9.008054e-01	
8.100000e+00	81	-3.195000e+02	8.498341e+02	7013	7.717510e+03	8.100000e+00	81	1.047733e+00	9.008054e-01	
8.200000e+00	82	6.104000e+02	8.498341e+02	7164	7.717510e+03	8.200000e+00	82	9.214859e-01	9.008054e-01	
8.300000e+00	83	3.207000e+02	8.498341e+02	5699	4.051643e+03	8.300000e+00	83	9.467249e-01	9.008054e-01	
8.400000e+00	84	3907	6.745307e+03	4071	4.051643e+03	8.400000e+00	84	5.102783e-01	3.752581e-01	
8.500000e+00	85	5464	6.745307e+03	5.705000e+02	6.121983e+02	8.500000e+00	85	9.453973e-02	3.752581e-01	
8.600000e+00	86	6589	6.745307e+03	9.719000e+01	6.121983e+02	8.600000e+00	86	1.453593e-02	3.752581e-01	
8.700000e+00	87	7176	6.745307e+03	-5.616000e+02	6.121983e+02	8.700000e+00	87	-8.490566e-02	3.752581e-01	
8.800000e+00	88	7875	6.745307e+03	211	6.121983e+02	8.800000e+00	88	2.609448e-02	3.752581e-01	
8.900000e+00	89	7533	6.745307e+03	303	6.121983e+02	8.900000e+00	89	3.866769e-02	3.752581e-01	
9	90	6806	6.745307e+03	1743	6.121983e+02	9	90	2.038835e-01	3.752581e-01	
9.100000e+00	91	6602	6.745307e+03	5.863000e+02	6.121983e+02	9.100000e+00	91	8.156310e-02	3.752581e-01	
9.200000e+00	92	7705	6.745307e+03	-6.554000e+02	6.121983e+02	9.200000e+00	92	-9.296981e-02	3.752581e-01	
9.300000e+00	93	7995	6.745307e+03	5.353000e+02	6.121983e+02	9.300000e+00	93	6.275278e-02	3.752581e-01	
9.400000e+00	94	7426	6.745307e+03	1382	6.121983e+02	9.400000e+00	94	1.569028e-01	3.752581e-01	
9.500000e+00	95	7214	6.745307e+03	-5.467000e+02	6.121983e+02	9.500000e+00	95	-8.199721e-02	3.752581e-01	
9.600000e+00	96	7722	6.745307e+03	-4.922000e+02	6.121983e+02	9.600000e+00	96	-6.807934e-02	3.752581e-01	
9.700000e+00	97	8839	6.745307e+03	1014	6.121983e+02	9.700000e+00	97	1.029128e-01	3.752581e-01	
9.800000e+00	98	8586	6.745307e+03	7.437000e+02	6.121983e+02	9.800000e+00	98	7.971317e-02	3.752581e-01	
9.900000e+00	99	7462	6.745307e+03	2.118000e+02	6.121983e+02	9.900000e+00	99	2.760041e-02	3.752581e-01	
10	100	8342	6.745307e+03	-1117	6.121983e+02	10	100	-1.546021e-01	3.752581e-01	
1.010000e+01	101	5137	6.745307e+03	3123	4.051643e+03	1.010000e+01	101	3.780872e-01	3.752581e-01	
1.020000e+01	102	5099	3.563301e+03	4668	4.051643e+03	1.020000e+01	102	4.779359e-01	5.320648e-01	
1.030000e+01	103	3245	3.563301e+03	2594	4.051643e+03	1.030000e+01	103	4.442542e-01	5.320648e-01	
1.040000e+01	104	4053	3.563301e+03	2931	4.051643e+03	1.040000e+01	104	4.196735e-01	5.320648e-01	
1.050000e+01	105	3271	3.563301e+03	4549	4.051643e+03	1.050000e+01	105	5.817136e-01	5.320648e-01	
1.060000e+01	106	4121	3.563301e+03	4727	4.051643e+03	1.060000e+01	106	5.342450e-01	5.320648e-01	
1.070000e+01	107	2242	3.563301e+03	4230	4.051643e+03	1.070000e+01	107	6.535847e-01	5.320648e-01	
1.080000e+01	108	4412	3.563301e+03	5196	4.051643e+03	1.080000e+01	108	5.407993e-01	5.320648e-01	
1.090000e+01	109	3644	3.563301e+03	2863	4.051643e+03	1.090000e+01	109	4.399877e-01	5.320648e-01	
11	110	3194	3.563301e+03	3468	4.051643e+03	11	110	5.205644e-01	5.320648e-01	
1.110000e+01	111	2617	3.563301e+03	3956	4.051643e+03	1.110000e+01	111	6.018561e-01	5.320648e-01	
1.120000e+01	112	4418	3.563301e+03	3814	4.051643e+03	1.120000e+01	112	4.633139e-01	5.320648e-01	
1.130000e+01	113	3891	3.563301e+03	5254	4.051643e+03	1.130000e+01	113	5.745216e-01	5.320648e-01	
1.140000e+01	114	5942	3.563301e+03	4100	4.051643e+03	1.140000e+01	114	4.082852e-01	5.320648e-01	
1.150000e+01	115	2865	3.563301e+03	3144	4.051643e+03	1.150000e+01	115	5.232152e-01	5.320648e-01	
1.160000e+01	116	2742	3.563301e+03	5242	4.051643e+03	1.160000e+01	116	6.565631e-01	5.320648e-01	
1.170000e+01	117	3349	3.563301e+03	3664	4.051643e+03	1.170000e+01	117	5.224583e-01	5.320648e-01	
1.180000e+01	118	3499	3.563301e+03	4565	4.051643e+03	1.180000e+01	118	5.660962e-01	5.320648e-01	
1.190000e+01	119	4372	3.563301e+03	2954	4.051643e+03	1.190000e+01	119	4.032214e-01	5.320648e-01	
12	120	4573	3.563301e+03	4778	4.051643e+03	12	120	5.109614e-01	5.320648e-01	
1.210000e+01	121	2262	3.563301e+03	5235	4.051643e+03	1.210000e+01	121	6.982793e-01	5.320648e-01	
1.220000e+01	122	2415	3.563301e+03	3972	4.051643e+03	1.220000e+01	122	6.218882e-01	5.320648e-01	
1.230000e+01	123	3553	3.563301e+03	4724	4.051643e+03	1.230000e+01	123	5.707382e-01	5.320648e-01	
1.240000e+01	124	4945	3.563301e+03	3590	4.051643e+03	1.240000e+01	124	4.206210e-01	5.320648e-01	
1.250000e+01	125	2825	3.563301e+03	6053	4.051643e+03	1.250000e+01	125	6.817977e-01	5.320648e-01	
1.260000e+01	126	2217	3.563301e+03	4779	4.051643e+03	1.260000e+01	126	6.831046e-01	5.320648e-01	
1.270000e+01	127	3567	3.563301e+03	4038	4.051643e+03	1.270000e+01	127	5.309665e-01	5.320648e-01	
1.280000e+01	128	4864	3.563301e+03	4523	4.051643e+03	1.280000e+01	128	4.818366e-01	5.320648e-01	
1.290000e+01	129	3146	3.563301e+03	4984	4.051643e+03	1.290000e+01	129	6.130381e-01	5.320648e-01	
13	130	3535	3.563301e+03	4176	4.051643e+03	13	130	5.415640e-01	5.320648e-01	
1.310000e+01	131	3476	3.563301e+03	3185	4.051643e+03	1.310000e+01	131	4.781564e-01	5.320648e-01	
1.320000e+01	132	2625	3.563301e+03	3822	4.051643e+03	1.320000e+01	132	5.928339e-01	5.320648e-01	
1.330000e+01	133	2533	3.563301e+03	2534	4.051643e+03	1.330000e+01	133	5.000987e-01	5.320648e-01	
1.340000e+01	134	4097	3.563301e+03	3172	4.051643e+03	1.340000e+01	134	4.363736e-01	5.320648e-01	
1.350000e+01	135	4082	3.563301e+03	3716	4.051643e+03	1.350000e+01	135	4.765324e-01	5.320648e-01	
1.360000e+01	136	5290	3.563301e+03	5355	4.051643e+03	1.360000e+01	136	5.030531e-01	5.320648e-01	
1.370000e+01	137	2423	3.563301e+03	5145	4.051643e+03	1.370000e+01	137	6.798362e-01	5.320648e-01	
1.380000e+01	138	4929	3.563301e+03	3924	4.051643e+03	1.380000e+01	138	4.432396e-01	5.320648e-01	
1.390000e+01	139	2939	3.563301e+03	4571	4.051643e+03	1.390000e+01	139	6.086551e-01	5.320648e-01	
14	140	4616	3.563301e+03	3743	4.051643e+03	14	140	4.477808e-01	5.320648e-01	
1.410000e+01	141	5.101000e+02	8.498341e+02	7879	7.717510e+03	1.410000e+01	141	9.391949e-01	9.008054e-01	
1.420000e+01	142	4.471000e+02	8.498341e+02	8085	7.717510e+03	1.420000e+01	142	9.475979e-01	9.008054e-01	
1.430000e+01	143	9.874000e+02	8.498341e+02	7997	7.717510e+03	1.430000e+01	143	8.900984e-01	9.008054e-01	
1.440000e+01	144	-2.731000e+01	8.498341e+02	7566	7.717510e+03	1.440000e+01	144	1.003623e+00	9.008054e-01	
1.450000e+01	145	7.440000e+01	8.498341e+02	7401	7.717510e+03	1.450000e+01	145	9.900474e-01	9.008054e-01	
1.460000e+01	146	1462	8.498341e+02	9120	7.717510e+03	1.460000e+01	146	8.618409e-01	9.008054e-01	
1.470000e+01	147	9.874000e+02	8.498341e+02	9515	7.717510e+03	1.470000e+01	147	9.059834e-01	9.008054e-01	
1.480000e+01	148	1687	8.498341e+02	7518	7.717510e+03	1.480000e+01	148	8.167300e-01	9.008054e-01	
1.490000e+01	149	8.423000e+02	8.498341e+02	6903	7.717510e+03	1.490000e+01	149	8.912502e-01	9.008054e-01	
15	150	1803	8.498341e+02	7050	7.717510e+03	15	150	7.963402e-01	9.008054e-01	
1.510000e+01	151	1771	8.498341e+02	7723	7.717510e+03	1.510000e+01	151	8.134611e-01	9.008054e-01	
1.520000e+01	152	2.998000e+02	8.498341e+02	7440	7.717510e+03	1.520000e+01	152	9.612651e-01	9.008054e-01	
1.530000e+01	153	1658	8.498341e+02	7575	7.717510e+03	1.530000e+01	153	8.204267e-01	9.008054e-01	
1.540000e+01	154	1660	8.498341e+02	7713	7.717510e+03	1.540000e+01	154	8.228956e-01	9.008054e-01	
1.550000e+01	155	1230	8.498341e+02	6438	7.717510e+03	1.550000e+01	155	8.395931e-01	9.008054e-01	
1.560000e+01	156	1250	8.498341e+02	7252	7.717510e+03	1.560000e+01	156	8.529758e-01	9.008054e-01	
1.570000e+01	157	-1.109000e+02	8.498341e+02	7526	7.717510e+03	1.570000e+01	157	1.014956e+00	9.008054e-01	
1.580000e+01	158	1508	8.498341e+02	5411	7.717510e+03	1.580000e+01	158	7.820494e-01	9.008054e-01	
1.590000e+01	159	1935	8.498341e+02	8288	7.717510e+03	1.590000e+01	159	8.107209e-01	9.008054e-01	
16	160	-3.453000e+02	8.498341e+02	6252	7.717510e+03	16	160	1.058459e+00	9.008054e-01	
1.610000e+01	161	2.528000e+02	8.498341e+02	7161	7.717510e+03	1.610000e+01	161	9.659014e-01	9.008054e-01	
1.620000e+01	162	2410	8.498341e+02	7021	7.717510e+03	1.620000e+01	162	7.444598e-01	9.008054e-01	
1.630000e+01	163	7214	6.745307e+03	783	6.121983e+02	1.630000e+01	163	9.791172e-02	8.320732e-02	
1.640000e+01	164	6532	6.745307e+03	-2.473000e+02	6.121983e+02	1.640000e+01	164	-3.934953e-02	8.320732e-02	
1.650000e+01	165	7591	6.745307e+03	7.658000e+02	6.121983e+02	1.650000e+01	165	9.163795e-02	8.320732e-02	
1.660000e+01	166	4779	6.745307e+03	6.851000e+02	6.121983e+02	1.660000e+01	166	1.253820e-01	8.320732e-02	
1.670000e+01	167	6352	6.745307e+03	6.464000e+01	6.121983e+02	1.670000e+01	167	1.007381e-02	8.320732e-02	
1.680000e+01	168	5905	6.745307e+03	1027	6.121983e+02	1.680000e+01	168	1.481535e-01	8.320732e-02	
1.690000e+01	169	7250	6.745307e+03	3.116000e+02	6.121983e+02	1.690000e+01	169	4.120821e-02	8.320732e-02	
17	170	5893	6.745307e+03	1642	6.121983e+02	17	170	2.179164e-01	8.320732e-02	
1.710000e+01	171	7986	6.745307e+03	3.529000e+02	6.121983e+02	1.710000e+01	171	4.231973e-02	8.320732e-02	
1.720000e+01	172	6689	6.745307e+03	-8.802000e+01	6.121983e+02	1.720000e+01	172	-1.333438e-02	8.320732e-02	
1.730000e+01	173	6979	6.745307e+03	8.506000e+02	6.121983e+02	1.730000e+01	173	1.086390e-01	8.320732e-02	
1.740000e+01	174	8260	6.745307e+03	1692	6.121983e+02	1.740000e+01	174	1.700161e-01	8.320732e-02	
1.750000e+01	175	6643	6.745307e+03	7.098000e+02	6.121983e+02	1.750000e+01	175	9.653465e-02	8.320732e-02	
1.760000e+01	176	6402	6.745307e+03	1218	6.121983e+02	1.760000e+01	176	1.598425e-01	8.320732e-02	
1.770000e+01	177	7058	6.745307e+03	9.356000e+02	6.121983e+02	1.770000e+01	177	1.170436e-01	8.320732e-02	
1.780000e+01	178	6187	6.745307e+03	2.669000e+02	6.121983e+02	1.780000e+01	178	4.135484e-02	8.320732e-02	
1.790000e+01	179	4966	6.745307e+03	4.445000e+02	6.121983e+02	1.790000e+01	179	8.215507e-02	8.320732e-02	
18	180	6051	6.745307e+03	-9.865000e+02	6.121983e+02	18	180	-1.947872e-01	8.320732e-02	
1.810000e+01	181	6909	6.745307e+03	1337	6.121983e+02	1.810000e+01	181	1.621392e-01	8.320732e-02	
1.820000e+01	182	7462	6.745307e+03	354	6.121983e+02	1.820000e+01	182	4.529171e-02	8.320732e-02	
1.830000e+01	183	7981	6.745307e+03	3.629000e+02	6.121983e+02	1.830000e+01	183	4.349285e-02	8.320732e-02	
1.840000e+01	184	8332	6.745307e+03	7.509000e+02	6.121983e+02	1.840000e+01	184	8.267183e-02	8.320732e-02	
1.850000e+01	185	8198	6.745307e+03	2.904000e+02	6.121983e+02	1.850000e+01	185	3.421139e-02	8.320732e-02	
1.860000e+01	186	1551	8.498341e+02	6569	7.717510e+03	1.860000e+01	186	8.089901e-01	9.008054e-01	
1.870000e+01	187	5.547000e+02	8.498341e+02	7823	7.717510e+03	1.870000e+01	187	9.337885e-01	9.008054e-01	
1.880000e+01	188	1010	8.498341e+02	6589	7.717510e+03	1.880000e+01	188	8.670878e-01	9.008054e-01	
1.890000e+01	189	-6.364000e+01	8.498341e+02	8715	7.717510e+03	1.890000e+01	189	1.007356e+00	9.008054e-01	
19	190	683	8.498341e+02	7095	7.717510e+03	19	190	9.121882e-01	9.008054e-01	
1.910000e+01	191	8.697000e+02	8.498341e+02	8466	7.717510e+03	1.910000e+01	191	9.068415e-01	9.008054e-01	
1.920000e+01	192	1114	8.498341e+02	7074	7.717510e+03	1.920000e+01	192	8.639472e-01	9.008054e-01	
1.930000e+01	193	8.086000e+02	8.498341e+02	8309	7.717510e+03	1.930000e+01	193	9.113144e-01	9.008054e-01	
1.940000e+01	194	420	8.498341e+02	7860	7.717510e+03	1.940000e+01	194	9.492754e-01	9.008054e-01	
1.950000e+01	195	1622	8.498341e+02	7936	7.717510e+03	1.950000e+01	195	8.302992e-01	9.008054e-01	
1.960000e+01	196	1211	8.498341e+02	6508	7.717510e+03	1.960000e+01	196	8.431144e-01	9.008054e-01	
1.970000e+01	197	7.369000e+02	8.498341e+02	9641	7.717510e+03	1.970000e+01	197	9.289933e-01	9.008054e-01	
1.980000e+01	198	6.775000e+02	8.498341e+02	5781	7.717510e+03	1.980000e+01	198	8.950995e-01	9.008054e-01	
1.990000e+01	199	4.845000e+02	8.498341e+02	8566	7.717510e+03	1.990000e+01	199	9.464670e-01	9.008054e-01	
20	200	-6.061000e+02	8.498341e+02	8194	7.717510e+03	20	200	1.079877e+00	9.008054e-01	
2.010000e+01	201	7.185000e+01	8.498341e+02	8436	7.717510e+03	2.010000e+01	201	9.915549e-01	9.008054e-01	
2.020000e+01	202	1719	8.498341e+02	8351	7.717510e+03	2.020000e+01	202	8.292949e-01	9.008054e-01	
2.030000e+01	203	-1182	8.498341e+02	7538	7.717510e+03	2.030000e+01	203	1.185966e+00	9.008054e-01	
2.040000e+01	204	1011	8.498341e+02	6373	7.717510e+03	2.040000e+01	204	8.630823e-01	9.008054e-01	
2.050000e+01	205	3056	3.563301e+03	3097	4.051643e+03	2.050000e+01	205	5.033317e-01	5.320648e-01	
2.060000e+01	206	2137	3.563301e+03	3139	4.051643e+03	2.060000e+01	206	5.949583e-01	5.320648e-01	
2.070000e+01	207	3687	3.563301e+03	5025	4.051643e+03	2.070000e+01	207	5.767906e-01	5.320648e-01	
2.080000e+01	208	4258	3.563301e+03	3737	4.051643e+03	2.080000e+01	208	4.674171e-01	5.320648e-01	
2.090000e+01	209	3275	3.563301e+03	3545	4.051643e+03	2.090000e+01	209	5.197947e-01	5.320648e-01	
21	210	2658	3.563301e+03	4731	4.051643e+03	21	210	6.402761e-01	5.320648e-01	
2.110000e+01	211	5362	6.745307e+03	1822	6.121983e+02	2.110000e+01	211	2.536192e-01	8.320732e-02	
2.120000e+01	212	9445	6.745307e+03	-9.683000e+01	6.121983e+02	2.120000e+01	212	-1.035818e-02	8.320732e-02	
2.130000e+01	213	6339	6.745307e+03	1478	6.121983e+02	2.130000e+01	213	1.890751e-01	8.320732e-02	
2.140000e+01	214	7426	6.745307e+03	8.071000e+02	6.121983e+02	2.140000e+01	214	9.803112e-02	8.320732e-02	
2.150000e+01	215	7843	6.745307e+03	1027	6.121983e+02	2.150000e+01	215	1.157835e-01	8.320732e-02	
2.160000e+01	216	5772	6.745307e+03	-7.242000e+02	6.121983e+02	2.160000e+01	216	-1.434684e-01	8.320732e-02	
2.170000e+01	217	7311	6.745307e+03	-2.724000e+02	6.121983e+02	2.170000e+01	217	-3.870088e-02	8.320732e-02	
2.180000e+01	218	6737	6.745307e+03	4.397000e+02	6.121983e+02	2.180000e+01	218	6.126771e-02	8.320732e-02	
2.190000e+01	219	6802	6.745307e+03	1023	6.121983e+02	2.190000e+01	219	1.307348e-01	8.320732e-02	
22	220	7122	6.745307e+03	4.633000e+02	6.121983e+02	22	220	6.107867e-02	8.320732e-02	
2.210000e+01	221	5809	6.745307e+03	1.284000e+02	6.121983e+02	2.210000e+01	221	2.162563e-02	8.320732e-02	
2.220000e+01	222	6893	6.745307e+03	-1208	6.121983e+02	2.220000e+01	222	-2.124890e-01	8.320732e-02	
2.230000e+01	223	5528	6.745307e+03	1590	6.121983e+02	2.230000e+01	223	2.233774e-01	8.320732e-02	
2.240000e+01	224	6.447000e+02	8.498341e+02	7842	7.717510e+03	2.240000e+01	224	9.240341e-01	9.008054e-01	
2.250000e+01	225	1169	8.498341e+02	8210	7.717510e+03	2.250000e+01	225	8.753598e-01	9.008054e-01	
2.260000e+01	226	4635	6.745307e+03	2667	6.121983e+02	2.260000e+01	226	3.652424e-01	8.320732e-02	
2.270000e+01	227	6674	6.745307e+03	1026	6.121983e+02	2.270000e+01	227	1.332468e-01	8.320732e-02	
2.280000e+01	228	7548	6.745307e+03	1503	6.121983e+02	2.280000e+01	228	1.660590e-01	8.320732e-02	
2.290000e+01	229	6335	6.745307e+03	-225	6.121983e+02	2.290000e+01	229	-3.682488e-02	8.320732e-02	
23	230	5389	6.745307e+03	1.174000e+02	6.121983e+02	23	230	2.132065e-02	8.320732e-02	
2.310000e+01	231	7435	6.745307e+03	6.584000e+02	6.121983e+02	2.310000e+01	231	8.135024e-02	8.320732e-02	
2.320000e+01	232	5408	6.745307e+03	-8.168000e+02	6.121983e+02	2.320000e+01	232	-1.779056e-01	8.320732e-02	
2.330000e+01	233	7252	6.745307e+03	-144	6.121983e+02	2.330000e+01	233	-2.025886e-02	8.320732e-02	
2.340000e+01	234	7182	6.745307e+03	2236	6.121983e+02	2.340000e+01	234	2.374177e-01	8.320732e-02	
2.350000e+01	235	6343	6.745307e+03	1649	6.121983e+02	2.350000e+01	235	2.063313e-01	8.320732e-02	
2.360000e+01	236	4328	3.563301e+03	3300	4.051643e+03	2.360000e+01	236	4.326167e-01	5.320648e-01	
2.370000e+01	237	3325	3.563301e+03	4564	4.051643e+03	2.370000e+01	237	5.785271e-01	5.320648e-01	
2.380000e+01	238	2610	3.563301e+03	4267	4.051643e+03	2.380000e+01	238	6.204740e-01	5.320648e-01	
2.390000e+01	239	3374	3.563301e+03	4500	4.051643e+03	2.390000e+01	239	5.715011e-01	5.320648e-01	
24	240	3007	3.563301e+03	4108	4.051643e+03	24	240	5.773717e-01	5.320648e-01	
2.410000e+01	241	3431	3.563301e+03	2269	4.051643e+03	2.410000e+01	241	3.980702e-01	5.320648e-01	
2.420000e+01	242	4032	3.563301e+03	3049	4.051643e+03	2.420000e+01	242	4.305889e-01	5.320648e-01	
2.430000e+01	243	4789	3.563301e+03	2214	4.051643e+03	2.430000e+01	243	3.161502e-01	5.320648e-01	
2.440000e+01	244	4182	3.563301e+03	4129	4.051643e+03	2.440000e+01	244	4.968115e-01	5.320648e-01	
2.450000e+01	245	4289	3.563301e+03	3238	4.051643e+03	2.450000e+01	245	4.301847e-01	5.320648e-01	
2.460000e+01	246	2947	3.563301e+03	5150	4.051643e+03	2.460000e+01	246	6.360380e-01	5.320648e-01	
2.470000e+01	247	3486	3.563301e+03	4347	4.051643e+03	2.470000e+01	247	5.549598e-01	5.320648e-01	
2.480000e+01	248	4879	3.563301e+03	3241	4.051643e+03	2.480000e+01	248	3.991379e-01	5.320648e-01	
2.490000e+01	249	4075	3.563301e+03	3044	4.051643e+03	2.490000e+01	249	4.275881e-01	5.320648e-01	
25	250	4003	3.563301e+03	3767	4.051643e+03	25	250	4.848134e-01	5.320648e-01	
2.510000e+01	251	1770	3.563301e+03	4139	4.051643e+03	2.510000e+01	251	7.004569e-01	5.320648e-01	
2.520000e+01	252	4152	3.563301e+03	4110	4.051643e+03	2.520000e+01	252	4.974582e-01	5.320648e-01	
2.530000e+01	253	2485	3.563301e+03	4865	4.051643e+03	2.530000e+01	253	6.619048e-01	5.320648e-01	
2.540000e+01	254	3286	3.563301e+03	4298	4.051643e+03	2.540000e+01	254	5.667194e-01	5.320648e-01	
2.550000e+01	255	3215	3.563301e+03	4222	4.051643e+03	2.550000e+01	255	5.677020e-01	5.320648e-01	
2.560000e+01	256	3377	3.563301e+03	3661	4.051643e+03	2.560000e+01	256	5.201762e-01	5.320648e-01	
2.570000e+01	257	3094	3.563301e+03	3865	4.051643e+03	2.570000e+01	257	5.553959e-01	5.320648e-01	
2.580000e+01	258	4138	3.563301e+03	3891	4.051643e+03	2.580000e+01	258	4.846183e-01	5.320648e-01	
2.590000e+01	259	3589	3.563301e+03	3792	4.051643e+03	2.590000e+01	259	5.137515e-01	5.320648e-01	
26	260	5047	3.563301e+03	4584	4.051643e+03	26	260	4.759630e-01	5.320648e-01	
2.610000e+01	261	4616	3.563301e+03	4320	4.051643e+03	2.610000e+01	261	4.834378e-01	5.320648e-01	
2.620000e+01	262	3501	3.563301e+03	5042	4.051643e+03	2.620000e+01	262	5.901908e-01	5.320648e-01	
2.630000e+01	263	3974	3.563301e+03	4880	4.051643e+03	2.630000e+01	263	5.511633e-01	5.320648e-01	
2.640000e+01	264	3470	3.563301e+03	4217	4.051643e+03	2.640000e+01	264	5.485885e-01	5.320648e-01	
2.650000e+01	265	4113	3.563301e+03	3081	4.051643e+03	2.650000e+01	265	4.282736e-01	5.320648e-01	
2.660000e+01	266	4372	3.563301e+03	4082	4.051643e+03	2.660000e+01	266	4.828484e-01	5.320648e-01	
2.670000e+01	267	4877	3.563301e+03	4287	4.051643e+03	2.670000e+01	267	4.678088e-01	5.320648e-01	
2.680000e+01	268	3268	3.563301e+03	2631	4.051643e+03	2.680000e+01	268	4.460078e-01	5.320648e-01	
2.690000e+01	269	4328	3.563301e+03	3398	4.051643e+03	2.690000e+01	269	4.398136e-01	5.320648e-01	
27	270	4476	3.563301e+03	5270	4.051643e+03	27	270	5.407347e-01	5.320648e-01	
2.710000e+01	271	2819	3.563301e+03	2586	4.051643e+03	2.710000e+01	271	4.784459e-01	5.320648e-01	
2.720000e+01	272	4842	3.563301e+03	3439	4.051643e+03	2.720000e+01	272	4.152880e-01	5.320648e-01	
2.730000e+01	273	4877	3.563301e+03	4557	4.051643e+03	2.730000e+01	273	4.830401e-01	5.320648e-01	
2.740000e+01	274	2404	3.563301e+03	4191	4.051643e+03	2.740000e+01	274	6.354814e-01	5.320648e-01	
2.750000e+01	275	3066	3.563301e+03	5221	4.051643e+03	2.750000e+01	275	6.300229e-01	5.320648e-01	
2.760000e+01	276	5834	3.563301e+03	3512	4.051643e+03	2.760000e+01	276	3.757757e-01	5.320648e-01	
2.770000e+01	277	2218	3.563301e+03	3895	4.051643e+03	2.770000e+01	277	6.371667e-01	5.320648e-01	
2.780000e+01	278	2664	3.563301e+03	2912	4.051643e+03	2.780000e+01	278	5.222382e-01	5.320648e-01	
2.790000e+01	279	5512	3.563301e+03	4511	4.051643e+03	2.790000e+01	279	4.500649e-01	5.320648e-01	
28	280	4521	3.563301e+03	3769	4.051643e+03	28	280	4.546441e-01	5.320648e-01	
2.810000e+01	281	2194	3.563301e+03	3961	4.051643e+03	2.810000e+01	281	6.435418e-01	5.320648e-01	
2.820000e+01	282	3332	3.563301e+03	3001	4.051643e+03	2.820000e+01	282	4.738670e-01	5.320648e-01	
2.830000e+01	283	4598	3.563301e+03	3617	4.051643e+03	2.830000e+01	283	4.402921e-01	5.320648e-01	
2.840000e+01	284	3272	3.563301e+03	4314	4.051643e+03	2.840000e+01	284	5.686791e-01	5.320648e-01	
2.850000e+01	285	3545	3.563301e+03	4671	4.051643e+03	2.850000e+01	285	5.685248e-01	5.320648e-01	
2.860000e+01	286	3979	3.563301e+03	4102	4.051643e+03	2.860000e+01	286	5.076104e-01	5.320648e-01	
2.870000e+01	287	2100	3.563301e+03	3474	4.051643e+03	2.870000e+01	287	6.232508e-01	5.320648e-01	
2.880000e+01	288	5356	3.563301e+03	4657	4.051643e+03	2.880000e+01	288	4.650954e-01	5.320648e-01	
2.890000e+01	289	3150	3.563301e+03	3958	4.051643e+03	2.890000e+01	289	5.568374e-01	5.320648e-01	
29	290	3946	3.563301e+03	3189	4.051643e+03	29	290	4.469516e-01	5.320648e-01	
2.910000e+01	291	3482	3.563301e+03	2957	4.051643e+03	2.910000e+01	291	4.592328e-01	5.320648e-01	
2.920000e+01	292	3079	3.563301e+03	3371	4.051643e+03	2.920000e+01	292	5.226357e-01	5.320648e-01	
2.930000e+01	293	2185	3.563301e+03	4435	4.051643e+03	2.930000e+01	293	6.699396e-01	5.320648e-01	
2.940000e+01	294	1330	3.563301e+03	4566	4.051643e+03	2.940000e+01	294	7.744233e-01	5.320648e-01	
2.950000e+01	295	5821	3.563301e+03	4958	4.051643e+03	2.950000e+01	295	4.599685e-01	5.320648e-01	
2.960000e+01	296	3402	3.563301e+03	4652	4.051643e+03	2.960000e+01	296	5.776012e-01	5.320648e-01	
2.970000e+01	297	2447	3.563301e+03	4876	4.051643e+03	2.970000e+01	297	6.658473e-01	5.320648e-01	
2.980000e+01	298	4115	3.563301e+03	3883	4.051643e+03	2.980000e+01	298	4.854964e-01	5.320648e-01	
2.990000e+01	299	2176	3.563301e+03	3428	4.051643e+03	2.990000e+01	299	6.117059e-01	5.320648e-01	
30	300	4537	3.563301e+03	4234	4.051643e+03	30	300	4.827272e-01	5.320648e-01	
3.010000e+01	301	4263	3.563301e+03	5536	4.051643e+03	3.010000e+01	301	5.649556e-01	5.320648e-01	
3.020000e+01	302	3744	3.563301e+03	2835	4.051643e+03	3.020000e+01	302	4.309166e-01	5.320648e-01	
3.030000e+01	303	4195	3.563301e+03	4213	4.051643e+03	3.030000e+01	303	5.010704e-01	5.320648e-01	
3.040000e+01	304	4117	3.563301e+03	3704	4.051643e+03	3.040000e+01	304	4.735967e-01	5.320648e-01	
3.050000e+01	305	3360	3.563301e+03	3610	4.051643e+03	3.050000e+01	305	5.179340e-01	5.320648e-01	
3.060000e+01	306	2289	3.563301e+03	4454	4.051643e+03	3.060000e+01	306	6.605369e-01	5.320648e-01	
3.070000e+01	307	4996	3.563301e+03	4015	4.051643e+03	3.070000e+01	307	4.455665e-01	5.320648e-01	
3.080000e+01	308	4183	3.563301e+03	5076	4.051643e+03	3.080000e+01	308	5.482234e-01	5.320648e-01	
3.090000e+01	309	2800	3.563301e+03	4826	4.051643e+03	3.090000e+01	309	6.328350e-01	5.320648e-01	
31	310	4478	3.563301e+03	5711	4.051643e+03	31	310	5.605064e-01	5.320648e-01	
3.110000e+01	311	2891	3.563301e+03	3827	4.051643e+03	3.110000e+01	311	5.696636e-01	5.320648e-01	
3.120000e+01	312	4272	3.563301e+03	4248	4.051643e+03	3.120000e+01	312	4.985915e-01	5.320648e-01	
3.130000e+01	313	3021	3.563301e+03	2371	4.051643e+03	3.130000e+01	313	4.397255e-01	5.320648e-01	
3.140000e+01	314	2752	3.563301e+03	2989	4.051643e+03	3.140000e+01	314	5.206410e-01	5.320648e-01	
3.150000e+01	315	1648	8.498341e+02	5526	4.051643e+03	3.150000e+01	315	7.702816e-01	5.320648e-01	
3.160000e+01	316	9.794000e+02	8.498341e+02	8317	7.717510e+03	3.160000e+01	316	8.946474e-01	9.008054e-01	
3.170000e+01	317	2.143000e+02	8.498341e+02	8246	7.717510e+03	3.170000e+01	317	9.746699e-01	9.008054e-01	
3.180000e+01	318	-7.715000e+02	8.498341e+02	8153	7.717510e+03	3.180000e+01	318	1.104518e+00	9.008054e-01	
3.190000e+01	319	1469	8.498341e+02	8580	7.717510e+03	3.190000e+01	319	8.538163e-01	9.008054e-01	
32	320	8.699000e+02	8.498341e+02	7565	7.717510e+03	32	320	8.968690e-01	9.008054e-01	
3.210000e+01	321	1473	8.498341e+02	8000	7.717510e+03	3.210000e+01	321	8.445054e-01	9.008054e-01	
3.220000e+01	322	1734	8.498341e+02	8510	7.717510e+03	3.220000e+01	322	8.307302e-01	9.008054e-01	
3.230000e+01	323	8.011000e+02	8.498341e+02	6749	7.717510e+03	3.230000e+01	323	8.938954e-01	9.008054e-01	
3.240000e+01	324	1590	8.498341e+02	7714	7.717510e+03	3.240000e+01	324	8.291058e-01	9.008054e-01	
3.250000e+01	325	835	8.498341e+02	9080	7.717510e+03	3.250000e+01	325	9.157842e-01	9.008054e-01	
3.260000e+01	326	1108	8.498341e+02	7847	7.717510e+03	3.260000e+01	326	8.762702e-01	9.008054e-01	
3.270000e+01	327	1011	8.498341e+02	7823	7.717510e+03	3.270000e+01	327	8.855558e-01	9.008054e-01	
3.280000e+01	328	9.168000e+02	8.498341e+02	8518	7.717510e+03	3.280000e+01	328	9.028278e-01	9.008054e-01	
3.290000e+01	329	-1.062000e+02	8.498341e+02	8073	7.717510e+03	3.290000e+01	329	1.013330e+00	9.008054e-01	
33	330	7.342000e+02	8.498341e+02	8436	7.717510e+03	33	330	9.199363e-01	9.008054e-01	
3.310000e+01	331	1063	8.498341e+02	7392	7.717510e+03	3.310000e+01	331	8.742756e-01	9.008054e-01	
3.320000e+01	332	1623	8.498341e+02	8604	7.717510e+03	3.320000e+01	332	8.413024e-01	9.008054e-01	
3.330000e+01	333	-336	8.498341e+02	7737	7.717510e+03	3.330000e+01	333	1.045399e+00	9.008054e-01	
3.340000e+01	334	5.917000e+02	8.498341e+02	7269	7.717510e+03	3.340000e+01	334	9.247268e-01	9.008054e-01	
3.350000e+01	335	8.027000e+02	8.498341e+02	7663	7.717510e+03	3.350000e+01	335	9.051821e-01	9.008054e-01	
3.360000e+01	336	3.014000e+02	8.498341e+02	9130	7.717510e+03	3.360000e+01	336	9.680429e-01	9.008054e-01	
3.370000e+01	337	9.985000e+02	8.498341e+02	7470	7.717510e+03	3.370000e+01	337	8.820925e-01	9.008054e-01	
3.380000e+01	338	1857	8.498341e+02	8912	7.717510e+03	3.380000e+01	338	8.275606e-01	9.008054e-01	
3.390000e+01	339	-7.441000e+02	8.498341e+02	7521	7.717510e+03	3.390000e+01	339	1.109799e+00	9.008054e-01	
34	340	1.265000e+02	8.498341e+02	8199	7.717510e+03	34	340	9.848057e-01	9.008054e-01	
3.410000e+01	341	5.133000e+02	8.498341e+02	7724	7.717510e+03	3.410000e+01	341	9.376859e-01	9.008054e-01	
3.420000e+01	342	9.174000e+02	8.498341e+02	8357	7.717510e+03	3.420000e+01	342	9.010825e-01	9.008054e-01	
3.430000e+01	343	143	8.498341e+02	9386	7.717510e+03	3.430000e+01	343	9.849932e-01	9.008054e-01	
3.440000e+01	344	8.028000e+02	8.498341e+02	7586	7.717510e+03	3.440000e+01	344	9.043010e-01	9.008054e-01	
3.450000e+01	345	8.467000e+02	8.498341e+02	9307	7.717510e+03	3.450000e+01	345	9.166117e-01	9.008054e-01	
3.460000e+01	346	-2.257000e+02	8.498341e+02	7412	7.717510e+03	3.460000e+01	346	1.031407e+00	9.008054e-01	
3.470000e+01	347	9.969000e+02	8.498341e+02	8376	7.717510e+03	3.470000e+01	347	8.936402e-01	9.008054e-01	
3.480000e+01	348	1800	8.498341e+02	8917	7.717510e+03	3.480000e+01	348	8.320425e-01	9.008054e-01	
3.490000e+01	349	7.013000e+02	8.498341e+02	6836	7.717510e+03	3.490000e+01	349	9.069561e-01	9.008054e-01	
35	350	1.813000e+02	8.498341e+02	7449	7.717510e+03	35	350	9.762395e-01	9.008054e-01	
3.510000e+01	351	-4.444000e+02	8.498341e+02	9401	7.717510e+03	3.510000e+01	351	1.049617e+00	9.008054e-01	
3.520000e+01	352	5.522000e+02	8.498341e+02	9087	7.717510e+03	3.520000e+01	352	9.427131e-01	9.008054e-01	
3.530000e+01	353	1.835000e+02	8.498341e+02	7165	7.717510e+03	3.530000e+01	353	9.750289e-01	9.008054e-01	
3.540000e+01	354	1055	8.498341e+02	7385	7.717510e+03	3.540000e+01	354	8.750000e-01	9.008054e-01	
3.550000e+01	355	4.085000e+02	8.498341e+02	8009	7.717510e+03	3.550000e+01	355	9.514702e-01	9.008054e-01	
3.560000e+01	356	6.957000e+02	8.498341e+02	8232	7.717510e+03	3.560000e+01	356	9.220740e-01	9.008054e-01	
3.570000e+01	357	7.159000e+02	8.498341e+02	9256	7.717510e+03	3.570000e+01	357	9.282083e-01	9.008054e-01	
3.580000e+01	358	5.327000e+02	8.498341e+02	7918	7.717510e+03	3.580000e+01	358	9.369638e-01	9.008054e-01	
3.590000e+01	359	-2.412000e+02	8.498341e+02	6634	7.717510e+03	3.590000e+01	359	1.037730e+00	9.008054e-01	
36	360	1222	8.498341e+02	7116	7.717510e+03	36	360	8.534421e-01	9.008054e-01	
3.610000e+01	361	6.639000e+02	8.498341e+02	8886	7.717510e+03	3.610000e+01	361	9.304809e-01	9.008054e-01	
3.620000e+01	362	8.202000e+02	8.498341e+02	7072	7.717510e+03	3.620000e+01	362	8.960746e-01	9.008054e-01	
3.630000e+01	363	5.941000e+02	8.498341e+02	4519	7.717510e+03	3.630000e+01	363	8.838083e-01	9.008054e-01	
3.640000e+01	364	1769	8.498341e+02	8573	7.717510e+03	3.640000e+01	364	8.289499e-01	9.008054e-01	
3.650000e+01	365	2.173000e+02	8.498341e+02	10140	7.717510e+03	3.650000e+01	365	9.790196e-01	9.008054e-01	
3.660000e+01	366	5.302000e+02	8.498341e+02	7017	7.717510e+03	3.660000e+01	366	9.297488e-01	9.008054e-01	
3.670000e+01	367	-1028	8.498341e+02	8875	7.717510e+03	3.670000e+01	367	1.131005e+00	9.008054e-01	
3.680000e+01	368	1337	8.498341e+02	8149	7.717510e+03	3.680000e+01	368	8.590555e-01	9.008054e-01	
3.690000e+01	369	1013	8.498341e+02	6689	7.717510e+03	3.690000e+01	369	8.684757e-01	9.008054e-01	
37	370	1067	8.498341e+02	6523	7.717510e+03	37	370	8.594203e-01	9.008054e-01	
3.710000e+01	371	715	8.498341e+02	7514	7.717510e+03	3.710000e+01	371	9.131122e-01	9.008054e-01	
3.720000e+01	372	1353	8.498341e+02	8578	7.717510e+03	3.720000e+01	372	8.637599e-01	9.008054e-01	
3.730000e+01	373	6.213000e+02	8.498341e+02	7139	7.717510e+03	3.730000e+01	373	9.199387e-01	9.008054e-01	
3.740000e+01	374	4864	6.745307e+03	3214	7.717510e+03	3.740000e+01	374	3.978708e-01	9.008054e-01	
3.750000e+01	375	6437	6.745307e+03	304	6.121983e+02	3.750000e+01	375	4.509717e-02	8.320732e-02	
3.760000e+01	376	7984	6.745307e+03	1690	6.121983e+02	3.760000e+01	376	1.746951e-01	8.320732e-02	
3.770000e+01	377	6503	6.745307e+03	1565	6.121983e+02	3.770000e+01	377	1.939762e-01	8.320732e-02	
3.780000e+01	378	3171	6.745307e+03	5072	7.717510e+03	3.780000e+01	378	6.153100e-01	8.320732e-02	
3.790000e+01	379	586	8.498341e+02	8234	7.717510e+03	3.790000e+01	379	9.335601e-01	9.008054e-01	
38	380	1603	8.498341e+02	6643	7.717510e+03	38	380	8.056027e-01	9.008054e-01	
3.810000e+01	381	2000	8.498341e+02	9181	7.717510e+03	3.810000e+01	381	8.211251e-01	9.008054e-01	
3.820000e+01	382	1043	8.498341e+02	7950	7.717510e+03	3.820000e+01	382	8.840209e-01	9.008054e-01	
3.830000e+01	383	6.333000e+02	8.498341e+02	8155	7.717510e+03	3.830000e+01	383	9.279383e-01	9.008054e-01	
3.840000e+01	384	-247	8.498341e+02	8760	7.717510e+03	3.840000e+01	384	1.029014e+00	9.008054e-01	
3.850000e+01	385	1309	8.498341e+02	10050	7.717510e+03	3.850000e+01	385	8.847610e-01	9.008054e-01	
3.860000e+01	386	5.929000e+02	8.498341e+02	6823	7.717510e+03	3.860000e+01	386	9.200502e-01	9.008054e-01	
3.870000e+01	387	8.472000e+02	8.498341e+02	6737	7.717510e+03	3.870000e+01	387	8.882941e-01	9.008054e-01	
3.880000e+01	388	4.359000e+02	8.498341e+02	6549	7.717510e+03	3.880000e+01	388	9.375940e-01	9.008054e-01	
3.890000e+01	389	1000	8.498341e+02	8259	7.717510e+03	3.890000e+01	389	8.919970e-01	9.008054e-01	
39	390	194	8.498341e+02	7905	7.717510e+03	39	390	9.760464e-01	9.008054e-01	
3.910000e+01	391	8.057000e+02	8.498341e+02	8404	7.717510e+03	3.910000e+01	391	9.125162e-01	9.008054e-01	
3.920000e+01	392	7.729000e+02	8.498341e+02	7880	7.717510e+03	3.920000e+01	392	9.106773e-01	9.008054e-01	
3.930000e+01	393	1732	8.498341e+02	8379	7.717510e+03	3.930000e+01	393	8.287014e-01	9.008054e-01	
3.940000e+01	394	7.865000e+02	8.498341e+02	7553	7.717510e+03	3.940000e+01	394	9.056898e-01	9.008054e-01	
3.950000e+01	395	8.106000e+02	8.498341e+02	7323	7.717510e+03	3.950000e+01	395	9.003393e-01	9.008054e-01	
3.960000e+01	396	6.434000e+02	8.498341e+02	8561	7.717510e+03	3.960000e+01	396	9.300986e-01	9.008054e-01	
3.970000e+01	397	9.181000e+02	8.498341e+02	6903	7.717510e+03	3.970000e+01	397	8.826124e-01	9.008054e-01	
3.980000e+01	398	6.443000e+02	8.498341e+02	8283	7.717510e+03	3.980000e+01	398	9.278281e-01	9.008054e-01	
3.990000e+01	399	4.199000e+02	8.498341e+02	6935	7.717510e+03	3.990000e+01	399	9.429088e-01	9.008054e-01	
40	400	1004	8.498341e+02	7430	7.717510e+03	40	400	8.809580e-01	9.008054e-01	
4.010000e+01	401	-9.035000e+01	8.498341e+02	7545	7.717510e+03	4.010000e+01	401	1.012120e+00	9.008054e-01	
4.020000e+01	402	1252	8.498341e+02	8905	7.717510e+03	4.020000e+01	402	8.767353e-01	9.008054e-01	
4.030000e+01	403	1097	8.498341e+02	8434	7.717510e+03	4.030000e+01	403	8.849019e-01	9.008054e-01	
4.040000e+01	404	1959	8.498341e+02	8348	7.717510e+03	4.040000e+01	404	8.099350e-01	9.008054e-01	
4.050000e+01	405	8.608000e+02	8.498341e+02	7907	7.717510e+03	4.050000e+01	405	9.018226e-01	9.008054e-01	
4.060000e+01	406	3.316000e+02	8.498341e+02	7241	7.717510e+03	4.060000e+01	406	9.562105e-01	9.008054e-01	
4.070000e+01	407	1081	8.498341e+02	6727	7.717510e+03	4.070000e+01	407	8.615523e-01	9.008054e-01	
4.080000e+01	408	1179	8.498341e+02	8058	7.717510e+03	4.080000e+01	408	8.723612e-01	9.008054e-01	
4.090000e+01	409	4.566000e+02	8.498341e+02	8445	7.717510e+03	4.090000e+01	409	9.487059e-01	9.008054e-01	
41	410	1.729000e+02	8.498341e+02	8231	7.717510e+03	41	410	9.794262e-01	9.008054e-01	
4.110000e+01	411	1645	8.498341e+02	6701	7.717510e+03	4.110000e+01	411	8.028996e-01	9.008054e-01	
4.120000e+01	412	741	8.498341e+02	6647	7.717510e+03	4.120000e+01	412	8.997022e-01	9.008054e-01	
4.130000e+01	413	1748	8.498341e+02	6939	7.717510e+03	4.130000e+01	413	7.987798e-01	9.008054e-01	
4.140000e+01	414	6.677000e+02	8.498341e+02	8144	7.717510e+03	4.140000e+01	414	9.242257e-01	9.008054e-01	
4.150000e+01	415	1310	8.498341e+02	8567	7.717510e+03	4.150000e+01	415	8.673686e-01	9.008054e-01	
4.160000e+01	416	5.374000e+02	8.498341e+02	8047	7.717510e+03	4.160000e+01	416	9.373981e-01	9.008054e-01	
4.170000e+01	417	5.255000e+02	8.498341e+02	7483	7.717510e+03	4.170000e+01	417	9.343822e-01	9.008054e-01	
4.180000e+01	418	1506	8.498341e+02	6907	7.717510e+03	4.180000e+01	418	8.209913e-01	9.008054e-01	
4.190000e+01	419	4405	6.745307e+03	3632	7.717510e+03	4.190000e+01	419	4.519099e-01	9.008054e-01	
42	420	7899	6.745307e+03	1094	6.121983e+02	42	420	1.216502e-01	8.320732e-02	
4.210000e+01	421	6109	6.745307e+03	2084	6.121983e+02	4.210000e+01	421	2.543635e-01	8.320732e-02	
4.220000e+01	422	6328	6.745307e+03	1423	6.121983e+02	4.220000e+01	422	1.835892e-01	8.320732e-02	
4.230000e+01	423	6156	6.745307e+03	1.211000e+02	6.121983e+02	4.230000e+01	423	1.929235e-02	8.320732e-02	
4.240000e+01	424	7453	6.745307e+03	1877	6.121983e+02	4.240000e+01	424	2.011790e-01	8.320732e-02	
4.250000e+01	425	1111	8.498341e+02	7838	7.717510e+03	4.250000e+01	425	8.758521e-01	9.008054e-01	
4.260000e+01	426	1273	8.498341e+02	7565	7.717510e+03	4.260000e+01	426	8.559629e-01	9.008054e-01	
4.270000e+01	427	2100	8.498341e+02	8347	7.717510e+03	4.270000e+01	427	7.989854e-01	9.008054e-01	
4.280000e+01	428	1122	8.498341e+02	10020	7.717510e+03	4.280000e+01	428	8.992999e-01	9.008054e-01	
4.290000e+01	429	1062	8.498341e+02	7435	7.717510e+03	4.290000e+01	429	8.750147e-01	9.008054e-01	
43	430	1586	8.498341e+02	6809	7.717510e+03	43	430	8.110780e-01	9.008054e-01	
4.310000e+01	431	4.084000e+02	8.498341e+02	8602	7.717510e+03	4.310000e+01	431	9.546746e-01	9.008054e-01	
4.320000e+01	432	1791	8.498341e+02	7513	7.717510e+03	4.320000e+01	432	8.075021e-01	9.008054e-01	
4.330000e+01	433	-2.304000e+02	8.498341e+02	9496	7.717510e+03	4.330000e+01	433	1.024866e+00	9.008054e-01	
4.340000e+01	434	1.811000e+02	8.498341e+02	8831	7.717510e+03	4.340000e+01	434	9.799048e-01	9.008054e-01	
4.350000e+01	435	5.732000e+02	8.498341e+02	7205	7.717510e+03	4.350000e+01	435	9.263069e-01	9.008054e-01	
4.360000e+01	436	6.169000e+02	8.498341e+02	8056	7.717510e+03	4.360000e+01	436	9.288704e-01	9.008054e-01	
4.370000e+01	437	1475	8.498341e+02	6583	7.717510e+03	4.370000e+01	437	8.169521e-01	0	
