time at 532nm	frame at 532nm	I_1 at 532nm(counts)	discr.I_1 at 532nm(counts)	I_2 at 532nm(counts)	discr.I_2 at 532nm(counts)	time at 532nm	frame at 532nm	FRET_1>2	discr.FRET_1>2	
1.000000e-01	1	1490	9.529511e+02	7605	6.133594e+03	1.000000e-01	1	8.361737e-01	8.655267e-01	
2.000000e-01	2	1311	9.529511e+02	6144	6.133594e+03	2.000000e-01	2	8.241449e-01	8.655267e-01	
3.000000e-01	3	1826	9.529511e+02	5787	6.133594e+03	3.000000e-01	3	7.601471e-01	8.655267e-01	
4.000000e-01	4	722	9.529511e+02	5801	6.133594e+03	4.000000e-01	4	8.893147e-01	8.655267e-01	
5.000000e-01	5	1290	9.529511e+02	6827	6.133594e+03	5.000000e-01	5	8.410743e-01	8.655267e-01	
6.000000e-01	6	1875	9.529511e+02	7356	6.133594e+03	6.000000e-01	6	7.968801e-01	8.655267e-01	
7.000000e-01	7	1241	9.529511e+02	7440	6.133594e+03	7.000000e-01	7	8.570441e-01	8.655267e-01	
8.000000e-01	8	1842	9.529511e+02	5747	6.133594e+03	8.000000e-01	8	7.572803e-01	8.655267e-01	
9.000000e-01	9	1006	9.529511e+02	5883	6.133594e+03	9.000000e-01	9	8.539701e-01	8.655267e-01	
1	10	6.412000e+02	9.529511e+02	6322	6.133594e+03	1	10	9.079159e-01	8.655267e-01	
1.100000e+00	11	1345	9.529511e+02	5774	6.133594e+03	1.100000e+00	11	8.110690e-01	8.655267e-01	
1.200000e+00	12	1333	9.529511e+02	6221	6.133594e+03	1.200000e+00	12	8.235372e-01	8.655267e-01	
1.300000e+00	13	1171	9.529511e+02	6615	6.133594e+03	1.300000e+00	13	8.496018e-01	8.655267e-01	
1.400000e+00	14	1045	9.529511e+02	4359	6.133594e+03	1.400000e+00	14	8.066247e-01	8.655267e-01	
1.500000e+00	15	-8.699000e+00	9.529511e+02	7071	6.133594e+03	1.500000e+00	15	1.001232e+00	8.655267e-01	
1.600000e+00	16	1686	9.529511e+02	4440	6.133594e+03	1.600000e+00	16	7.247796e-01	8.655267e-01	
1.700000e+00	17	7.241000e+02	9.529511e+02	5182	6.133594e+03	1.700000e+00	17	8.773979e-01	8.655267e-01	
1.800000e+00	18	1506	9.529511e+02	6247	6.133594e+03	1.800000e+00	18	8.057526e-01	8.655267e-01	
1.900000e+00	19	1183	9.529511e+02	6637	6.133594e+03	1.900000e+00	19	8.487212e-01	8.655267e-01	
2	20	1145	9.529511e+02	6348	6.133594e+03	2	20	8.471907e-01	8.655267e-01	
2.100000e+00	21	-2.468000e+01	9.529511e+02	6273	6.133594e+03	2.100000e+00	21	1.003950e+00	8.655267e-01	
2.200000e+00	22	1183	9.529511e+02	6058	6.133594e+03	2.200000e+00	22	8.366248e-01	8.655267e-01	
2.300000e+00	23	1000	9.529511e+02	5349	6.133594e+03	2.300000e+00	23	8.424949e-01	8.655267e-01	
2.400000e+00	24	1.387000e+02	9.529511e+02	5809	6.133594e+03	2.400000e+00	24	9.766801e-01	8.655267e-01	
2.500000e+00	25	4.637000e+02	9.529511e+02	6030	6.133594e+03	2.500000e+00	25	9.285923e-01	8.655267e-01	
2.600000e+00	26	557	9.529511e+02	7295	6.133594e+03	2.600000e+00	26	9.290627e-01	8.655267e-01	
2.700000e+00	27	-3.192000e+01	9.529511e+02	7016	6.133594e+03	2.700000e+00	27	1.004570e+00	8.655267e-01	
2.800000e+00	28	1777	9.529511e+02	7065	6.133594e+03	2.800000e+00	28	7.990274e-01	8.655267e-01	
2.900000e+00	29	3643	3.273213e+03	2891	3.659677e+03	2.900000e+00	29	4.424549e-01	5.278718e-01	
3	30	3422	3.273213e+03	3684	3.659677e+03	3	30	5.184351e-01	5.278718e-01	
3.100000e+00	31	3395	3.273213e+03	4519	3.659677e+03	3.100000e+00	31	5.710134e-01	5.278718e-01	
3.200000e+00	32	3422	3.273213e+03	4359	3.659677e+03	3.200000e+00	32	5.602108e-01	5.278718e-01	
3.300000e+00	33	3050	3.273213e+03	4599	3.659677e+03	3.300000e+00	33	6.012551e-01	5.278718e-01	
3.400000e+00	34	3402	3.273213e+03	3571	3.659677e+03	3.400000e+00	34	5.121182e-01	5.278718e-01	
3.500000e+00	35	3861	3.273213e+03	3364	3.659677e+03	3.500000e+00	35	4.656055e-01	5.278718e-01	
3.600000e+00	36	2853	3.273213e+03	3248	3.659677e+03	3.600000e+00	36	5.323717e-01	5.278718e-01	
3.700000e+00	37	4496	3.273213e+03	4098	3.659677e+03	3.700000e+00	37	4.768443e-01	5.278718e-01	
3.800000e+00	38	4184	3.273213e+03	4028	3.659677e+03	3.800000e+00	38	4.905017e-01	5.278718e-01	
3.900000e+00	39	3702	3.273213e+03	4487	3.659677e+03	3.900000e+00	39	5.479302e-01	5.278718e-01	
4	40	4141	3.273213e+03	3712	3.659677e+03	4	40	4.726856e-01	5.278718e-01	
4.100000e+00	41	3570	3.273213e+03	4385	3.659677e+03	4.100000e+00	41	5.512256e-01	5.278718e-01	
4.200000e+00	42	3605	3.273213e+03	3619	3.659677e+03	4.200000e+00	42	5.009690e-01	5.278718e-01	
4.300000e+00	43	2653	3.273213e+03	3829	3.659677e+03	4.300000e+00	43	5.907127e-01	5.278718e-01	
4.400000e+00	44	2406	3.273213e+03	3623	3.659677e+03	4.400000e+00	44	6.009288e-01	5.278718e-01	
4.500000e+00	45	3659	3.273213e+03	4315	3.659677e+03	4.500000e+00	45	5.411337e-01	5.278718e-01	
4.600000e+00	46	3255	3.273213e+03	3129	3.659677e+03	4.600000e+00	46	4.901316e-01	5.278718e-01	
4.700000e+00	47	3483	3.273213e+03	3471	3.659677e+03	4.700000e+00	47	4.991372e-01	5.278718e-01	
4.800000e+00	48	2891	3.273213e+03	4045	3.659677e+03	4.800000e+00	48	5.831892e-01	5.278718e-01	
4.900000e+00	49	2728	3.273213e+03	3668	3.659677e+03	4.900000e+00	49	5.734834e-01	5.278718e-01	
5	50	2252	3.273213e+03	4740	3.659677e+03	5	50	6.779176e-01	5.278718e-01	
5.100000e+00	51	3660	3.273213e+03	3662	3.659677e+03	5.100000e+00	51	5.001366e-01	5.278718e-01	
5.200000e+00	52	2167	3.273213e+03	4792	3.659677e+03	5.200000e+00	52	6.886047e-01	5.278718e-01	
5.300000e+00	53	1647	9.529511e+02	4611	3.659677e+03	5.300000e+00	53	7.368169e-01	5.278718e-01	
5.400000e+00	54	-3.705000e+01	9.529511e+02	5886	6.133594e+03	5.400000e+00	54	1.006334e+00	8.655267e-01	
5.500000e+00	55	1174	9.529511e+02	5916	6.133594e+03	5.500000e+00	55	8.344147e-01	8.655267e-01	
5.600000e+00	56	1113	9.529511e+02	6871	6.133594e+03	5.600000e+00	56	8.605962e-01	8.655267e-01	
5.700000e+00	57	1765	9.529511e+02	6940	6.133594e+03	5.700000e+00	57	7.972430e-01	8.655267e-01	
5.800000e+00	58	4.942000e+01	9.529511e+02	5498	6.133594e+03	5.800000e+00	58	9.910914e-01	8.655267e-01	
5.900000e+00	59	1457	9.529511e+02	5578	6.133594e+03	5.900000e+00	59	7.928927e-01	8.655267e-01	
6	60	934	9.529511e+02	6780	6.133594e+03	6	60	8.789214e-01	8.655267e-01	
6.100000e+00	61	6.702000e+02	9.529511e+02	6758	6.133594e+03	6.100000e+00	61	9.097763e-01	8.655267e-01	
6.200000e+00	62	1204	9.529511e+02	6096	6.133594e+03	6.200000e+00	62	8.350685e-01	8.655267e-01	
6.300000e+00	63	1296	9.529511e+02	6273	6.133594e+03	6.300000e+00	63	8.287753e-01	8.655267e-01	
6.400000e+00	64	870	9.529511e+02	6655	6.133594e+03	6.400000e+00	64	8.843854e-01	8.655267e-01	
6.500000e+00	65	-6.721000e+02	9.529511e+02	6016	6.133594e+03	6.500000e+00	65	1.125770e+00	8.655267e-01	
6.600000e+00	66	3.909000e+02	9.529511e+02	5810	6.133594e+03	6.600000e+00	66	9.369608e-01	8.655267e-01	
6.700000e+00	67	5.004000e+02	9.529511e+02	4836	6.133594e+03	6.700000e+00	67	9.062289e-01	8.655267e-01	
6.800000e+00	68	8.991000e+02	9.529511e+02	5568	6.133594e+03	6.800000e+00	68	8.609732e-01	8.655267e-01	
6.900000e+00	69	1013	9.529511e+02	6289	6.133594e+03	6.900000e+00	69	8.612709e-01	8.655267e-01	
7	70	8.612000e+02	9.529511e+02	6407	6.133594e+03	7	70	8.815112e-01	8.655267e-01	
7.100000e+00	71	4005	5.658928e+03	2814	9.357845e+02	7.100000e+00	71	4.126705e-01	1.418992e-01	
7.200000e+00	72	5620	5.658928e+03	2007	9.357845e+02	7.200000e+00	72	2.631441e-01	1.418992e-01	
7.300000e+00	73	5314	5.658928e+03	9.598000e+02	9.357845e+02	7.300000e+00	73	1.529854e-01	1.418992e-01	
7.400000e+00	74	5164	5.658928e+03	2.497000e+02	9.357845e+02	7.400000e+00	74	4.612372e-02	1.418992e-01	
7.500000e+00	75	6403	5.658928e+03	2.535000e+02	9.357845e+02	7.500000e+00	75	3.808308e-02	1.418992e-01	
7.600000e+00	76	5874	5.658928e+03	2063	9.357845e+02	7.600000e+00	76	2.599219e-01	1.418992e-01	
7.700000e+00	77	6569	5.658928e+03	1208	9.357845e+02	7.700000e+00	77	1.553298e-01	1.418992e-01	
7.800000e+00	78	6147	5.658928e+03	1300	9.357845e+02	7.800000e+00	78	1.745669e-01	1.418992e-01	
7.900000e+00	79	4880	5.658928e+03	3.750000e+00	9.357845e+02	7.900000e+00	79	7.678526e-04	1.418992e-01	
8	80	6554	5.658928e+03	6.559000e+02	9.357845e+02	8	80	9.097214e-02	1.418992e-01	
8.100000e+00	81	4699	5.658928e+03	642	9.357845e+02	8.100000e+00	81	1.202022e-01	1.418992e-01	
8.200000e+00	82	6202	5.658928e+03	5.766000e+02	9.357845e+02	8.200000e+00	82	8.506181e-02	1.418992e-01	
8.300000e+00	83	6571	5.658928e+03	8.134000e+02	9.357845e+02	8.300000e+00	83	1.101511e-01	1.418992e-01	
8.400000e+00	84	5730	5.658928e+03	858	9.357845e+02	8.400000e+00	84	1.302368e-01	1.418992e-01	
8.500000e+00	85	5683	5.658928e+03	1440	9.357845e+02	8.500000e+00	85	2.021620e-01	1.418992e-01	
8.600000e+00	86	5454	5.658928e+03	1062	9.357845e+02	8.600000e+00	86	1.629834e-01	1.418992e-01	
8.700000e+00	87	5234	5.658928e+03	1192	9.357845e+02	8.700000e+00	87	1.854964e-01	1.418992e-01	
8.800000e+00	88	6077	5.658928e+03	768	9.357845e+02	8.800000e+00	88	1.121987e-01	1.418992e-01	
8.900000e+00	89	5333	5.658928e+03	1232	9.357845e+02	8.900000e+00	89	1.876618e-01	1.418992e-01	
9	90	7062	5.658928e+03	2164	9.357845e+02	9	90	2.345545e-01	1.418992e-01	
9.100000e+00	91	5255	5.658928e+03	1.902000e+02	9.357845e+02	9.100000e+00	91	3.492985e-02	1.418992e-01	
9.200000e+00	92	1487	9.529511e+02	5441	6.133594e+03	9.200000e+00	92	7.853637e-01	8.655267e-01	
9.300000e+00	93	7.723000e+02	9.529511e+02	5482	6.133594e+03	9.300000e+00	93	8.765170e-01	8.655267e-01	
9.400000e+00	94	4220	5.658928e+03	2421	9.357845e+02	9.400000e+00	94	3.645535e-01	1.418992e-01	
9.500000e+00	95	5696	5.658928e+03	8.878000e+02	9.357845e+02	9.500000e+00	95	1.348461e-01	1.418992e-01	
9.600000e+00	96	6928	5.658928e+03	5.225000e+02	9.357845e+02	9.600000e+00	96	7.012952e-02	1.418992e-01	
9.700000e+00	97	4959	5.658928e+03	5.671000e+02	9.357845e+02	9.700000e+00	97	1.026221e-01	1.418992e-01	
9.800000e+00	98	5192	5.658928e+03	1.672000e+02	9.357845e+02	9.800000e+00	98	3.119869e-02	1.418992e-01	
9.900000e+00	99	6491	5.658928e+03	1312	9.357845e+02	9.900000e+00	99	1.681405e-01	1.418992e-01	
10	100	5273	5.658928e+03	4.077000e+02	9.357845e+02	10	100	7.176932e-02	1.418992e-01	
1.010000e+01	101	6841	5.658928e+03	1480	9.357845e+02	1.010000e+01	101	1.778632e-01	1.418992e-01	
1.020000e+01	102	5920	5.658928e+03	8.547000e+02	9.357845e+02	1.020000e+01	102	1.261606e-01	1.418992e-01	
1.030000e+01	103	6015	5.658928e+03	5.708000e+02	9.357845e+02	1.030000e+01	103	8.667132e-02	1.418992e-01	
1.040000e+01	104	7530	5.658928e+03	1017	9.357845e+02	1.040000e+01	104	1.189891e-01	1.418992e-01	
1.050000e+01	105	6887	5.658928e+03	1187	9.357845e+02	1.050000e+01	105	1.470151e-01	1.418992e-01	
1.060000e+01	106	3988	3.273213e+03	4307	3.659677e+03	1.060000e+01	106	5.192285e-01	5.278718e-01	
1.070000e+01	107	3399	3.273213e+03	3801	3.659677e+03	1.070000e+01	107	5.279167e-01	5.278718e-01	
1.080000e+01	108	2948	3.273213e+03	2715	3.659677e+03	1.080000e+01	108	4.794279e-01	5.278718e-01	
1.090000e+01	109	3965	3.273213e+03	3688	3.659677e+03	1.090000e+01	109	4.819025e-01	5.278718e-01	
11	110	3381	3.273213e+03	3212	3.659677e+03	11	110	4.871834e-01	5.278718e-01	
1.110000e+01	111	3105	3.273213e+03	3769	3.659677e+03	1.110000e+01	111	5.482979e-01	5.278718e-01	
1.120000e+01	112	2387	3.273213e+03	4161	3.659677e+03	1.120000e+01	112	6.354612e-01	5.278718e-01	
1.130000e+01	113	3024	3.273213e+03	2673	3.659677e+03	1.130000e+01	113	4.691943e-01	5.278718e-01	
1.140000e+01	114	2065	3.273213e+03	4298	3.659677e+03	1.140000e+01	114	6.754675e-01	5.278718e-01	
1.150000e+01	115	3212	3.273213e+03	4445	3.659677e+03	1.150000e+01	115	5.805146e-01	5.278718e-01	
1.160000e+01	116	3241	3.273213e+03	3924	3.659677e+03	1.160000e+01	116	5.476622e-01	5.278718e-01	
1.170000e+01	117	2710	3.273213e+03	2954	3.659677e+03	1.170000e+01	117	5.215395e-01	5.278718e-01	
1.180000e+01	118	3008	3.273213e+03	4016	3.659677e+03	1.180000e+01	118	5.717540e-01	5.278718e-01	
1.190000e+01	119	2953	3.273213e+03	5395	3.659677e+03	1.190000e+01	119	6.462626e-01	5.278718e-01	
12	120	2628	3.273213e+03	5016	3.659677e+03	12	120	6.562009e-01	5.278718e-01	
1.210000e+01	121	3613	3.273213e+03	3733	3.659677e+03	1.210000e+01	121	5.081677e-01	5.278718e-01	
1.220000e+01	122	2405	3.273213e+03	2933	3.659677e+03	1.220000e+01	122	5.494567e-01	5.278718e-01	
1.230000e+01	123	4021	3.273213e+03	4180	3.659677e+03	1.230000e+01	123	5.096939e-01	5.278718e-01	
1.240000e+01	124	4025	3.273213e+03	4217	3.659677e+03	1.240000e+01	124	5.116477e-01	5.278718e-01	
1.250000e+01	125	1955	3.273213e+03	3125	3.659677e+03	1.250000e+01	125	6.151575e-01	5.278718e-01	
1.260000e+01	126	3200	3.273213e+03	2687	3.659677e+03	1.260000e+01	126	4.564294e-01	5.278718e-01	
1.270000e+01	127	2661	3.273213e+03	3280	3.659677e+03	1.270000e+01	127	5.520956e-01	5.278718e-01	
1.280000e+01	128	4374	3.273213e+03	4434	3.659677e+03	1.280000e+01	128	5.034060e-01	5.278718e-01	
1.290000e+01	129	4069	3.273213e+03	2686	3.659677e+03	1.290000e+01	129	3.976314e-01	5.278718e-01	
13	130	3479	3.273213e+03	3486	3.659677e+03	13	130	5.005025e-01	5.278718e-01	
1.310000e+01	131	2430	3.273213e+03	3433	3.659677e+03	1.310000e+01	131	5.855364e-01	5.278718e-01	
1.320000e+01	132	2957	3.273213e+03	2562	3.659677e+03	1.320000e+01	132	4.642145e-01	5.278718e-01	
1.330000e+01	133	3679	3.273213e+03	3806	3.659677e+03	1.330000e+01	133	5.084836e-01	5.278718e-01	
1.340000e+01	134	4175	3.273213e+03	4146	3.659677e+03	1.340000e+01	134	4.982574e-01	5.278718e-01	
1.350000e+01	135	3766	3.273213e+03	4631	3.659677e+03	1.350000e+01	135	5.515065e-01	5.278718e-01	
1.360000e+01	136	2766	3.273213e+03	2748	3.659677e+03	1.360000e+01	136	4.983678e-01	5.278718e-01	
1.370000e+01	137	3258	3.273213e+03	3461	3.659677e+03	1.370000e+01	137	5.151064e-01	5.278718e-01	
1.380000e+01	138	3253	3.273213e+03	2671	3.659677e+03	1.380000e+01	138	4.508778e-01	5.278718e-01	
1.390000e+01	139	3709	3.273213e+03	3555	3.659677e+03	1.390000e+01	139	4.893998e-01	5.278718e-01	
14	140	3549	3.273213e+03	3266	3.659677e+03	14	140	4.792370e-01	5.278718e-01	
1.410000e+01	141	2631	3.273213e+03	3079	3.659677e+03	1.410000e+01	141	5.392294e-01	5.278718e-01	
1.420000e+01	142	2432	3.273213e+03	4377	3.659677e+03	1.420000e+01	142	6.428257e-01	5.278718e-01	
1.430000e+01	143	2521	3.273213e+03	3516	3.659677e+03	1.430000e+01	143	5.824085e-01	5.278718e-01	
1.440000e+01	144	3429	3.273213e+03	3499	3.659677e+03	1.440000e+01	144	5.050520e-01	5.278718e-01	
1.450000e+01	145	3496	3.273213e+03	3580	3.659677e+03	1.450000e+01	145	5.059356e-01	5.278718e-01	
1.460000e+01	146	2786	3.273213e+03	3174	3.659677e+03	1.460000e+01	146	5.325503e-01	5.278718e-01	
1.470000e+01	147	3051	3.273213e+03	3862	3.659677e+03	1.470000e+01	147	5.586576e-01	5.278718e-01	
1.480000e+01	148	3948	3.273213e+03	3077	3.659677e+03	1.480000e+01	148	4.380071e-01	5.278718e-01	
1.490000e+01	149	2592	3.273213e+03	4532	3.659677e+03	1.490000e+01	149	6.361595e-01	5.278718e-01	
15	150	2516	3.273213e+03	3227	3.659677e+03	15	150	5.619014e-01	5.278718e-01	
1.510000e+01	151	2989	3.273213e+03	3133	3.659677e+03	1.510000e+01	151	5.117609e-01	5.278718e-01	
1.520000e+01	152	3218	3.273213e+03	3125	3.659677e+03	1.520000e+01	152	4.926691e-01	5.278718e-01	
1.530000e+01	153	4573	3.273213e+03	4158	3.659677e+03	1.530000e+01	153	4.762341e-01	5.278718e-01	
1.540000e+01	154	3047	3.273213e+03	3989	3.659677e+03	1.540000e+01	154	5.669414e-01	5.278718e-01	
1.550000e+01	155	3661	3.273213e+03	3699	3.659677e+03	1.550000e+01	155	5.025815e-01	5.278718e-01	
1.560000e+01	156	2632	3.273213e+03	2997	3.659677e+03	1.560000e+01	156	5.324214e-01	5.278718e-01	
1.570000e+01	157	3242	3.273213e+03	3392	3.659677e+03	1.570000e+01	157	5.113054e-01	5.278718e-01	
1.580000e+01	158	4000	3.273213e+03	4003	3.659677e+03	1.580000e+01	158	5.001874e-01	5.278718e-01	
1.590000e+01	159	3540	3.273213e+03	5193	3.659677e+03	1.590000e+01	159	5.946410e-01	5.278718e-01	
16	160	2583	3.273213e+03	3416	3.659677e+03	16	160	5.694282e-01	5.278718e-01	
1.610000e+01	161	4755	3.273213e+03	3693	3.659677e+03	1.610000e+01	161	4.371449e-01	5.278718e-01	
1.620000e+01	162	3507	3.273213e+03	4078	3.659677e+03	1.620000e+01	162	5.376401e-01	5.278718e-01	
1.630000e+01	163	3870	3.273213e+03	3160	3.659677e+03	1.630000e+01	163	4.495021e-01	5.278718e-01	
1.640000e+01	164	3497	3.273213e+03	4223	3.659677e+03	1.640000e+01	164	5.470207e-01	5.278718e-01	
1.650000e+01	165	1123	9.529511e+02	6200	6.133594e+03	1.650000e+01	165	8.466475e-01	8.655267e-01	
1.660000e+01	166	4.947000e+02	9.529511e+02	4573	6.133594e+03	1.660000e+01	166	9.023818e-01	8.655267e-01	
1.670000e+01	167	1740	9.529511e+02	5864	6.133594e+03	1.670000e+01	167	7.711731e-01	8.655267e-01	
1.680000e+01	168	1601	9.529511e+02	7723	6.133594e+03	1.680000e+01	168	8.282926e-01	8.655267e-01	
1.690000e+01	169	6859	5.658928e+03	1419	9.357845e+02	1.690000e+01	169	1.714182e-01	1.418992e-01	
17	170	6223	5.658928e+03	8.481000e+02	9.357845e+02	17	170	1.199389e-01	1.418992e-01	
1.710000e+01	171	5797	5.658928e+03	8.004000e+02	9.357845e+02	1.710000e+01	171	1.213205e-01	1.418992e-01	
1.720000e+01	172	6510	5.658928e+03	1286	9.357845e+02	1.720000e+01	172	1.649564e-01	1.418992e-01	
1.730000e+01	173	6032	5.658928e+03	1608	9.357845e+02	1.730000e+01	173	2.104712e-01	1.418992e-01	
1.740000e+01	174	4844	5.658928e+03	7.066000e+02	9.357845e+02	1.740000e+01	174	1.273016e-01	1.418992e-01	
1.750000e+01	175	5474	5.658928e+03	9.598000e+02	9.357845e+02	1.750000e+01	175	1.491809e-01	1.418992e-01	
1.760000e+01	176	5629	5.658928e+03	1.013000e+02	9.357845e+02	1.760000e+01	176	1.767796e-02	1.418992e-01	
1.770000e+01	177	1830	9.529511e+02	4379	6.133594e+03	1.770000e+01	177	7.052665e-01	8.655267e-01	
1.780000e+01	178	9.352000e+02	9.529511e+02	5475	6.133594e+03	1.780000e+01	178	8.541075e-01	8.655267e-01	
1.790000e+01	179	1566	9.529511e+02	6605	6.133594e+03	1.790000e+01	179	8.083466e-01	8.655267e-01	
18	180	753	9.529511e+02	6264	6.133594e+03	18	180	8.926892e-01	8.655267e-01	
1.810000e+01	181	4.378000e+01	9.529511e+02	6017	6.133594e+03	1.810000e+01	181	9.927765e-01	8.655267e-01	
1.820000e+01	182	1127	9.529511e+02	6436	6.133594e+03	1.820000e+01	182	8.509851e-01	8.655267e-01	
1.830000e+01	183	3.405000e+02	9.529511e+02	7125	6.133594e+03	1.830000e+01	183	9.543902e-01	8.655267e-01	
1.840000e+01	184	1466	9.529511e+02	6184	6.133594e+03	1.840000e+01	184	8.083660e-01	8.655267e-01	
1.850000e+01	185	1294	9.529511e+02	4833	6.133594e+03	1.850000e+01	185	7.888037e-01	8.655267e-01	
1.860000e+01	186	1075	9.529511e+02	7827	6.133594e+03	1.860000e+01	186	8.792406e-01	8.655267e-01	
1.870000e+01	187	1801	9.529511e+02	6051	6.133594e+03	1.870000e+01	187	7.706317e-01	8.655267e-01	
1.880000e+01	188	785	9.529511e+02	6106	6.133594e+03	1.880000e+01	188	8.860833e-01	8.655267e-01	
1.890000e+01	189	1457	9.529511e+02	4731	6.133594e+03	1.890000e+01	189	7.645443e-01	8.655267e-01	
19	190	2.586000e+02	9.529511e+02	6490	6.133594e+03	19	190	9.616809e-01	8.655267e-01	
1.910000e+01	191	-5.324000e+02	9.529511e+02	4639	6.133594e+03	1.910000e+01	191	1.129645e+00	8.655267e-01	
1.920000e+01	192	1011	9.529511e+02	6613	6.133594e+03	1.920000e+01	192	8.673924e-01	8.655267e-01	
1.930000e+01	193	6.218000e+02	9.529511e+02	5764	6.133594e+03	1.930000e+01	193	9.026277e-01	8.655267e-01	
1.940000e+01	194	7.652000e+02	9.529511e+02	6976	6.133594e+03	1.940000e+01	194	9.011523e-01	8.655267e-01	
1.950000e+01	195	1092	9.529511e+02	5707	6.133594e+03	1.950000e+01	195	8.393881e-01	8.655267e-01	
1.960000e+01	196	7.031000e+02	9.529511e+02	6800	6.133594e+03	1.960000e+01	196	9.062921e-01	8.655267e-01	
1.970000e+01	197	9.623000e+02	9.529511e+02	6826	6.133594e+03	1.970000e+01	197	8.764429e-01	8.655267e-01	
1.980000e+01	198	2041	9.529511e+02	5438	6.133594e+03	1.980000e+01	198	7.271026e-01	8.655267e-01	
1.990000e+01	199	1422	9.529511e+02	6359	6.133594e+03	1.990000e+01	199	8.172471e-01	8.655267e-01	
20	200	1198	9.529511e+02	5039	6.133594e+03	20	200	8.079205e-01	8.655267e-01	
2.010000e+01	201	1309	9.529511e+02	6282	6.133594e+03	2.010000e+01	201	8.275590e-01	8.655267e-01	
2.020000e+01	202	-3.286000e-01	9.529511e+02	7460	6.133594e+03	2.020000e+01	202	1.000044e+00	8.655267e-01	
2.030000e+01	203	1877	9.529511e+02	7722	6.133594e+03	2.030000e+01	203	8.044588e-01	8.655267e-01	
2.040000e+01	204	1509	9.529511e+02	6461	6.133594e+03	2.040000e+01	204	8.106650e-01	8.655267e-01	
2.050000e+01	205	-5.227000e+01	9.529511e+02	6437	6.133594e+03	2.050000e+01	205	1.008187e+00	8.655267e-01	
2.060000e+01	206	9.848000e+02	9.529511e+02	4917	6.133594e+03	2.060000e+01	206	8.331357e-01	8.655267e-01	
2.070000e+01	207	3.843000e+02	9.529511e+02	6418	6.133594e+03	2.070000e+01	207	9.435044e-01	8.655267e-01	
2.080000e+01	208	5.806000e+02	9.529511e+02	5882	6.133594e+03	2.080000e+01	208	9.101600e-01	8.655267e-01	
2.090000e+01	209	1829	9.529511e+02	5782	6.133594e+03	2.090000e+01	209	7.596899e-01	8.655267e-01	
21	210	6.672000e+02	9.529511e+02	6584	6.133594e+03	21	210	9.079876e-01	8.655267e-01	
2.110000e+01	211	6.029000e+02	9.529511e+02	7659	6.133594e+03	2.110000e+01	211	9.270265e-01	8.655267e-01	
2.120000e+01	212	9.152000e+02	9.529511e+02	6449	6.133594e+03	2.120000e+01	212	8.757231e-01	8.655267e-01	
2.130000e+01	213	5.319000e+02	9.529511e+02	5065	6.133594e+03	2.130000e+01	213	9.049652e-01	8.655267e-01	
2.140000e+01	214	9.429000e+02	9.529511e+02	6111	6.133594e+03	2.140000e+01	214	8.663293e-01	8.655267e-01	
2.150000e+01	215	2133	9.529511e+02	6273	6.133594e+03	2.150000e+01	215	7.462527e-01	8.655267e-01	
2.160000e+01	216	2.655000e+02	9.529511e+02	8024	6.133594e+03	2.160000e+01	216	9.679715e-01	8.655267e-01	
2.170000e+01	217	-8.063000e+01	9.529511e+02	6044	6.133594e+03	2.170000e+01	217	1.013521e+00	8.655267e-01	
2.180000e+01	218	1291	9.529511e+02	5304	6.133594e+03	2.180000e+01	218	8.042456e-01	8.655267e-01	
2.190000e+01	219	1085	9.529511e+02	6233	6.133594e+03	2.190000e+01	219	8.517354e-01	8.655267e-01	
22	220	9.558000e+02	9.529511e+02	6694	6.133594e+03	22	220	8.750556e-01	8.655267e-01	
2.210000e+01	221	5.421000e+02	9.529511e+02	6972	6.133594e+03	2.210000e+01	221	9.278556e-01	8.655267e-01	
2.220000e+01	222	2488	3.273213e+03	4815	6.133594e+03	2.220000e+01	222	6.593181e-01	8.655267e-01	
2.230000e+01	223	4846	3.273213e+03	3934	3.659677e+03	2.230000e+01	223	4.480638e-01	5.278718e-01	
2.240000e+01	224	3928	3.273213e+03	3330	3.659677e+03	2.240000e+01	224	4.588041e-01	5.278718e-01	
2.250000e+01	225	3281	3.273213e+03	4155	3.659677e+03	2.250000e+01	225	5.587682e-01	5.278718e-01	
2.260000e+01	226	2122	3.273213e+03	4481	3.659677e+03	2.260000e+01	226	6.786309e-01	5.278718e-01	
2.270000e+01	227	3058	3.273213e+03	4162	3.659677e+03	2.270000e+01	227	5.764543e-01	5.278718e-01	
2.280000e+01	228	2371	3.273213e+03	3660	3.659677e+03	2.280000e+01	228	6.068645e-01	5.278718e-01	
2.290000e+01	229	4668	3.273213e+03	2759	3.659677e+03	2.290000e+01	229	3.714824e-01	5.278718e-01	
23	230	2767	3.273213e+03	2332	3.659677e+03	23	230	4.573446e-01	5.278718e-01	
2.310000e+01	231	3439	3.273213e+03	3778	3.659677e+03	2.310000e+01	231	5.234862e-01	5.278718e-01	
2.320000e+01	232	3620	3.273213e+03	3939	3.659677e+03	2.320000e+01	232	5.211007e-01	5.278718e-01	
2.330000e+01	233	2642	3.273213e+03	2837	3.659677e+03	2.330000e+01	233	5.177952e-01	5.278718e-01	
2.340000e+01	234	3087	3.273213e+03	4338	3.659677e+03	2.340000e+01	234	5.842424e-01	5.278718e-01	
2.350000e+01	235	3291	3.273213e+03	2577	3.659677e+03	2.350000e+01	235	4.391616e-01	5.278718e-01	
2.360000e+01	236	2754	3.273213e+03	4025	3.659677e+03	2.360000e+01	236	5.937454e-01	5.278718e-01	
2.370000e+01	237	1930	3.273213e+03	2705	3.659677e+03	2.370000e+01	237	5.836030e-01	5.278718e-01	
2.380000e+01	238	2115	3.273213e+03	3729	3.659677e+03	2.380000e+01	238	6.380903e-01	5.278718e-01	
2.390000e+01	239	4161	3.273213e+03	3845	3.659677e+03	2.390000e+01	239	4.802648e-01	5.278718e-01	
24	240	3165	3.273213e+03	3146	3.659677e+03	24	240	4.984947e-01	5.278718e-01	
2.410000e+01	241	4134	3.273213e+03	4769	3.659677e+03	2.410000e+01	241	5.356621e-01	5.278718e-01	
2.420000e+01	242	6485	5.658928e+03	1338	9.357845e+02	2.420000e+01	242	1.710341e-01	1.418992e-01	
2.430000e+01	243	3889	5.658928e+03	8.046000e+02	9.357845e+02	2.430000e+01	243	1.714249e-01	1.418992e-01	
2.440000e+01	244	4583	5.658928e+03	2017	9.357845e+02	2.440000e+01	244	3.056061e-01	1.418992e-01	
2.450000e+01	245	1690	9.529511e+02	8006	6.133594e+03	2.450000e+01	245	8.257013e-01	8.655267e-01	
2.460000e+01	246	1493	9.529511e+02	4923	6.133594e+03	2.460000e+01	246	7.673005e-01	8.655267e-01	
2.470000e+01	247	1485	9.529511e+02	5803	6.133594e+03	2.470000e+01	247	7.962404e-01	8.655267e-01	
2.480000e+01	248	1269	9.529511e+02	7542	6.133594e+03	2.480000e+01	248	8.559755e-01	8.655267e-01	
2.490000e+01	249	1303	9.529511e+02	4743	6.133594e+03	2.490000e+01	249	7.844856e-01	8.655267e-01	
25	250	-247	9.529511e+02	6548	6.133594e+03	25	250	1.039200e+00	8.655267e-01	
2.510000e+01	251	8.261000e+02	9.529511e+02	7020	6.133594e+03	2.510000e+01	251	8.947120e-01	8.655267e-01	
2.520000e+01	252	3.708000e+02	9.529511e+02	4821	6.133594e+03	2.520000e+01	252	9.285797e-01	8.655267e-01	
2.530000e+01	253	1221	9.529511e+02	6869	6.133594e+03	2.530000e+01	253	8.490729e-01	8.655267e-01	
2.540000e+01	254	1355	9.529511e+02	6495	6.133594e+03	2.540000e+01	254	8.273885e-01	8.655267e-01	
2.550000e+01	255	8.992000e+02	9.529511e+02	6132	6.133594e+03	2.550000e+01	255	8.721129e-01	8.655267e-01	
2.560000e+01	256	7.974000e+02	9.529511e+02	5248	6.133594e+03	2.560000e+01	256	8.680981e-01	8.655267e-01	
2.570000e+01	257	1601	9.529511e+02	5655	6.133594e+03	2.570000e+01	257	7.793550e-01	8.655267e-01	
2.580000e+01	258	1406	9.529511e+02	6479	6.133594e+03	2.580000e+01	258	8.216867e-01	8.655267e-01	
2.590000e+01	259	9.522000e+02	9.529511e+02	6308	6.133594e+03	2.590000e+01	259	8.688466e-01	8.655267e-01	
26	260	1102	9.529511e+02	5093	6.133594e+03	26	260	8.221146e-01	8.655267e-01	
2.610000e+01	261	8.553000e+02	9.529511e+02	6667	6.133594e+03	2.610000e+01	261	8.862981e-01	8.655267e-01	
2.620000e+01	262	-7.051000e+02	9.529511e+02	6387	6.133594e+03	2.620000e+01	262	1.124096e+00	8.655267e-01	
2.630000e+01	263	-132	9.529511e+02	5518	6.133594e+03	2.630000e+01	263	1.024508e+00	8.655267e-01	
2.640000e+01	264	1666	9.529511e+02	5399	6.133594e+03	2.640000e+01	264	7.641897e-01	8.655267e-01	
2.650000e+01	265	1459	9.529511e+02	4772	6.133594e+03	2.650000e+01	265	7.658482e-01	8.655267e-01	
2.660000e+01	266	1789	9.529511e+02	6358	6.133594e+03	2.660000e+01	266	7.804100e-01	8.655267e-01	
2.670000e+01	267	1281	9.529511e+02	4768	6.133594e+03	2.670000e+01	267	7.882295e-01	8.655267e-01	
2.680000e+01	268	623	9.529511e+02	7460	6.133594e+03	2.680000e+01	268	9.229247e-01	8.655267e-01	
2.690000e+01	269	1244	9.529511e+02	6376	6.133594e+03	2.690000e+01	269	8.367454e-01	8.655267e-01	
27	270	9.141000e+02	9.529511e+02	6230	6.133594e+03	27	270	8.720483e-01	8.655267e-01	
2.710000e+01	271	3.547000e+02	9.529511e+02	6025	6.133594e+03	2.710000e+01	271	9.444018e-01	8.655267e-01	
2.720000e+01	272	3.607000e+02	9.529511e+02	6729	6.133594e+03	2.720000e+01	272	9.491234e-01	8.655267e-01	
2.730000e+01	273	5.312000e+01	9.529511e+02	6776	6.133594e+03	2.730000e+01	273	9.922215e-01	8.655267e-01	
2.740000e+01	274	6.331000e+02	9.529511e+02	5351	6.133594e+03	2.740000e+01	274	8.942030e-01	8.655267e-01	
2.750000e+01	275	3.348000e+00	9.529511e+02	6001	6.133594e+03	2.750000e+01	275	9.994424e-01	8.655267e-01	
2.760000e+01	276	8.715000e+02	9.529511e+02	5382	6.133594e+03	2.760000e+01	276	8.606380e-01	8.655267e-01	
2.770000e+01	277	1752	9.529511e+02	6475	6.133594e+03	2.770000e+01	277	7.870427e-01	8.655267e-01	
2.780000e+01	278	1915	9.529511e+02	5845	6.133594e+03	2.780000e+01	278	7.532216e-01	8.655267e-01	
2.790000e+01	279	7.784000e+02	9.529511e+02	5927	6.133594e+03	2.790000e+01	279	8.839145e-01	8.655267e-01	
28	280	956	9.529511e+02	5996	6.133594e+03	28	280	8.624856e-01	8.655267e-01	
2.810000e+01	281	1317	9.529511e+02	5935	6.133594e+03	2.810000e+01	281	8.183949e-01	8.655267e-01	
2.820000e+01	282	4.607000e+02	9.529511e+02	6093	6.133594e+03	2.820000e+01	282	9.297038e-01	8.655267e-01	
2.830000e+01	283	1145	9.529511e+02	6842	6.133594e+03	2.830000e+01	283	8.566420e-01	8.655267e-01	
2.840000e+01	284	-3.954000e+01	9.529511e+02	4899	6.133594e+03	2.840000e+01	284	1.008137e+00	8.655267e-01	
2.850000e+01	285	1791	9.529511e+02	4974	6.133594e+03	2.850000e+01	285	7.352550e-01	8.655267e-01	
2.860000e+01	286	1315	9.529511e+02	6124	6.133594e+03	2.860000e+01	286	8.232289e-01	8.655267e-01	
2.870000e+01	287	4.105000e+02	9.529511e+02	4608	6.133594e+03	2.870000e+01	287	9.182027e-01	8.655267e-01	
2.880000e+01	288	6.363000e+02	9.529511e+02	5818	6.133594e+03	2.880000e+01	288	9.014146e-01	8.655267e-01	
2.890000e+01	289	1164	9.529511e+02	4835	6.133594e+03	2.890000e+01	289	8.059677e-01	8.655267e-01	
29	290	871	9.529511e+02	5614	6.133594e+03	29	290	8.656901e-01	8.655267e-01	
2.910000e+01	291	1310	9.529511e+02	5999	6.133594e+03	2.910000e+01	291	8.207689e-01	8.655267e-01	
2.920000e+01	292	1.861000e+02	9.529511e+02	5595	6.133594e+03	2.920000e+01	292	9.678089e-01	8.655267e-01	
2.930000e+01	293	705	9.529511e+02	6158	6.133594e+03	2.930000e+01	293	8.972752e-01	8.655267e-01	
2.940000e+01	294	2.212000e+02	9.529511e+02	5253	6.133594e+03	2.940000e+01	294	9.595923e-01	8.655267e-01	
2.950000e+01	295	1665	9.529511e+02	5700	6.133594e+03	2.950000e+01	295	7.739308e-01	8.655267e-01	
2.960000e+01	296	8.116000e+02	9.529511e+02	6219	6.133594e+03	2.960000e+01	296	8.845618e-01	8.655267e-01	
2.970000e+01	297	2091	9.529511e+02	7309	6.133594e+03	2.970000e+01	297	7.775532e-01	8.655267e-01	
2.980000e+01	298	3.223000e+02	9.529511e+02	5635	6.133594e+03	2.980000e+01	298	9.458983e-01	8.655267e-01	
2.990000e+01	299	3.227000e+01	9.529511e+02	7634	6.133594e+03	2.990000e+01	299	9.957907e-01	8.655267e-01	
30	300	-1.847000e+02	9.529511e+02	6054	6.133594e+03	30	300	1.031469e+00	8.655267e-01	
3.010000e+01	301	1054	9.529511e+02	6967	6.133594e+03	3.010000e+01	301	8.685949e-01	8.655267e-01	
3.020000e+01	302	1393	9.529511e+02	5978	6.133594e+03	3.020000e+01	302	8.110161e-01	8.655267e-01	
3.030000e+01	303	5.314000e+02	9.529511e+02	4675	6.133594e+03	3.030000e+01	303	8.979333e-01	8.655267e-01	
3.040000e+01	304	9.982000e+02	9.529511e+02	5033	6.133594e+03	3.040000e+01	304	8.344940e-01	8.655267e-01	
3.050000e+01	305	1.597000e+01	9.529511e+02	6697	6.133594e+03	3.050000e+01	305	9.976210e-01	8.655267e-01	
3.060000e+01	306	599	9.529511e+02	7874	6.133594e+03	3.060000e+01	306	9.293049e-01	8.655267e-01	
3.070000e+01	307	5.645000e+02	9.529511e+02	6366	6.133594e+03	3.070000e+01	307	9.185484e-01	8.655267e-01	
3.080000e+01	308	5.136000e+02	9.529511e+02	6503	6.133594e+03	3.080000e+01	308	9.268022e-01	8.655267e-01	
3.090000e+01	309	1939	9.529511e+02	6580	6.133594e+03	3.090000e+01	309	7.723911e-01	8.655267e-01	
31	310	1611	9.529511e+02	6413	6.133594e+03	31	310	7.992273e-01	8.655267e-01	
3.110000e+01	311	9.666000e+02	9.529511e+02	5452	6.133594e+03	3.110000e+01	311	8.494064e-01	8.655267e-01	
3.120000e+01	312	3562	3.273213e+03	4099	3.659677e+03	3.120000e+01	312	5.350476e-01	5.278718e-01	
3.130000e+01	313	2703	3.273213e+03	3280	3.659677e+03	3.130000e+01	313	5.482200e-01	5.278718e-01	
3.140000e+01	314	3506	3.273213e+03	3560	3.659677e+03	3.140000e+01	314	5.038211e-01	5.278718e-01	
3.150000e+01	315	3222	3.273213e+03	3424	3.659677e+03	3.150000e+01	315	5.151971e-01	5.278718e-01	
3.160000e+01	316	2843	3.273213e+03	3928	3.659677e+03	3.160000e+01	316	5.801211e-01	5.278718e-01	
3.170000e+01	317	3117	3.273213e+03	2946	3.659677e+03	3.170000e+01	317	4.858981e-01	5.278718e-01	
3.180000e+01	318	3358	3.273213e+03	3663	3.659677e+03	3.180000e+01	318	5.217206e-01	5.278718e-01	
3.190000e+01	319	3153	3.273213e+03	3647	3.659677e+03	3.190000e+01	319	5.363235e-01	5.278718e-01	
32	320	3821	3.273213e+03	5545	3.659677e+03	32	320	5.920350e-01	5.278718e-01	
3.210000e+01	321	2819	3.273213e+03	3563	3.659677e+03	3.210000e+01	321	5.582889e-01	5.278718e-01	
3.220000e+01	322	3449	3.273213e+03	4179	3.659677e+03	3.220000e+01	322	5.478500e-01	5.278718e-01	
3.230000e+01	323	3524	3.273213e+03	2979	3.659677e+03	3.230000e+01	323	4.580963e-01	5.278718e-01	
3.240000e+01	324	3073	3.273213e+03	4046	3.659677e+03	3.240000e+01	324	5.683382e-01	5.278718e-01	
3.250000e+01	325	3115	3.273213e+03	2768	3.659677e+03	3.250000e+01	325	4.705082e-01	5.278718e-01	
3.260000e+01	326	3993	3.273213e+03	4458	3.659677e+03	3.260000e+01	326	5.275115e-01	5.278718e-01	
3.270000e+01	327	2802	3.273213e+03	2713	3.659677e+03	3.270000e+01	327	4.919311e-01	5.278718e-01	
3.280000e+01	328	2430	3.273213e+03	2620	3.659677e+03	3.280000e+01	328	5.188119e-01	5.278718e-01	
3.290000e+01	329	3468	3.273213e+03	2713	3.659677e+03	3.290000e+01	329	4.389257e-01	5.278718e-01	
33	330	4114	3.273213e+03	3364	3.659677e+03	33	330	4.498529e-01	5.278718e-01	
3.310000e+01	331	3385	3.273213e+03	3455	3.659677e+03	3.310000e+01	331	5.051170e-01	5.278718e-01	
3.320000e+01	332	4391	3.273213e+03	1257	3.659677e+03	3.320000e+01	332	2.225567e-01	5.278718e-01	
3.330000e+01	333	6.905000e+02	9.529511e+02	5593	6.133594e+03	3.330000e+01	333	8.901090e-01	8.655267e-01	
3.340000e+01	334	6.625000e+02	9.529511e+02	5905	6.133594e+03	3.340000e+01	334	8.991245e-01	8.655267e-01	
3.350000e+01	335	1207	9.529511e+02	5748	6.133594e+03	3.350000e+01	335	8.264558e-01	8.655267e-01	
3.360000e+01	336	3.405000e+02	9.529511e+02	5441	6.133594e+03	3.360000e+01	336	9.411052e-01	8.655267e-01	
3.370000e+01	337	8.049000e+02	9.529511e+02	6730	6.133594e+03	3.370000e+01	337	8.931771e-01	8.655267e-01	
3.380000e+01	338	1424	9.529511e+02	5633	6.133594e+03	3.380000e+01	338	7.982145e-01	8.655267e-01	
3.390000e+01	339	1601	9.529511e+02	6844	6.133594e+03	3.390000e+01	339	8.104204e-01	8.655267e-01	
34	340	1442	9.529511e+02	5011	6.133594e+03	34	340	7.765380e-01	8.655267e-01	
3.410000e+01	341	2396	9.529511e+02	6051	6.133594e+03	3.410000e+01	341	7.163490e-01	8.655267e-01	
3.420000e+01	342	1554	9.529511e+02	7385	6.133594e+03	3.420000e+01	342	8.261551e-01	8.655267e-01	
3.430000e+01	343	1699	9.529511e+02	6600	6.133594e+03	3.430000e+01	343	7.952765e-01	8.655267e-01	
3.440000e+01	344	1444	9.529511e+02	5250	6.133594e+03	3.440000e+01	344	7.842844e-01	8.655267e-01	
3.450000e+01	345	6199	5.658928e+03	-769	9.357845e+02	3.450000e+01	345	-1.416206e-01	1.418992e-01	
3.460000e+01	346	5808	5.658928e+03	1726	9.357845e+02	3.460000e+01	346	2.290948e-01	1.418992e-01	
3.470000e+01	347	5855	5.658928e+03	5.774000e+02	9.357845e+02	3.470000e+01	347	8.976432e-02	1.418992e-01	
3.480000e+01	348	1052	9.529511e+02	2853	9.357845e+02	3.480000e+01	348	7.306018e-01	1.418992e-01	
3.490000e+01	349	1204	9.529511e+02	4842	6.133594e+03	3.490000e+01	349	8.008601e-01	8.655267e-01	
35	350	1653	9.529511e+02	6099	6.133594e+03	35	350	7.867647e-01	8.655267e-01	
3.510000e+01	351	3.664000e+02	9.529511e+02	6948	6.133594e+03	3.510000e+01	351	9.499070e-01	8.655267e-01	
3.520000e+01	352	1.817000e+02	9.529511e+02	7381	6.133594e+03	3.520000e+01	352	9.759742e-01	8.655267e-01	
3.530000e+01	353	8.711000e+02	9.529511e+02	7351	6.133594e+03	3.530000e+01	353	8.940538e-01	8.655267e-01	
3.540000e+01	354	3.618000e+02	9.529511e+02	6759	6.133594e+03	3.540000e+01	354	9.491911e-01	8.655267e-01	
3.550000e+01	355	2.059000e+02	9.529511e+02	5227	6.133594e+03	3.550000e+01	355	9.621013e-01	8.655267e-01	
3.560000e+01	356	1208	9.529511e+02	5109	6.133594e+03	3.560000e+01	356	8.087700e-01	8.655267e-01	
3.570000e+01	357	2037	9.529511e+02	6453	6.133594e+03	3.570000e+01	357	7.600707e-01	8.655267e-01	
3.580000e+01	358	8.113000e+02	9.529511e+02	6523	6.133594e+03	3.580000e+01	358	8.893828e-01	8.655267e-01	
3.590000e+01	359	6.658000e+02	9.529511e+02	6362	6.133594e+03	3.590000e+01	359	9.052620e-01	8.655267e-01	
36	360	1062	9.529511e+02	5557	6.133594e+03	36	360	8.395528e-01	8.655267e-01	
3.610000e+01	361	5.807000e+02	9.529511e+02	6308	6.133594e+03	3.610000e+01	361	9.157025e-01	8.655267e-01	
3.620000e+01	362	8.288000e+02	9.529511e+02	5356	6.133594e+03	3.620000e+01	362	8.659940e-01	8.655267e-01	
3.630000e+01	363	679	9.529511e+02	4528	6.133594e+03	3.630000e+01	363	8.695986e-01	8.655267e-01	
3.640000e+01	364	4.496000e+02	9.529511e+02	6408	6.133594e+03	3.640000e+01	364	9.344377e-01	8.655267e-01	
3.650000e+01	365	1379	9.529511e+02	5607	6.133594e+03	3.650000e+01	365	8.026052e-01	8.655267e-01	
3.660000e+01	366	1.043000e+02	9.529511e+02	5549	6.133594e+03	3.660000e+01	366	9.815506e-01	8.655267e-01	
3.670000e+01	367	1336	9.529511e+02	6432	6.133594e+03	3.670000e+01	367	8.280124e-01	8.655267e-01	
3.680000e+01	368	1.942000e+02	9.529511e+02	4881	6.133594e+03	3.680000e+01	368	9.617355e-01	8.655267e-01	
3.690000e+01	369	4878	5.658928e+03	1901	9.357845e+02	3.690000e+01	369	2.804248e-01	1.418992e-01	
37	370	5482	5.658928e+03	1454	9.357845e+02	37	370	2.096309e-01	1.418992e-01	
3.710000e+01	371	6204	5.658928e+03	1822	9.357845e+02	3.710000e+01	371	2.270122e-01	1.418992e-01	
3.720000e+01	372	5978	5.658928e+03	1117	9.357845e+02	3.720000e+01	372	1.574348e-01	1.418992e-01	
3.730000e+01	373	4975	5.658928e+03	8.985000e+01	9.357845e+02	3.730000e+01	373	1.773991e-02	1.418992e-01	
3.740000e+01	374	6934	5.658928e+03	1112	9.357845e+02	3.740000e+01	374	1.382053e-01	1.418992e-01	
3.750000e+01	375	6085	5.658928e+03	3.349000e+02	9.357845e+02	3.750000e+01	375	5.216592e-02	1.418992e-01	
3.760000e+01	376	6335	5.658928e+03	8.851000e+02	9.357845e+02	3.760000e+01	376	1.225883e-01	1.418992e-01	
3.770000e+01	377	4837	5.658928e+03	6.434000e+02	9.357845e+02	3.770000e+01	377	1.174002e-01	1.418992e-01	
3.780000e+01	378	5859	5.658928e+03	1396	9.357845e+02	3.780000e+01	378	1.924190e-01	1.418992e-01	
3.790000e+01	379	5481	5.658928e+03	4.084000e+02	9.357845e+02	3.790000e+01	379	6.934492e-02	1.418992e-01	
38	380	4497	5.658928e+03	1638	9.357845e+02	38	380	2.669927e-01	1.418992e-01	
3.810000e+01	381	4271	5.658928e+03	8.231000e+01	9.357845e+02	3.810000e+01	381	1.890745e-02	1.418992e-01	
3.820000e+01	382	5882	5.658928e+03	8.164000e+02	9.357845e+02	3.820000e+01	382	1.218799e-01	1.418992e-01	
3.830000e+01	383	5199	5.658928e+03	5.206000e+02	9.357845e+02	3.830000e+01	383	9.102035e-02	1.418992e-01	
3.840000e+01	384	6054	5.658928e+03	7.835000e+02	9.357845e+02	3.840000e+01	384	1.145887e-01	1.418992e-01	
3.850000e+01	385	5339	5.658928e+03	2.409000e+02	9.357845e+02	3.850000e+01	385	4.317282e-02	1.418992e-01	
3.860000e+01	386	7088	5.658928e+03	-6.768000e+02	9.357845e+02	3.860000e+01	386	-1.055653e-01	1.418992e-01	
3.870000e+01	387	5311	5.658928e+03	7.914000e+02	9.357845e+02	3.870000e+01	387	1.296867e-01	1.418992e-01	
3.880000e+01	388	6640	5.658928e+03	704	9.357845e+02	3.880000e+01	388	9.586057e-02	1.418992e-01	
3.890000e+01	389	3819	3.273213e+03	3690	3.659677e+03	3.890000e+01	389	4.914103e-01	5.278718e-01	
39	390	2648	3.273213e+03	2397	3.659677e+03	39	390	4.751239e-01	5.278718e-01	
3.910000e+01	391	3756	3.273213e+03	4361	3.659677e+03	3.910000e+01	391	5.372675e-01	5.278718e-01	
3.920000e+01	392	3740	3.273213e+03	3353	3.659677e+03	3.920000e+01	392	4.727196e-01	5.278718e-01	
3.930000e+01	393	3408	3.273213e+03	3997	3.659677e+03	3.930000e+01	393	5.397704e-01	5.278718e-01	
3.940000e+01	394	1826	9.529511e+02	4181	3.659677e+03	3.940000e+01	394	6.960213e-01	5.278718e-01	
3.950000e+01	395	1336	9.529511e+02	6018	6.133594e+03	3.950000e+01	395	8.183302e-01	8.655267e-01	
3.960000e+01	396	1754	9.529511e+02	6742	6.133594e+03	3.960000e+01	396	7.935499e-01	8.655267e-01	
3.970000e+01	397	1315	9.529511e+02	4581	6.133594e+03	3.970000e+01	397	7.769674e-01	8.655267e-01	
3.980000e+01	398	1416	9.529511e+02	5119	6.133594e+03	3.980000e+01	398	7.833206e-01	8.655267e-01	
3.990000e+01	399	1226	9.529511e+02	4954	6.133594e+03	3.990000e+01	399	8.016181e-01	8.655267e-01	
40	400	1637	9.529511e+02	5789	6.133594e+03	40	400	7.795583e-01	8.655267e-01	
4.010000e+01	401	6.955000e+02	9.529511e+02	5879	6.133594e+03	4.010000e+01	401	8.942125e-01	8.655267e-01	
4.020000e+01	402	6.363000e+02	9.529511e+02	6418	6.133594e+03	4.020000e+01	402	9.097997e-01	8.655267e-01	
4.030000e+01	403	7.649000e+02	9.529511e+02	6814	6.133594e+03	4.030000e+01	403	8.990751e-01	8.655267e-01	
4.040000e+01	404	1553	9.529511e+02	8041	6.133594e+03	4.040000e+01	404	8.381280e-01	8.655267e-01	
4.050000e+01	405	474	9.529511e+02	5550	6.133594e+03	4.050000e+01	405	9.213147e-01	8.655267e-01	
4.060000e+01	406	1836	9.529511e+02	6939	6.133594e+03	4.060000e+01	406	7.907692e-01	8.655267e-01	
4.070000e+01	407	1882	9.529511e+02	5902	6.133594e+03	4.070000e+01	407	7.582220e-01	8.655267e-01	
4.080000e+01	408	7.902000e+02	9.529511e+02	8016	6.133594e+03	4.080000e+01	408	9.102678e-01	8.655267e-01	
4.090000e+01	409	1012	9.529511e+02	6685	6.133594e+03	4.090000e+01	409	8.685202e-01	8.655267e-01	
41	410	1138	9.529511e+02	5725	6.133594e+03	41	410	8.341833e-01	8.655267e-01	
4.110000e+01	411	572	9.529511e+02	6029	6.133594e+03	4.110000e+01	411	9.133465e-01	8.655267e-01	
4.120000e+01	412	1536	9.529511e+02	5619	6.133594e+03	4.120000e+01	412	7.853249e-01	8.655267e-01	
4.130000e+01	413	1.021000e+02	9.529511e+02	4800	6.133594e+03	4.130000e+01	413	9.791722e-01	8.655267e-01	
4.140000e+01	414	1542	9.529511e+02	5129	6.133594e+03	4.140000e+01	414	7.688502e-01	8.655267e-01	
4.150000e+01	415	1155	9.529511e+02	5751	6.133594e+03	4.150000e+01	415	8.327541e-01	8.655267e-01	
4.160000e+01	416	4.712000e+02	9.529511e+02	7166	6.133594e+03	4.160000e+01	416	9.383020e-01	8.655267e-01	
4.170000e+01	417	315	9.529511e+02	6623	6.133594e+03	4.170000e+01	417	9.545979e-01	8.655267e-01	
4.180000e+01	418	1191	9.529511e+02	8003	6.133594e+03	4.180000e+01	418	8.704590e-01	8.655267e-01	
4.190000e+01	419	1315	9.529511e+02	5874	6.133594e+03	4.190000e+01	419	8.170817e-01	8.655267e-01	
42	420	-4.572000e+01	9.529511e+02	7600	6.133594e+03	42	420	1.006052e+00	8.655267e-01	
4.210000e+01	421	-4.986000e+01	9.529511e+02	6310	6.133594e+03	4.210000e+01	421	1.007965e+00	8.655267e-01	
4.220000e+01	422	1.447000e+02	9.529511e+02	6540	6.133594e+03	4.220000e+01	422	9.783536e-01	8.655267e-01	
4.230000e+01	423	1120	9.529511e+02	7519	6.133594e+03	4.230000e+01	423	8.703554e-01	8.655267e-01	
4.240000e+01	424	3777	5.658928e+03	1670	9.357845e+02	4.240000e+01	424	3.065908e-01	1.418992e-01	
4.250000e+01	425	5661	5.658928e+03	3.109000e+02	9.357845e+02	4.250000e+01	425	5.206048e-02	1.418992e-01	
4.260000e+01	426	5627	5.658928e+03	1.099000e+01	9.357845e+02	4.260000e+01	426	1.949276e-03	1.418992e-01	
4.270000e+01	427	6454	5.658928e+03	2.155000e+02	9.357845e+02	4.270000e+01	427	3.231127e-02	1.418992e-01	
4.280000e+01	428	5969	5.658928e+03	1252	9.357845e+02	4.280000e+01	428	1.733832e-01	1.418992e-01	
4.290000e+01	429	6332	5.658928e+03	1080	9.357845e+02	4.290000e+01	429	1.457097e-01	1.418992e-01	
43	430	6246	5.658928e+03	7.887000e+02	9.357845e+02	43	430	1.121157e-01	1.418992e-01	
4.310000e+01	431	1006	9.529511e+02	6072	6.133594e+03	4.310000e+01	431	8.578695e-01	8.655267e-01	
4.320000e+01	432	1529	9.529511e+02	7073	6.133594e+03	4.320000e+01	432	8.222506e-01	8.655267e-01	
4.330000e+01	433	979	9.529511e+02	7702	6.133594e+03	4.330000e+01	433	8.872250e-01	8.655267e-01	
4.340000e+01	434	1184	9.529511e+02	5602	6.133594e+03	4.340000e+01	434	8.255231e-01	8.655267e-01	
4.350000e+01	435	7.282000e+02	9.529511e+02	5780	6.133594e+03	4.350000e+01	435	8.881104e-01	8.655267e-01	
4.360000e+01	436	1763	9.529511e+02	5241	6.133594e+03	4.360000e+01	436	7.482867e-01	8.655267e-01	
4.370000e+01	437	4.741000e+02	9.529511e+02	5953	6.133594e+03	4.370000e+01	437	9.262342e-01	8.655267e-01	
4.380000e+01	438	1.605000e+02	9.529511e+02	6515	6.133594e+03	4.380000e+01	438	9.759569e-01	8.655267e-01	
4.390000e+01	439	1159	9.529511e+02	5497	6.133594e+03	4.390000e+01	439	8.258714e-01	8.655267e-01	
44	440	1149	9.529511e+02	4944	6.133594e+03	44	440	8.114229e-01	8.655267e-01	
4.410000e+01	441	1172	9.529511e+02	6617	6.133594e+03	4.410000e+01	441	8.495314e-01	8.655267e-01	
4.420000e+01	442	1339	9.529511e+02	6361	6.133594e+03	4.420000e+01	442	8.261039e-01	8.655267e-01	
4.430000e+01	443	1796	9.529511e+02	7514	6.133594e+03	4.430000e+01	443	8.070892e-01	8.655267e-01	
4.440000e+01	444	9.142000e+01	9.529511e+02	5993	6.133594e+03	4.440000e+01	444	9.849747e-01	8.655267e-01	
4.450000e+01	445	1169	9.529511e+02	7369	6.133594e+03	4.450000e+01	445	8.630827e-01	8.655267e-01	
4.460000e+01	446	7.757000e+02	9.529511e+02	6638	6.133594e+03	4.460000e+01	446	8.953694e-01	8.655267e-01	
4.470000e+01	447	634	9.529511e+02	6888	6.133594e+03	4.470000e+01	447	9.157139e-01	8.655267e-01	
4.480000e+01	448	1005	9.529511e+02	6067	6.133594e+03	4.480000e+01	448	8.578903e-01	8.655267e-01	
4.490000e+01	449	1688	9.529511e+02	6690	6.133594e+03	4.490000e+01	449	7.985199e-01	8.655267e-01	
45	450	1009	9.529511e+02	5202	6.133594e+03	45	450	8.375463e-01	8.655267e-01	
4.510000e+01	451	3.186000e+02	9.529511e+02	7213	6.133594e+03	4.510000e+01	451	9.576982e-01	8.655267e-01	
4.520000e+01	452	5.516000e+02	9.529511e+02	6240	6.133594e+03	4.520000e+01	452	9.187820e-01	8.655267e-01	
4.530000e+01	453	2164	9.529511e+02	5711	6.133594e+03	4.530000e+01	453	7.252063e-01	8.655267e-01	
4.540000e+01	454	-3.211000e+02	9.529511e+02	5699	6.133594e+03	4.540000e+01	454	1.059707e+00	8.655267e-01	
4.550000e+01	455	7.519000e+02	9.529511e+02	6600	6.133594e+03	4.550000e+01	455	8.977271e-01	8.655267e-01	
4.560000e+01	456	1748	9.529511e+02	6029	6.133594e+03	4.560000e+01	456	7.752347e-01	8.655267e-01	
4.570000e+01	457	9.982000e+02	9.529511e+02	5832	6.133594e+03	4.570000e+01	457	8.538549e-01	8.655267e-01	
4.580000e+01	458	1716	9.529511e+02	5349	6.133594e+03	4.580000e+01	458	7.571125e-01	8.655267e-01	
4.590000e+01	459	1072	9.529511e+02	6355	6.133594e+03	4.590000e+01	459	8.556618e-01	8.655267e-01	
46	460	1135	9.529511e+02	6556	6.133594e+03	46	460	8.524249e-01	8.655267e-01	
4.610000e+01	461	2191	9.529511e+02	6422	6.133594e+03	4.610000e+01	461	7.456171e-01	8.655267e-01	
4.620000e+01	462	1235	9.529511e+02	6366	6.133594e+03	4.620000e+01	462	8.375214e-01	8.655267e-01	
4.630000e+01	463	-5.166000e+02	9.529511e+02	6344	6.133594e+03	4.630000e+01	463	1.088650e+00	8.655267e-01	
4.640000e+01	464	6.332000e+01	9.529511e+02	6647	6.133594e+03	4.640000e+01	464	9.905638e-01	8.655267e-01	
4.650000e+01	465	7.896000e+02	9.529511e+02	6464	6.133594e+03	4.650000e+01	465	8.911437e-01	8.655267e-01	
4.660000e+01	466	1143	9.529511e+02	6805	6.133594e+03	4.660000e+01	466	8.561902e-01	8.655267e-01	
4.670000e+01	467	5.973000e+02	9.529511e+02	6801	6.133594e+03	4.670000e+01	467	9.192652e-01	8.655267e-01	
4.680000e+01	468	190	9.529511e+02	5643	6.133594e+03	4.680000e+01	468	9.674267e-01	8.655267e-01	
4.690000e+01	469	8.218000e+02	9.529511e+02	5574	6.133594e+03	4.690000e+01	469	8.715094e-01	8.655267e-01	
47	470	1372	9.529511e+02	4618	6.133594e+03	47	470	7.709516e-01	8.655267e-01	
4.710000e+01	471	1.079000e+02	9.529511e+02	5568	6.133594e+03	4.710000e+01	471	9.809898e-01	8.655267e-01	
4.720000e+01	472	5296	5.658928e+03	1073	9.357845e+02	4.720000e+01	472	1.684723e-01	1.418992e-01	
4.730000e+01	473	5556	5.658928e+03	1402	9.357845e+02	4.730000e+01	473	2.014947e-01	1.418992e-01	
4.740000e+01	474	5549	5.658928e+03	1321	9.357845e+02	4.740000e+01	474	1.922853e-01	1.418992e-01	
4.750000e+01	475	6041	5.658928e+03	6.272000e+02	9.357845e+02	4.750000e+01	475	9.405837e-02	1.418992e-01	
4.760000e+01	476	4346	5.658928e+03	6.788000e+02	9.357845e+02	4.760000e+01	476	1.350900e-01	1.418992e-01	
4.770000e+01	477	5022	5.658928e+03	2.958000e+02	9.357845e+02	4.770000e+01	477	5.562451e-02	1.418992e-01	
4.780000e+01	478	5285	5.658928e+03	1427	9.357845e+02	4.780000e+01	478	2.126043e-01	1.418992e-01	
4.790000e+01	479	6654	5.658928e+03	1592	9.357845e+02	4.790000e+01	479	1.930633e-01	1.418992e-01	
48	480	3058	5.658928e+03	4020	6.133594e+03	48	480	5.679571e-01	1.418992e-01	
4.810000e+01	481	1701	9.529511e+02	5551	6.133594e+03	4.810000e+01	481	7.654440e-01	8.655267e-01	
4.820000e+01	482	5.753000e+02	9.529511e+02	7208	6.133594e+03	4.820000e+01	482	9.260853e-01	8.655267e-01	
4.830000e+01	483	6.588000e+02	9.529511e+02	4922	6.133594e+03	4.830000e+01	483	8.819524e-01	8.655267e-01	
4.840000e+01	484	5.351000e+02	9.529511e+02	6215	6.133594e+03	4.840000e+01	484	9.207271e-01	8.655267e-01	
4.850000e+01	485	1221	9.529511e+02	7420	6.133594e+03	4.850000e+01	485	8.586969e-01	8.655267e-01	
4.860000e+01	486	6.564000e+02	9.529511e+02	6077	6.133594e+03	4.860000e+01	486	9.025158e-01	8.655267e-01	
4.870000e+01	487	4.933000e+02	9.529511e+02	6677	6.133594e+03	4.870000e+01	487	9.312023e-01	8.655267e-01	
4.880000e+01	488	1.751000e+02	9.529511e+02	6805	6.133594e+03	4.880000e+01	488	9.749144e-01	8.655267e-01	
4.890000e+01	489	1172	9.529511e+02	6277	6.133594e+03	4.890000e+01	489	8.426634e-01	8.655267e-01	
49	490	-1.385000e+02	9.529511e+02	6981	6.133594e+03	49	490	1.020241e+00	8.655267e-01	
4.910000e+01	491	-1.479000e+02	9.529511e+02	6942	6.133594e+03	4.910000e+01	491	1.021769e+00	8.655267e-01	
4.920000e+01	492	9.018000e+02	9.529511e+02	7204	6.133594e+03	4.920000e+01	492	8.887463e-01	8.655267e-01	
4.930000e+01	493	2.611000e+02	9.529511e+02	7440	6.133594e+03	4.930000e+01	493	9.660958e-01	8.655267e-01	
4.940000e+01	494	1059	9.529511e+02	6679	6.133594e+03	4.940000e+01	494	8.631429e-01	8.655267e-01	
4.950000e+01	495	1977	9.529511e+02	6150	6.133594e+03	4.950000e+01	495	7.567368e-01	8.655267e-01	
4.960000e+01	496	1150	9.529511e+02	5899	6.133594e+03	4.960000e+01	496	8.368563e-01	8.655267e-01	
4.970000e+01	497	4.379000e+02	9.529511e+02	5886	6.133594e+03	4.970000e+01	497	9.307548e-01	8.655267e-01	
4.980000e+01	498	4.914000e+02	9.529511e+02	6214	6.133594e+03	4.980000e+01	498	9.267158e-01	8.655267e-01	
4.990000e+01	499	2.747000e+02	9.529511e+02	4694	6.133594e+03	4.990000e+01	499	9.447139e-01	8.655267e-01	
50	500	6.107000e+02	9.529511e+02	7016	6.133594e+03	50	500	9.199260e-01	8.655267e-01	
5.010000e+01	501	1149	9.529511e+02	6580	6.133594e+03	5.010000e+01	501	8.513391e-01	8.655267e-01	
5.020000e+01	502	1434	9.529511e+02	5150	6.133594e+03	5.020000e+01	502	7.821993e-01	8.655267e-01	
5.030000e+01	503	1158	9.529511e+02	5715	6.133594e+03	5.030000e+01	503	8.315146e-01	8.655267e-01	
5.040000e+01	504	1342	9.529511e+02	5414	6.133594e+03	5.040000e+01	504	8.013618e-01	8.655267e-01	
5.050000e+01	505	-2.661000e+02	9.529511e+02	6473	6.133594e+03	5.050000e+01	505	1.042872e+00	8.655267e-01	
5.060000e+01	506	8.764000e+02	9.529511e+02	6012	6.133594e+03	5.060000e+01	506	8.727716e-01	8.655267e-01	
5.070000e+01	507	1475	9.529511e+02	6191	6.133594e+03	5.070000e+01	507	8.075920e-01	8.655267e-01	
5.080000e+01	508	902	9.529511e+02	6001	6.133594e+03	5.080000e+01	508	8.693322e-01	8.655267e-01	
5.090000e+01	509	8.799000e+02	9.529511e+02	6049	6.133594e+03	5.090000e+01	509	8.730101e-01	8.655267e-01	
51	510	1045	9.529511e+02	6592	6.133594e+03	51	510	8.631662e-01	8.655267e-01	
5.110000e+01	511	8.171000e+02	9.529511e+02	5256	6.133594e+03	5.110000e+01	511	8.654559e-01	8.655267e-01	
5.120000e+01	512	-1.786000e+02	9.529511e+02	5950	6.133594e+03	5.120000e+01	512	1.030946e+00	8.655267e-01	
5.130000e+01	513	1385	9.529511e+02	7705	6.133594e+03	5.130000e+01	513	8.476348e-01	8.655267e-01	
5.140000e+01	514	8.637000e+02	9.529511e+02	6871	6.133594e+03	5.140000e+01	514	8.883344e-01	8.655267e-01	
5.150000e+01	515	1862	9.529511e+02	5501	6.133594e+03	5.150000e+01	515	7.471139e-01	8.655267e-01	
5.160000e+01	516	1.014000e+02	9.529511e+02	5473	6.133594e+03	5.160000e+01	516	9.818097e-01	8.655267e-01	
5.170000e+01	517	1101	9.529511e+02	7051	6.133594e+03	5.170000e+01	517	8.649411e-01	8.655267e-01	
5.180000e+01	518	1778	9.529511e+02	6611	6.133594e+03	5.180000e+01	518	7.880558e-01	8.655267e-01	
5.190000e+01	519	7.551000e+02	9.529511e+02	7967	6.133594e+03	5.190000e+01	519	9.134268e-01	8.655267e-01	
52	520	1210	9.529511e+02	5968	6.133594e+03	52	520	8.314294e-01	8.655267e-01	
5.210000e+01	521	1696	9.529511e+02	6359	6.133594e+03	5.210000e+01	521	7.894475e-01	8.655267e-01	
5.220000e+01	522	9.124000e+02	9.529511e+02	6913	6.133594e+03	5.220000e+01	522	8.834053e-01	8.655267e-01	
5.230000e+01	523	1312	9.529511e+02	5697	6.133594e+03	5.230000e+01	523	8.128121e-01	8.655267e-01	
5.240000e+01	524	1942	9.529511e+02	6935	6.133594e+03	5.240000e+01	524	7.812324e-01	8.655267e-01	
5.250000e+01	525	1007	9.529511e+02	5656	6.133594e+03	5.250000e+01	525	8.488669e-01	8.655267e-01	
5.260000e+01	526	1737	9.529511e+02	5825	6.133594e+03	5.260000e+01	526	7.702989e-01	8.655267e-01	
5.270000e+01	527	7.741000e+02	9.529511e+02	5959	6.133594e+03	5.270000e+01	527	8.850307e-01	8.655267e-01	
5.280000e+01	528	5714	5.658928e+03	2.526000e+02	9.357845e+02	5.280000e+01	528	4.233567e-02	1.418992e-01	
5.290000e+01	529	4842	5.658928e+03	945	9.357845e+02	5.290000e+01	529	1.632970e-01	1.418992e-01	
53	530	5752	5.658928e+03	2.443000e+02	9.357845e+02	53	530	4.074179e-02	1.418992e-01	
5.310000e+01	531	5490	5.658928e+03	2.895000e+02	9.357845e+02	5.310000e+01	531	5.009084e-02	1.418992e-01	
5.320000e+01	532	4673	5.658928e+03	1902	9.357845e+02	5.320000e+01	532	2.892776e-01	1.418992e-01	
5.330000e+01	533	2133	3.273213e+03	2969	3.659677e+03	5.330000e+01	533	5.819287e-01	5.278718e-01	
5.340000e+01	534	3679	3.273213e+03	3840	3.659677e+03	5.340000e+01	534	5.107062e-01	5.278718e-01	
5.350000e+01	535	3263	3.273213e+03	3151	3.659677e+03	5.350000e+01	535	4.912691e-01	5.278718e-01	
5.360000e+01	536	3202	3.273213e+03	3491	3.659677e+03	5.360000e+01	536	5.215897e-01	5.278718e-01	
5.370000e+01	537	3112	3.273213e+03	2707	3.659677e+03	5.370000e+01	537	4.652002e-01	5.278718e-01	
5.380000e+01	538	4004	3.273213e+03	3136	3.659677e+03	5.380000e+01	538	4.392157e-01	5.278718e-01	
5.390000e+01	539	3084	3.273213e+03	3623	3.659677e+03	5.390000e+01	539	5.401819e-01	5.278718e-01	
54	540	2459	3.273213e+03	4605	3.659677e+03	54	540	6.518969e-01	5.278718e-01	
5.410000e+01	541	2661	3.273213e+03	3596	3.659677e+03	5.410000e+01	541	5.747163e-01	5.278718e-01	
5.420000e+01	542	3803	3.273213e+03	4475	3.659677e+03	5.420000e+01	542	5.405895e-01	5.278718e-01	
5.430000e+01	543	3438	3.273213e+03	3356	3.659677e+03	5.430000e+01	543	4.939653e-01	5.278718e-01	
5.440000e+01	544	3428	3.273213e+03	4135	3.659677e+03	5.440000e+01	544	5.467407e-01	5.278718e-01	
5.450000e+01	545	3904	3.273213e+03	3279	3.659677e+03	5.450000e+01	545	4.564945e-01	5.278718e-01	
5.460000e+01	546	3240	3.273213e+03	3641	3.659677e+03	5.460000e+01	546	5.291382e-01	5.278718e-01	
5.470000e+01	547	3853	3.273213e+03	3130	3.659677e+03	5.470000e+01	547	4.482314e-01	5.278718e-01	
5.480000e+01	548	3145	3.273213e+03	3286	3.659677e+03	5.480000e+01	548	5.109625e-01	5.278718e-01	
5.490000e+01	549	3988	3.273213e+03	3421	3.659677e+03	5.490000e+01	549	4.617357e-01	5.278718e-01	
55	550	3358	3.273213e+03	3835	3.659677e+03	55	550	5.331572e-01	5.278718e-01	
5.510000e+01	551	3453	3.273213e+03	3314	3.659677e+03	5.510000e+01	551	4.897296e-01	5.278718e-01	
5.520000e+01	552	3325	3.273213e+03	2396	3.659677e+03	5.520000e+01	552	4.188079e-01	5.278718e-01	
5.530000e+01	553	3759	3.273213e+03	3678	3.659677e+03	5.530000e+01	553	4.945543e-01	5.278718e-01	
5.540000e+01	554	3283	3.273213e+03	3474	3.659677e+03	5.540000e+01	554	5.141335e-01	5.278718e-01	
5.550000e+01	555	3754	3.273213e+03	3475	3.659677e+03	5.550000e+01	555	4.807027e-01	5.278718e-01	
5.560000e+01	556	3936	3.273213e+03	3692	3.659677e+03	5.560000e+01	556	4.840063e-01	5.278718e-01	
5.570000e+01	557	3309	3.273213e+03	2352	3.659677e+03	5.570000e+01	557	4.154743e-01	5.278718e-01	
5.580000e+01	558	3583	3.273213e+03	4591	3.659677e+03	5.580000e+01	558	5.616589e-01	5.278718e-01	
5.590000e+01	559	3613	3.273213e+03	3868	3.659677e+03	5.590000e+01	559	5.170432e-01	5.278718e-01	
56	560	3113	3.273213e+03	3575	3.659677e+03	56	560	5.345395e-01	5.278718e-01	
5.610000e+01	561	3058	3.273213e+03	3684	3.659677e+03	5.610000e+01	561	5.464254e-01	5.278718e-01	
5.620000e+01	562	3000	3.273213e+03	2925	3.659677e+03	5.620000e+01	562	4.936709e-01	5.278718e-01	
5.630000e+01	563	3828	3.273213e+03	3929	3.659677e+03	5.630000e+01	563	5.065102e-01	5.278718e-01	
5.640000e+01	564	3918	3.273213e+03	3975	3.659677e+03	5.640000e+01	564	5.036108e-01	5.278718e-01	
5.650000e+01	565	3511	3.273213e+03	4323	3.659677e+03	5.650000e+01	565	5.518254e-01	5.278718e-01	
5.660000e+01	566	3229	3.273213e+03	3657	3.659677e+03	5.660000e+01	566	5.310775e-01	5.278718e-01	
5.670000e+01	567	1912	3.273213e+03	3176	3.659677e+03	5.670000e+01	567	6.242138e-01	5.278718e-01	
5.680000e+01	568	3810	3.273213e+03	2852	3.659677e+03	5.680000e+01	568	4.280997e-01	5.278718e-01	
5.690000e+01	569	2703	3.273213e+03	3854	3.659677e+03	5.690000e+01	569	5.877688e-01	5.278718e-01	
57	570	2776	3.273213e+03	3156	3.659677e+03	57	570	5.320297e-01	5.278718e-01	
5.710000e+01	571	3013	3.273213e+03	3847	3.659677e+03	5.710000e+01	571	5.607872e-01	5.278718e-01	
5.720000e+01	572	2611	3.273213e+03	2538	3.659677e+03	5.720000e+01	572	4.929112e-01	5.278718e-01	
5.730000e+01	573	3848	3.273213e+03	4178	3.659677e+03	5.730000e+01	573	5.205582e-01	5.278718e-01	
5.740000e+01	574	3938	3.273213e+03	3508	3.659677e+03	5.740000e+01	574	4.711254e-01	5.278718e-01	
5.750000e+01	575	3810	3.273213e+03	3547	3.659677e+03	5.750000e+01	575	4.821259e-01	5.278718e-01	
5.760000e+01	576	4383	3.273213e+03	3957	3.659677e+03	5.760000e+01	576	4.744604e-01	5.278718e-01	
5.770000e+01	577	3212	3.273213e+03	4619	3.659677e+03	5.770000e+01	577	5.898353e-01	5.278718e-01	
5.780000e+01	578	3876	3.273213e+03	4396	3.659677e+03	5.780000e+01	578	5.314313e-01	5.278718e-01	
5.790000e+01	579	3664	3.273213e+03	3665	3.659677e+03	5.790000e+01	579	5.000682e-01	5.278718e-01	
58	580	2147	3.273213e+03	3355	3.659677e+03	58	580	6.097783e-01	5.278718e-01	
5.810000e+01	581	2883	3.273213e+03	3592	3.659677e+03	5.810000e+01	581	5.547490e-01	5.278718e-01	
5.820000e+01	582	2158	3.273213e+03	3358	3.659677e+03	5.820000e+01	582	6.087745e-01	5.278718e-01	
5.830000e+01	583	3959	3.273213e+03	3546	3.659677e+03	5.830000e+01	583	4.724850e-01	5.278718e-01	
5.840000e+01	584	4006	3.273213e+03	3651	3.659677e+03	5.840000e+01	584	4.768186e-01	5.278718e-01	
5.850000e+01	585	3058	3.273213e+03	3666	3.659677e+03	5.850000e+01	585	5.452112e-01	5.278718e-01	
5.860000e+01	586	3099	3.273213e+03	3431	3.659677e+03	5.860000e+01	586	5.254211e-01	5.278718e-01	
5.870000e+01	587	2359	3.273213e+03	3291	3.659677e+03	5.870000e+01	587	5.824779e-01	5.278718e-01	
5.880000e+01	588	2848	3.273213e+03	3380	3.659677e+03	5.880000e+01	588	5.427103e-01	5.278718e-01	
5.890000e+01	589	3513	3.273213e+03	3376	3.659677e+03	5.890000e+01	589	4.900566e-01	5.278718e-01	
59	590	2010	3.273213e+03	3585	3.659677e+03	59	590	6.407507e-01	5.278718e-01	
5.910000e+01	591	3425	3.273213e+03	3674	3.659677e+03	5.910000e+01	591	5.175377e-01	5.278718e-01	
5.920000e+01	592	4161	3.273213e+03	4398	3.659677e+03	5.920000e+01	592	5.138451e-01	5.278718e-01	
5.930000e+01	593	4660	3.273213e+03	4055	3.659677e+03	5.930000e+01	593	4.652897e-01	5.278718e-01	
5.940000e+01	594	2879	3.273213e+03	3725	3.659677e+03	5.940000e+01	594	5.640521e-01	5.278718e-01	
5.950000e+01	595	2335	3.273213e+03	3564	3.659677e+03	5.950000e+01	595	6.041702e-01	5.278718e-01	
5.960000e+01	596	3650	3.273213e+03	2890	3.659677e+03	5.960000e+01	596	4.418960e-01	5.278718e-01	
5.970000e+01	597	2507	3.273213e+03	4148	3.659677e+03	5.970000e+01	597	6.232908e-01	5.278718e-01	
5.980000e+01	598	3398	3.273213e+03	3597	3.659677e+03	5.980000e+01	598	5.142244e-01	5.278718e-01	
5.990000e+01	599	3185	3.273213e+03	4606	3.659677e+03	5.990000e+01	599	5.911950e-01	5.278718e-01	
60	600	3536	3.273213e+03	4975	3.659677e+03	60	600	5.845377e-01	5.278718e-01	
6.010000e+01	601	3586	3.273213e+03	3321	3.659677e+03	6.010000e+01	601	4.808166e-01	5.278718e-01	
6.020000e+01	602	3464	3.273213e+03	3523	3.659677e+03	6.020000e+01	602	5.042221e-01	5.278718e-01	
6.030000e+01	603	4286	3.273213e+03	3341	3.659677e+03	6.030000e+01	603	4.380490e-01	5.278718e-01	
6.040000e+01	604	2928	3.273213e+03	4148	3.659677e+03	6.040000e+01	604	5.862069e-01	5.278718e-01	
6.050000e+01	605	3673	3.273213e+03	3718	3.659677e+03	6.050000e+01	605	5.030442e-01	5.278718e-01	
6.060000e+01	606	2849	3.273213e+03	3231	3.659677e+03	6.060000e+01	606	5.314145e-01	5.278718e-01	
6.070000e+01	607	3439	3.273213e+03	3663	3.659677e+03	6.070000e+01	607	5.157702e-01	5.278718e-01	
6.080000e+01	608	1293	3.273213e+03	4457	3.659677e+03	6.080000e+01	608	7.751304e-01	5.278718e-01	
6.090000e+01	609	3272	3.273213e+03	2762	3.659677e+03	6.090000e+01	609	4.577395e-01	5.278718e-01	
61	610	2245	3.273213e+03	3828	3.659677e+03	61	610	6.303310e-01	5.278718e-01	
6.110000e+01	611	3158	3.273213e+03	3697	3.659677e+03	6.110000e+01	611	5.393144e-01	5.278718e-01	
6.120000e+01	612	2878	3.273213e+03	3342	3.659677e+03	6.120000e+01	612	5.372990e-01	5.278718e-01	
6.130000e+01	613	3195	3.273213e+03	4212	3.659677e+03	6.130000e+01	613	5.686513e-01	5.278718e-01	
6.140000e+01	614	2845	3.273213e+03	4550	3.659677e+03	6.140000e+01	614	6.152806e-01	5.278718e-01	
6.150000e+01	615	3258	3.273213e+03	3294	3.659677e+03	6.150000e+01	615	5.027473e-01	5.278718e-01	
6.160000e+01	616	3680	3.273213e+03	3459	3.659677e+03	6.160000e+01	616	4.845216e-01	5.278718e-01	
6.170000e+01	617	2779	3.273213e+03	3351	3.659677e+03	6.170000e+01	617	5.466558e-01	5.278718e-01	
6.180000e+01	618	3229	3.273213e+03	2597	3.659677e+03	6.180000e+01	618	4.457604e-01	5.278718e-01	
6.190000e+01	619	2411	3.273213e+03	3623	3.659677e+03	6.190000e+01	619	6.004309e-01	5.278718e-01	
62	620	3471	3.273213e+03	3013	3.659677e+03	62	620	4.646823e-01	5.278718e-01	
6.210000e+01	621	2652	3.273213e+03	4087	3.659677e+03	6.210000e+01	621	6.064698e-01	5.278718e-01	
6.220000e+01	622	1428	9.529511e+02	5599	6.133594e+03	6.220000e+01	622	7.967838e-01	8.655267e-01	
6.230000e+01	623	3.373000e+02	9.529511e+02	7118	6.133594e+03	6.230000e+01	623	9.547570e-01	8.655267e-01	
6.240000e+01	624	1058	9.529511e+02	5875	6.133594e+03	6.240000e+01	624	8.473965e-01	8.655267e-01	
6.250000e+01	625	1758	9.529511e+02	4930	6.133594e+03	6.250000e+01	625	7.371411e-01	8.655267e-01	
6.260000e+01	626	5.494000e+02	9.529511e+02	4325	6.133594e+03	6.260000e+01	626	8.872887e-01	8.655267e-01	
6.270000e+01	627	1040	9.529511e+02	5207	6.133594e+03	6.270000e+01	627	8.335201e-01	8.655267e-01	
6.280000e+01	628	8.287000e+02	9.529511e+02	6304	6.133594e+03	6.280000e+01	628	8.838168e-01	8.655267e-01	
6.290000e+01	629	9.034000e+02	9.529511e+02	5795	6.133594e+03	6.290000e+01	629	8.651320e-01	8.655267e-01	
63	630	9.296000e+02	9.529511e+02	4891	6.133594e+03	63	630	8.402914e-01	8.655267e-01	
6.310000e+01	631	4793	5.658928e+03	3089	9.357845e+02	6.310000e+01	631	3.919056e-01	1.418992e-01	
6.320000e+01	632	5318	5.658928e+03	-1.595000e+02	9.357845e+02	6.320000e+01	632	-3.091984e-02	1.418992e-01	
6.330000e+01	633	6331	5.658928e+03	1112	9.357845e+02	6.330000e+01	633	1.494021e-01	1.418992e-01	
6.340000e+01	634	6439	5.658928e+03	2062	9.357845e+02	6.340000e+01	634	2.425597e-01	1.418992e-01	
6.350000e+01	635	3471	3.273213e+03	3090	3.659677e+03	6.350000e+01	635	4.709648e-01	5.278718e-01	
6.360000e+01	636	3118	3.273213e+03	3023	3.659677e+03	6.360000e+01	636	4.922651e-01	5.278718e-01	
6.370000e+01	637	2655	3.273213e+03	3907	3.659677e+03	6.370000e+01	637	5.953977e-01	5.278718e-01	
6.380000e+01	638	3806	3.273213e+03	2582	3.659677e+03	6.380000e+01	638	4.041954e-01	5.278718e-01	
6.390000e+01	639	3727	3.273213e+03	3074	3.659677e+03	6.390000e+01	639	4.519924e-01	5.278718e-01	
64	640	3436	3.273213e+03	3514	3.659677e+03	64	640	5.056115e-01	5.278718e-01	
6.410000e+01	641	4362	3.273213e+03	3477	3.659677e+03	6.410000e+01	641	4.435515e-01	5.278718e-01	
6.420000e+01	642	4650	3.273213e+03	3893	3.659677e+03	6.420000e+01	642	4.556947e-01	5.278718e-01	
6.430000e+01	643	3099	3.273213e+03	3643	3.659677e+03	6.430000e+01	643	5.403441e-01	5.278718e-01	
6.440000e+01	644	2485	3.273213e+03	4125	3.659677e+03	6.440000e+01	644	6.240545e-01	5.278718e-01	
6.450000e+01	645	3848	3.273213e+03	4007	3.659677e+03	6.450000e+01	645	5.101209e-01	5.278718e-01	
6.460000e+01	646	3373	3.273213e+03	4051	3.659677e+03	6.460000e+01	646	5.456627e-01	5.278718e-01	
6.470000e+01	647	3560	3.273213e+03	3030	3.659677e+03	6.470000e+01	647	4.597876e-01	5.278718e-01	
6.480000e+01	648	3531	3.273213e+03	3420	3.659677e+03	6.480000e+01	648	4.920155e-01	5.278718e-01	
6.490000e+01	649	3597	3.273213e+03	3201	3.659677e+03	6.490000e+01	649	4.708738e-01	5.278718e-01	
65	650	3457	3.273213e+03	3543	3.659677e+03	65	650	5.061429e-01	5.278718e-01	
6.510000e+01	651	2053	3.273213e+03	4141	3.659677e+03	6.510000e+01	651	6.685502e-01	5.278718e-01	
6.520000e+01	652	3239	3.273213e+03	3572	3.659677e+03	6.520000e+01	652	5.244457e-01	5.278718e-01	
6.530000e+01	653	3025	3.273213e+03	4755	3.659677e+03	6.530000e+01	653	6.111825e-01	5.278718e-01	
6.540000e+01	654	3450	3.273213e+03	4006	3.659677e+03	6.540000e+01	654	5.372854e-01	5.278718e-01	
6.550000e+01	655	3800	3.273213e+03	4024	3.659677e+03	6.550000e+01	655	5.143149e-01	5.278718e-01	
6.560000e+01	656	4153	3.273213e+03	3179	3.659677e+03	6.560000e+01	656	4.335788e-01	5.278718e-01	
6.570000e+01	657	2474	3.273213e+03	4027	3.659677e+03	6.570000e+01	657	6.194432e-01	5.278718e-01	
6.580000e+01	658	1766	3.273213e+03	2200	3.659677e+03	6.580000e+01	658	5.547151e-01	5.278718e-01	
6.590000e+01	659	4648	3.273213e+03	4158	3.659677e+03	6.590000e+01	659	4.721781e-01	5.278718e-01	
66	660	2509	3.273213e+03	4342	3.659677e+03	66	660	6.337761e-01	5.278718e-01	
6.610000e+01	661	2995	3.273213e+03	3667	3.659677e+03	6.610000e+01	661	5.504353e-01	5.278718e-01	
6.620000e+01	662	1653	3.273213e+03	3334	3.659677e+03	6.620000e+01	662	6.685382e-01	5.278718e-01	
6.630000e+01	663	2885	3.273213e+03	4723	3.659677e+03	6.630000e+01	663	6.207939e-01	5.278718e-01	
6.640000e+01	664	4159	3.273213e+03	4407	3.659677e+03	6.640000e+01	664	5.144758e-01	5.278718e-01	
6.650000e+01	665	3769	3.273213e+03	3647	3.659677e+03	6.650000e+01	665	4.917745e-01	5.278718e-01	
6.660000e+01	666	3409	3.273213e+03	5011	3.659677e+03	6.660000e+01	666	5.951306e-01	5.278718e-01	
6.670000e+01	667	3634	3.273213e+03	4023	3.659677e+03	6.670000e+01	667	5.254016e-01	5.278718e-01	
6.680000e+01	668	3621	3.273213e+03	3958	3.659677e+03	6.680000e+01	668	5.222325e-01	5.278718e-01	
6.690000e+01	669	2796	3.273213e+03	3648	3.659677e+03	6.690000e+01	669	5.661080e-01	5.278718e-01	
67	670	4082	3.273213e+03	2748	3.659677e+03	67	670	4.023426e-01	5.278718e-01	
6.710000e+01	671	3046	3.273213e+03	4217	3.659677e+03	6.710000e+01	671	5.806141e-01	5.278718e-01	
6.720000e+01	672	2815	3.273213e+03	3370	3.659677e+03	6.720000e+01	672	5.448666e-01	5.278718e-01	
6.730000e+01	673	2825	3.273213e+03	3436	3.659677e+03	6.730000e+01	673	5.487941e-01	5.278718e-01	
6.740000e+01	674	2329	3.273213e+03	4531	3.659677e+03	6.740000e+01	674	6.604956e-01	5.278718e-01	
6.750000e+01	675	4104	3.273213e+03	5030	3.659677e+03	6.750000e+01	675	5.506897e-01	5.278718e-01	
6.760000e+01	676	3274	3.273213e+03	3211	3.659677e+03	6.760000e+01	676	4.951426e-01	5.278718e-01	
6.770000e+01	677	2319	3.273213e+03	3743	3.659677e+03	6.770000e+01	677	6.174530e-01	5.278718e-01	
6.780000e+01	678	3425	3.273213e+03	3569	3.659677e+03	6.780000e+01	678	5.102945e-01	5.278718e-01	
6.790000e+01	679	2447	3.273213e+03	2217	3.659677e+03	6.790000e+01	679	4.753431e-01	5.278718e-01	
68	680	3209	3.273213e+03	2901	3.659677e+03	68	680	4.747954e-01	5.278718e-01	
6.810000e+01	681	3734	3.273213e+03	3715	3.659677e+03	6.810000e+01	681	4.987247e-01	5.278718e-01	
6.820000e+01	682	2992	3.273213e+03	3793	3.659677e+03	6.820000e+01	682	5.590273e-01	5.278718e-01	
6.830000e+01	683	4232	3.273213e+03	3290	3.659677e+03	6.830000e+01	683	4.373837e-01	5.278718e-01	
6.840000e+01	684	3107	3.273213e+03	3479	3.659677e+03	6.840000e+01	684	5.282417e-01	5.278718e-01	
6.850000e+01	685	3217	3.273213e+03	3841	3.659677e+03	6.850000e+01	685	5.442052e-01	5.278718e-01	
6.860000e+01	686	3714	3.273213e+03	3225	3.659677e+03	6.860000e+01	686	4.647644e-01	5.278718e-01	
6.870000e+01	687	3035	3.273213e+03	2620	3.659677e+03	6.870000e+01	687	4.633068e-01	5.278718e-01	
6.880000e+01	688	2330	3.273213e+03	2609	3.659677e+03	6.880000e+01	688	5.282446e-01	5.278718e-01	
6.890000e+01	689	3122	3.273213e+03	3345	3.659677e+03	6.890000e+01	689	5.172414e-01	5.278718e-01	
69	690	4068	3.273213e+03	3664	3.659677e+03	69	690	4.738748e-01	5.278718e-01	
6.910000e+01	691	2272	3.273213e+03	3921	3.659677e+03	6.910000e+01	691	6.331342e-01	5.278718e-01	
6.920000e+01	692	3451	3.273213e+03	3802	3.659677e+03	6.920000e+01	692	5.241969e-01	5.278718e-01	
6.930000e+01	693	2526	3.273213e+03	3679	3.659677e+03	6.930000e+01	693	5.929089e-01	5.278718e-01	
6.940000e+01	694	3671	3.273213e+03	4164	3.659677e+03	6.940000e+01	694	5.314614e-01	5.278718e-01	
6.950000e+01	695	3666	3.273213e+03	4336	3.659677e+03	6.950000e+01	695	5.418645e-01	5.278718e-01	
6.960000e+01	696	3336	3.273213e+03	3347	3.659677e+03	6.960000e+01	696	5.008230e-01	5.278718e-01	
6.970000e+01	697	3493	3.273213e+03	2913	3.659677e+03	6.970000e+01	697	4.547299e-01	5.278718e-01	
6.980000e+01	698	4048	3.273213e+03	2879	3.659677e+03	6.980000e+01	698	4.156200e-01	5.278718e-01	
6.990000e+01	699	2864	3.273213e+03	3326	3.659677e+03	6.990000e+01	699	5.373183e-01	5.278718e-01	
70	700	4894	3.273213e+03	3831	3.659677e+03	70	700	4.390831e-01	5.278718e-01	
7.010000e+01	701	3757	3.273213e+03	4280	3.659677e+03	7.010000e+01	701	5.325370e-01	5.278718e-01	
7.020000e+01	702	3995	3.273213e+03	3001	3.659677e+03	7.020000e+01	702	4.289594e-01	5.278718e-01	
7.030000e+01	703	2473	3.273213e+03	4003	3.659677e+03	7.030000e+01	703	6.181285e-01	5.278718e-01	
7.040000e+01	704	2809	3.273213e+03	5009	3.659677e+03	7.040000e+01	704	6.407009e-01	5.278718e-01	
7.050000e+01	705	3060	3.273213e+03	3386	3.659677e+03	7.050000e+01	705	5.252870e-01	5.278718e-01	
7.060000e+01	706	3285	3.273213e+03	4380	3.659677e+03	7.060000e+01	706	5.714286e-01	5.278718e-01	
7.070000e+01	707	4080	3.273213e+03	4506	3.659677e+03	7.070000e+01	707	5.248078e-01	5.278718e-01	
7.080000e+01	708	2652	3.273213e+03	3484	3.659677e+03	7.080000e+01	708	5.677966e-01	5.278718e-01	
7.090000e+01	709	3071	3.273213e+03	3977	3.659677e+03	7.090000e+01	709	5.642736e-01	5.278718e-01	
71	710	4359	3.273213e+03	4537	3.659677e+03	71	710	5.100045e-01	5.278718e-01	
7.110000e+01	711	3540	3.273213e+03	3897	3.659677e+03	7.110000e+01	711	5.240016e-01	5.278718e-01	
7.120000e+01	712	1721	3.273213e+03	5621	3.659677e+03	7.120000e+01	712	7.655952e-01	5.278718e-01	
7.130000e+01	713	6217	5.658928e+03	-2.045000e+02	9.357845e+02	7.130000e+01	713	-3.401247e-02	1.418992e-01	
7.140000e+01	714	5595	5.658928e+03	1056	9.357845e+02	7.140000e+01	714	1.587731e-01	1.418992e-01	
7.150000e+01	715	6569	5.658928e+03	4.874000e+02	9.357845e+02	7.150000e+01	715	6.907205e-02	1.418992e-01	
7.160000e+01	716	4504	5.658928e+03	2.127000e+02	9.357845e+02	7.160000e+01	716	4.509509e-02	1.418992e-01	
7.170000e+01	717	4508	5.658928e+03	-4.501000e+02	9.357845e+02	7.170000e+01	717	-1.109194e-01	0	
