time at 532nm	frame at 532nm	I_1 at 532nm(counts)	discr.I_1 at 532nm(counts)	I_2 at 532nm(counts)	discr.I_2 at 532nm(counts)	time at 532nm	frame at 532nm	FRET_1>2	discr.FRET_1>2	
1.000000e-01	1	4814	3.903874e+03	4872	5.218165e+03	1.000000e-01	1	5.029940e-01	5.720393e-01	
2.000000e-01	2	2405	3.903874e+03	4946	5.218165e+03	2.000000e-01	2	6.728336e-01	5.720393e-01	
3.000000e-01	3	4568	3.903874e+03	4813	5.218165e+03	3.000000e-01	3	5.130583e-01	5.720393e-01	
4.000000e-01	4	3910	3.903874e+03	5295	5.218165e+03	4.000000e-01	4	5.752309e-01	5.720393e-01	
5.000000e-01	5	1937	1.382175e+03	8701	8.905298e+03	5.000000e-01	5	8.179169e-01	8.656448e-01	
6.000000e-01	6	8.546000e+02	1.382175e+03	8548	8.905298e+03	6.000000e-01	6	9.091102e-01	8.656448e-01	
7.000000e-01	7	7.294000e+02	1.382175e+03	7782	8.905298e+03	7.000000e-01	7	9.143032e-01	8.656448e-01	
8.000000e-01	8	3.358000e+01	1.382175e+03	11490	8.905298e+03	8.000000e-01	8	9.970860e-01	8.656448e-01	
9.000000e-01	9	8.254000e+02	1.382175e+03	9623	8.905298e+03	9.000000e-01	9	9.210023e-01	8.656448e-01	
1	10	2804	1.382175e+03	7200	8.905298e+03	1	10	7.197121e-01	8.656448e-01	
1.100000e+00	11	1149	1.382175e+03	9691	8.905298e+03	1.100000e+00	11	8.940037e-01	8.656448e-01	
1.200000e+00	12	2700	1.382175e+03	9735	8.905298e+03	1.200000e+00	12	7.828709e-01	8.656448e-01	
1.300000e+00	13	2233	1.382175e+03	8094	8.905298e+03	1.300000e+00	13	7.837707e-01	8.656448e-01	
1.400000e+00	14	1.499000e+01	1.382175e+03	9051	8.905298e+03	1.400000e+00	14	9.983466e-01	8.656448e-01	
1.500000e+00	15	7.675000e+02	1.382175e+03	9960	8.905298e+03	1.500000e+00	15	9.284549e-01	8.656448e-01	
1.600000e+00	16	2302	1.382175e+03	8909	8.905298e+03	1.600000e+00	16	7.946660e-01	8.656448e-01	
1.700000e+00	17	1569	1.382175e+03	6816	8.905298e+03	1.700000e+00	17	8.128801e-01	8.656448e-01	
1.800000e+00	18	3195	1.382175e+03	7757	8.905298e+03	1.800000e+00	18	7.082725e-01	8.656448e-01	
1.900000e+00	19	1324	1.382175e+03	11150	8.905298e+03	1.900000e+00	19	8.938592e-01	8.656448e-01	
2	20	5.934000e+02	1.382175e+03	9897	8.905298e+03	2	20	9.434340e-01	8.656448e-01	
2.100000e+00	21	3085	1.382175e+03	7643	8.905298e+03	2.100000e+00	21	7.124348e-01	8.656448e-01	
2.200000e+00	22	3.642000e+02	1.382175e+03	9103	8.905298e+03	2.200000e+00	22	9.615303e-01	8.656448e-01	
2.300000e+00	23	6.404000e+02	1.382175e+03	8556	8.905298e+03	2.300000e+00	23	9.303641e-01	8.656448e-01	
2.400000e+00	24	1575	1.382175e+03	9400	8.905298e+03	2.400000e+00	24	8.564920e-01	8.656448e-01	
2.500000e+00	25	1418	1.382175e+03	9992	8.905298e+03	2.500000e+00	25	8.757230e-01	8.656448e-01	
2.600000e+00	26	1422	1.382175e+03	9027	8.905298e+03	2.600000e+00	26	8.639104e-01	8.656448e-01	
2.700000e+00	27	2.741000e+02	1.382175e+03	10440	8.905298e+03	2.700000e+00	27	9.744169e-01	8.656448e-01	
2.800000e+00	28	2715	1.382175e+03	9408	8.905298e+03	2.800000e+00	28	7.760455e-01	8.656448e-01	
2.900000e+00	29	1569	1.382175e+03	7355	8.905298e+03	2.900000e+00	29	8.241820e-01	8.656448e-01	
3	30	2218	1.382175e+03	9312	8.905298e+03	3	30	8.076323e-01	8.656448e-01	
3.100000e+00	31	2096	1.382175e+03	10260	8.905298e+03	3.100000e+00	31	8.303658e-01	8.656448e-01	
3.200000e+00	32	6.714000e+02	1.382175e+03	9694	8.905298e+03	3.200000e+00	32	9.352268e-01	8.656448e-01	
3.300000e+00	33	7.722000e+02	1.382175e+03	9337	8.905298e+03	3.300000e+00	33	9.236141e-01	8.656448e-01	
3.400000e+00	34	1425	1.382175e+03	9829	8.905298e+03	3.400000e+00	34	8.733784e-01	8.656448e-01	
3.500000e+00	35	1252	1.382175e+03	10520	8.905298e+03	3.500000e+00	35	8.936459e-01	8.656448e-01	
3.600000e+00	36	6.773000e+02	1.382175e+03	7838	8.905298e+03	3.600000e+00	36	9.204608e-01	8.656448e-01	
3.700000e+00	37	9.077000e+02	1.382175e+03	9116	8.905298e+03	3.700000e+00	37	9.094446e-01	8.656448e-01	
3.800000e+00	38	4.793000e+02	1.382175e+03	8717	8.905298e+03	3.800000e+00	38	9.478812e-01	8.656448e-01	
3.900000e+00	39	8.581000e+02	1.382175e+03	8090	8.905298e+03	3.900000e+00	39	9.041025e-01	8.656448e-01	
4	40	-2.239000e+02	1.382175e+03	8705	8.905298e+03	4	40	1.026400e+00	8.656448e-01	
4.100000e+00	41	1236	1.382175e+03	9485	8.905298e+03	4.100000e+00	41	8.847122e-01	8.656448e-01	
4.200000e+00	42	1914	1.382175e+03	9259	8.905298e+03	4.200000e+00	42	8.286942e-01	8.656448e-01	
4.300000e+00	43	3441	1.382175e+03	8134	8.905298e+03	4.300000e+00	43	7.027214e-01	8.656448e-01	
4.400000e+00	44	8.292000e+01	1.382175e+03	7845	8.905298e+03	4.400000e+00	44	9.895408e-01	8.656448e-01	
4.500000e+00	45	2347	1.382175e+03	9806	8.905298e+03	4.500000e+00	45	8.068790e-01	8.656448e-01	
4.600000e+00	46	8.676000e+02	1.382175e+03	9366	8.905298e+03	4.600000e+00	46	9.152205e-01	8.656448e-01	
4.700000e+00	47	9.041000e+02	1.382175e+03	8641	8.905298e+03	4.700000e+00	47	9.052812e-01	8.656448e-01	
4.800000e+00	48	3313	1.382175e+03	8804	8.905298e+03	4.800000e+00	48	7.265825e-01	8.656448e-01	
4.900000e+00	49	1106	1.382175e+03	9214	8.905298e+03	4.900000e+00	49	8.928295e-01	8.656448e-01	
5	50	2075	1.382175e+03	9842	8.905298e+03	5	50	8.258790e-01	8.656448e-01	
5.100000e+00	51	2621	1.382175e+03	8856	8.905298e+03	5.100000e+00	51	7.716302e-01	8.656448e-01	
5.200000e+00	52	1938	1.382175e+03	8395	8.905298e+03	5.200000e+00	52	8.124456e-01	8.656448e-01	
5.300000e+00	53	6.033000e+02	1.382175e+03	8856	8.905298e+03	5.300000e+00	53	9.362215e-01	8.656448e-01	
5.400000e+00	54	2296	1.382175e+03	9539	8.905298e+03	5.400000e+00	54	8.059992e-01	8.656448e-01	
5.500000e+00	55	4.266000e+02	1.382175e+03	9474	8.905298e+03	5.500000e+00	55	9.569117e-01	8.656448e-01	
5.600000e+00	56	2192	1.382175e+03	8381	8.905298e+03	5.600000e+00	56	7.926795e-01	8.656448e-01	
5.700000e+00	57	4433	1.382175e+03	9295	8.905298e+03	5.700000e+00	57	6.770833e-01	8.656448e-01	
5.800000e+00	58	1206	1.382175e+03	10020	8.905298e+03	5.800000e+00	58	8.925708e-01	8.656448e-01	
5.900000e+00	59	1177	1.382175e+03	9283	8.905298e+03	5.900000e+00	59	8.874761e-01	8.656448e-01	
6	60	2385	1.382175e+03	7696	8.905298e+03	6	60	7.634163e-01	8.656448e-01	
6.100000e+00	61	3516	1.382175e+03	9699	8.905298e+03	6.100000e+00	61	7.339387e-01	8.656448e-01	
6.200000e+00	62	8.434000e+01	1.382175e+03	7791	8.905298e+03	6.200000e+00	62	9.892906e-01	8.656448e-01	
6.300000e+00	63	8.219000e+02	1.382175e+03	7784	8.905298e+03	6.300000e+00	63	9.044958e-01	8.656448e-01	
6.400000e+00	64	4.759000e+02	1.382175e+03	8529	8.905298e+03	6.400000e+00	64	9.471510e-01	8.656448e-01	
6.500000e+00	65	1307	1.382175e+03	7263	8.905298e+03	6.500000e+00	65	8.474912e-01	8.656448e-01	
6.600000e+00	66	2.236000e+02	1.382175e+03	8287	8.905298e+03	6.600000e+00	66	9.737269e-01	8.656448e-01	
6.700000e+00	67	1887	1.382175e+03	8346	8.905298e+03	6.700000e+00	67	8.155966e-01	8.656448e-01	
6.800000e+00	68	1461	1.382175e+03	7286	8.905298e+03	6.800000e+00	68	8.329713e-01	8.656448e-01	
6.900000e+00	69	1607	1.382175e+03	8806	8.905298e+03	6.900000e+00	69	8.456737e-01	8.656448e-01	
7	70	1.292000e+01	1.382175e+03	8984	8.905298e+03	7	70	9.985640e-01	8.656448e-01	
7.100000e+00	71	1681	1.382175e+03	8516	8.905298e+03	7.100000e+00	71	8.351476e-01	8.656448e-01	
7.200000e+00	72	-7.423000e+01	1.382175e+03	9358	8.905298e+03	7.200000e+00	72	1.007996e+00	8.656448e-01	
7.300000e+00	73	1172	1.382175e+03	6972	8.905298e+03	7.300000e+00	73	8.560904e-01	8.656448e-01	
7.400000e+00	74	-1.466000e+02	1.382175e+03	9520	8.905298e+03	7.400000e+00	74	1.015640e+00	8.656448e-01	
7.500000e+00	75	1042	1.382175e+03	8178	8.905298e+03	7.500000e+00	75	8.869848e-01	8.656448e-01	
7.600000e+00	76	6.357000e+02	1.382175e+03	7024	8.905298e+03	7.600000e+00	76	9.170072e-01	8.656448e-01	
7.700000e+00	77	2840	1.382175e+03	8067	8.905298e+03	7.700000e+00	77	7.396168e-01	8.656448e-01	
7.800000e+00	78	7.136000e+02	1.382175e+03	8174	8.905298e+03	7.800000e+00	78	9.197084e-01	8.656448e-01	
7.900000e+00	79	1924	1.382175e+03	9412	8.905298e+03	7.900000e+00	79	8.302752e-01	8.656448e-01	
8	80	1934	1.382175e+03	6566	8.905298e+03	8	80	7.724706e-01	8.656448e-01	
8.100000e+00	81	-6.516000e+02	1.382175e+03	10630	8.905298e+03	8.100000e+00	81	1.065301e+00	8.656448e-01	
8.200000e+00	82	-8.262000e+02	1.382175e+03	7625	8.905298e+03	8.200000e+00	82	1.121521e+00	8.656448e-01	
8.300000e+00	83	9.339000e+02	1.382175e+03	7481	8.905298e+03	8.300000e+00	83	8.890183e-01	8.656448e-01	
8.400000e+00	84	3601	1.382175e+03	4156	1.422389e+03	8.400000e+00	84	5.357741e-01	8.656448e-01	
8.500000e+00	85	7448	7.757549e+03	2399	1.422389e+03	8.500000e+00	85	2.436275e-01	1.549454e-01	
8.600000e+00	86	7234	7.757549e+03	3.626000e+02	1.422389e+03	8.600000e+00	86	4.773188e-02	1.549454e-01	
8.700000e+00	87	6870	7.757549e+03	1618	1.422389e+03	8.700000e+00	87	1.906221e-01	1.549454e-01	
8.800000e+00	88	6550	7.757549e+03	1551	1.422389e+03	8.800000e+00	88	1.914578e-01	1.549454e-01	
8.900000e+00	89	7877	7.757549e+03	8.113000e+02	1.422389e+03	8.900000e+00	89	9.337845e-02	1.549454e-01	
9	90	7654	7.757549e+03	3.452000e+02	1.422389e+03	9	90	4.315432e-02	1.549454e-01	
9.100000e+00	91	6943	7.757549e+03	8.535000e+02	1.422389e+03	9.100000e+00	91	1.094722e-01	1.549454e-01	
9.200000e+00	92	9669	7.757549e+03	7.514000e+02	1.422389e+03	9.200000e+00	92	7.210856e-02	1.549454e-01	
9.300000e+00	93	7927	7.757549e+03	8.901000e+02	1.422389e+03	9.300000e+00	93	1.009516e-01	1.549454e-01	
9.400000e+00	94	8333	7.757549e+03	-3.703000e+02	1.422389e+03	9.400000e+00	94	-4.650433e-02	1.549454e-01	
9.500000e+00	95	9379	7.757549e+03	3166	1.422389e+03	9.500000e+00	95	2.523715e-01	1.549454e-01	
9.600000e+00	96	9452	7.757549e+03	7.079000e+02	1.422389e+03	9.600000e+00	96	6.967588e-02	1.549454e-01	
9.700000e+00	97	6253	7.757549e+03	7.824000e+02	1.422389e+03	9.700000e+00	97	1.112090e-01	1.549454e-01	
9.800000e+00	98	8083	7.757549e+03	4.433000e+02	1.422389e+03	9.800000e+00	98	5.199207e-02	1.549454e-01	
9.900000e+00	99	7509	7.757549e+03	1253	1.422389e+03	9.900000e+00	99	1.430039e-01	1.549454e-01	
10	100	8811	7.757549e+03	1630	1.422389e+03	10	100	1.561153e-01	1.549454e-01	
1.010000e+01	101	10040	7.757549e+03	1259	1.422389e+03	1.010000e+01	101	1.114258e-01	1.549454e-01	
1.020000e+01	102	8972	7.757549e+03	1442	1.422389e+03	1.020000e+01	102	1.384674e-01	1.549454e-01	
1.030000e+01	103	3480	3.903874e+03	6962	8.905298e+03	1.030000e+01	103	6.667305e-01	6.952282e-01	
1.040000e+01	104	3083	3.903874e+03	9818	8.905298e+03	1.040000e+01	104	7.610263e-01	6.952282e-01	
1.050000e+01	105	1691	1.382175e+03	8580	8.905298e+03	1.050000e+01	105	8.353617e-01	6.952282e-01	
1.060000e+01	106	2247	1.382175e+03	8050	8.905298e+03	1.060000e+01	106	7.817811e-01	6.952282e-01	
1.070000e+01	107	2058	1.382175e+03	9359	8.905298e+03	1.070000e+01	107	8.197425e-01	6.952282e-01	
1.080000e+01	108	1488	1.382175e+03	10680	8.905298e+03	1.080000e+01	108	8.777120e-01	6.952282e-01	
1.090000e+01	109	1185	1.382175e+03	9508	8.905298e+03	1.090000e+01	109	8.891798e-01	6.952282e-01	
11	110	8.899000e+02	1.382175e+03	10030	8.905298e+03	11	110	9.185066e-01	6.952282e-01	
1.110000e+01	111	1825	1.382175e+03	7260	8.905298e+03	1.110000e+01	111	7.991194e-01	6.952282e-01	
1.120000e+01	112	1492	1.382175e+03	8458	8.905298e+03	1.120000e+01	112	8.500503e-01	6.952282e-01	
1.130000e+01	113	8.764000e+02	1.382175e+03	8595	8.905298e+03	1.130000e+01	113	9.074688e-01	6.952282e-01	
1.140000e+01	114	9.654000e+02	1.382175e+03	8893	8.905298e+03	1.140000e+01	114	9.020734e-01	6.952282e-01	
1.150000e+01	115	-1.603000e+02	1.382175e+03	9165	8.905298e+03	1.150000e+01	115	1.017802e+00	6.952282e-01	
1.160000e+01	116	-1.582000e+02	1.382175e+03	9246	8.905298e+03	1.160000e+01	116	1.017408e+00	6.952282e-01	
1.170000e+01	117	1547	1.382175e+03	7428	8.905298e+03	1.170000e+01	117	8.276323e-01	6.952282e-01	
1.180000e+01	118	1441	1.382175e+03	8094	8.905298e+03	1.180000e+01	118	8.488726e-01	6.952282e-01	
1.190000e+01	119	6272	7.757549e+03	3697	1.422389e+03	1.190000e+01	119	3.708496e-01	1.549454e-01	
12	120	7229	7.757549e+03	1557	1.422389e+03	12	120	1.772137e-01	1.549454e-01	
1.210000e+01	121	9080	7.757549e+03	1390	1.422389e+03	1.210000e+01	121	1.327603e-01	1.549454e-01	
1.220000e+01	122	8159	7.757549e+03	1.481000e+01	1.422389e+03	1.220000e+01	122	1.811885e-03	1.549454e-01	
1.230000e+01	123	8413	7.757549e+03	3149	1.422389e+03	1.230000e+01	123	2.723577e-01	1.549454e-01	
1.240000e+01	124	6663	7.757549e+03	2333	1.422389e+03	1.240000e+01	124	2.593375e-01	1.549454e-01	
1.250000e+01	125	3646	3.903874e+03	5341	5.218165e+03	1.250000e+01	125	5.943029e-01	5.720393e-01	
1.260000e+01	126	3158	3.903874e+03	6826	5.218165e+03	1.260000e+01	126	6.836939e-01	5.720393e-01	
1.270000e+01	127	3847	3.903874e+03	4227	5.218165e+03	1.270000e+01	127	5.235323e-01	5.720393e-01	
1.280000e+01	128	4069	3.903874e+03	5669	5.218165e+03	1.280000e+01	128	5.821524e-01	5.720393e-01	
1.290000e+01	129	5343	3.903874e+03	4900	5.218165e+03	1.290000e+01	129	4.783755e-01	5.720393e-01	
13	130	4555	3.903874e+03	3637	5.218165e+03	13	130	4.439697e-01	5.720393e-01	
1.310000e+01	131	4755	3.903874e+03	5486	5.218165e+03	1.310000e+01	131	5.356899e-01	5.720393e-01	
1.320000e+01	132	4976	3.903874e+03	4668	5.218165e+03	1.320000e+01	132	4.840315e-01	5.720393e-01	
1.330000e+01	133	5252	3.903874e+03	5138	5.218165e+03	1.330000e+01	133	4.945140e-01	5.720393e-01	
1.340000e+01	134	3625	3.903874e+03	4481	5.218165e+03	1.340000e+01	134	5.528004e-01	5.720393e-01	
1.350000e+01	135	5094	3.903874e+03	5929	5.218165e+03	1.350000e+01	135	5.378754e-01	5.720393e-01	
1.360000e+01	136	2805	3.903874e+03	6662	5.218165e+03	1.360000e+01	136	7.037076e-01	5.720393e-01	
1.370000e+01	137	3668	3.903874e+03	3098	5.218165e+03	1.370000e+01	137	4.578776e-01	5.720393e-01	
1.380000e+01	138	4251	3.903874e+03	4579	5.218165e+03	1.380000e+01	138	5.185730e-01	5.720393e-01	
1.390000e+01	139	3273	3.903874e+03	4241	5.218165e+03	1.390000e+01	139	5.644131e-01	5.720393e-01	
14	140	3581	3.903874e+03	5699	5.218165e+03	14	140	6.141164e-01	5.720393e-01	
1.410000e+01	141	5998	3.903874e+03	4822	5.218165e+03	1.410000e+01	141	4.456562e-01	5.720393e-01	
1.420000e+01	142	5078	3.903874e+03	4922	5.218165e+03	1.420000e+01	142	4.922000e-01	5.720393e-01	
1.430000e+01	143	2609	3.903874e+03	5371	5.218165e+03	1.430000e+01	143	6.730576e-01	5.720393e-01	
1.440000e+01	144	5116	3.903874e+03	6280	5.218165e+03	1.440000e+01	144	5.510706e-01	5.720393e-01	
1.450000e+01	145	5304	3.903874e+03	5453	5.218165e+03	1.450000e+01	145	5.069257e-01	5.720393e-01	
1.460000e+01	146	5413	3.903874e+03	4956	5.218165e+03	1.460000e+01	146	4.779632e-01	5.720393e-01	
1.470000e+01	147	2552	3.903874e+03	5459	5.218165e+03	1.470000e+01	147	6.814380e-01	5.720393e-01	
1.480000e+01	148	4142	3.903874e+03	6355	5.218165e+03	1.480000e+01	148	6.054111e-01	5.720393e-01	
1.490000e+01	149	5009	3.903874e+03	3860	5.218165e+03	1.490000e+01	149	4.352238e-01	5.720393e-01	
15	150	4512	3.903874e+03	5340	5.218165e+03	15	150	5.420219e-01	5.720393e-01	
1.510000e+01	151	2666	3.903874e+03	4495	5.218165e+03	1.510000e+01	151	6.277056e-01	5.720393e-01	
1.520000e+01	152	4556	3.903874e+03	4556	5.218165e+03	1.520000e+01	152	5.000000e-01	5.720393e-01	
1.530000e+01	153	4180	3.903874e+03	4495	5.218165e+03	1.530000e+01	153	5.181556e-01	5.720393e-01	
1.540000e+01	154	4426	3.903874e+03	5727	5.218165e+03	1.540000e+01	154	5.640697e-01	5.720393e-01	
1.550000e+01	155	4830	3.903874e+03	4839	5.218165e+03	1.550000e+01	155	5.004654e-01	5.720393e-01	
1.560000e+01	156	3290	3.903874e+03	5358	5.218165e+03	1.560000e+01	156	6.195652e-01	5.720393e-01	
1.570000e+01	157	3020	3.903874e+03	8243	8.905298e+03	1.570000e+01	157	7.318654e-01	5.720393e-01	
1.580000e+01	158	4.495000e+02	1.382175e+03	9259	8.905298e+03	1.580000e+01	158	9.537004e-01	8.656448e-01	
1.590000e+01	159	7.022000e+02	1.382175e+03	6147	8.905298e+03	1.590000e+01	159	8.974771e-01	8.656448e-01	
16	160	1035	1.382175e+03	9299	8.905298e+03	16	160	8.998452e-01	8.656448e-01	
1.610000e+01	161	5.426000e+02	1.382175e+03	7754	8.905298e+03	1.610000e+01	161	9.345997e-01	8.656448e-01	
1.620000e+01	162	1.996000e+02	1.382175e+03	8686	8.905298e+03	1.620000e+01	162	9.775367e-01	8.656448e-01	
1.630000e+01	163	2157	1.382175e+03	10370	8.905298e+03	1.630000e+01	163	8.278119e-01	8.656448e-01	
1.640000e+01	164	1428	1.382175e+03	8919	8.905298e+03	1.640000e+01	164	8.619890e-01	8.656448e-01	
1.650000e+01	165	2451	1.382175e+03	9146	8.905298e+03	1.650000e+01	165	7.886522e-01	8.656448e-01	
1.660000e+01	166	3065	1.382175e+03	8442	8.905298e+03	1.660000e+01	166	7.336404e-01	8.656448e-01	
1.670000e+01	167	2061	1.382175e+03	10540	8.905298e+03	1.670000e+01	167	8.364416e-01	8.656448e-01	
1.680000e+01	168	1361	1.382175e+03	8446	8.905298e+03	1.680000e+01	168	8.612216e-01	8.656448e-01	
1.690000e+01	169	9.457000e+02	1.382175e+03	8328	8.905298e+03	1.690000e+01	169	8.980234e-01	8.656448e-01	
17	170	2923	3.903874e+03	7901	8.905298e+03	17	170	7.299520e-01	8.656448e-01	
1.710000e+01	171	4433	3.903874e+03	3870	5.218165e+03	1.710000e+01	171	4.660966e-01	5.720393e-01	
1.720000e+01	172	4392	3.903874e+03	4684	5.218165e+03	1.720000e+01	172	5.160864e-01	5.720393e-01	
1.730000e+01	173	4045	3.903874e+03	5532	5.218165e+03	1.730000e+01	173	5.776339e-01	5.720393e-01	
1.740000e+01	174	4144	3.903874e+03	5729	5.218165e+03	1.740000e+01	174	5.802694e-01	5.720393e-01	
1.750000e+01	175	4162	3.903874e+03	4825	5.218165e+03	1.750000e+01	175	5.368866e-01	5.720393e-01	
1.760000e+01	176	2869	3.903874e+03	5192	5.218165e+03	1.760000e+01	176	6.440888e-01	5.720393e-01	
1.770000e+01	177	2753	3.903874e+03	4168	5.218165e+03	1.770000e+01	177	6.022251e-01	5.720393e-01	
1.780000e+01	178	3781	3.903874e+03	4229	5.218165e+03	1.780000e+01	178	5.279650e-01	5.720393e-01	
1.790000e+01	179	5146	3.903874e+03	5625	5.218165e+03	1.790000e+01	179	5.222356e-01	5.720393e-01	
18	180	2158	3.903874e+03	5443	5.218165e+03	18	180	7.160900e-01	5.720393e-01	
1.810000e+01	181	4038	3.903874e+03	4555	5.218165e+03	1.810000e+01	181	5.300826e-01	5.720393e-01	
1.820000e+01	182	2418	1.382175e+03	6156	5.218165e+03	1.820000e+01	182	7.179846e-01	5.720393e-01	
1.830000e+01	183	1960	1.382175e+03	6696	5.218165e+03	1.830000e+01	183	7.735675e-01	5.720393e-01	
1.840000e+01	184	4.238000e+02	1.382175e+03	8926	8.905298e+03	1.840000e+01	184	9.546728e-01	5.720393e-01	
1.850000e+01	185	2972	1.382175e+03	7894	8.905298e+03	1.850000e+01	185	7.264863e-01	5.720393e-01	
1.860000e+01	186	2217	1.382175e+03	6952	8.905298e+03	1.860000e+01	186	7.582070e-01	5.720393e-01	
1.870000e+01	187	2484	1.382175e+03	11600	8.905298e+03	1.870000e+01	187	8.236297e-01	5.720393e-01	
1.880000e+01	188	3.457000e+02	1.382175e+03	7981	8.905298e+03	1.880000e+01	188	9.584830e-01	5.720393e-01	
1.890000e+01	189	-3.832000e+02	1.382175e+03	8908	8.905298e+03	1.890000e+01	189	1.044951e+00	5.720393e-01	
19	190	1538	1.382175e+03	10520	8.905298e+03	19	190	8.724498e-01	5.720393e-01	
1.910000e+01	191	8.225000e+02	1.382175e+03	8530	8.905298e+03	1.910000e+01	191	9.120556e-01	5.720393e-01	
1.920000e+01	192	750	1.382175e+03	7867	8.905298e+03	1.920000e+01	192	9.129627e-01	5.720393e-01	
1.930000e+01	193	1235	1.382175e+03	10230	8.905298e+03	1.930000e+01	193	8.922809e-01	5.720393e-01	
1.940000e+01	194	3635	1.382175e+03	5822	8.905298e+03	1.940000e+01	194	6.156286e-01	5.720393e-01	
1.950000e+01	195	6569	7.757549e+03	1228	1.422389e+03	1.950000e+01	195	1.574965e-01	1.549454e-01	
1.960000e+01	196	7329	7.757549e+03	1654	1.422389e+03	1.960000e+01	196	1.841256e-01	1.549454e-01	
1.970000e+01	197	8785	7.757549e+03	9.004000e+02	1.422389e+03	1.970000e+01	197	9.296467e-02	1.549454e-01	
1.980000e+01	198	6862	7.757549e+03	3.171000e+02	1.422389e+03	1.980000e+01	198	4.416988e-02	1.549454e-01	
1.990000e+01	199	7653	7.757549e+03	2553	1.422389e+03	1.990000e+01	199	2.501470e-01	1.549454e-01	
20	200	7391	7.757549e+03	2106	1.422389e+03	20	200	2.217542e-01	1.549454e-01	
2.010000e+01	201	8962	7.757549e+03	9.431000e+02	1.422389e+03	2.010000e+01	201	9.521358e-02	1.549454e-01	
2.020000e+01	202	8821	7.757549e+03	1340	1.422389e+03	2.020000e+01	202	1.318768e-01	1.549454e-01	
2.030000e+01	203	6856	7.757549e+03	8.865000e+02	1.422389e+03	2.030000e+01	203	1.144979e-01	1.549454e-01	
2.040000e+01	204	5867	7.757549e+03	4632	1.422389e+03	2.040000e+01	204	4.411849e-01	1.549454e-01	
2.050000e+01	205	1731	1.382175e+03	8770	8.905298e+03	2.050000e+01	205	8.351586e-01	8.656448e-01	
2.060000e+01	206	2.554000e+02	1.382175e+03	10870	8.905298e+03	2.060000e+01	206	9.770435e-01	8.656448e-01	
2.070000e+01	207	1176	1.382175e+03	8406	8.905298e+03	2.070000e+01	207	8.772699e-01	8.656448e-01	
2.080000e+01	208	1216	1.382175e+03	8800	8.905298e+03	2.080000e+01	208	8.785942e-01	8.656448e-01	
2.090000e+01	209	1816	1.382175e+03	8535	8.905298e+03	2.090000e+01	209	8.245580e-01	8.656448e-01	
21	210	1603	1.382175e+03	7901	8.905298e+03	21	210	8.313342e-01	8.656448e-01	
2.110000e+01	211	-2.136000e+02	1.382175e+03	9371	8.905298e+03	2.110000e+01	211	1.023325e+00	8.656448e-01	
2.120000e+01	212	1644	1.382175e+03	10160	8.905298e+03	2.120000e+01	212	8.607252e-01	8.656448e-01	
2.130000e+01	213	2037	1.382175e+03	9722	8.905298e+03	2.130000e+01	213	8.267710e-01	8.656448e-01	
2.140000e+01	214	930	1.382175e+03	9195	8.905298e+03	2.140000e+01	214	9.081481e-01	8.656448e-01	
2.150000e+01	215	8.786000e+02	1.382175e+03	10260	8.905298e+03	2.150000e+01	215	9.211211e-01	8.656448e-01	
2.160000e+01	216	1505	1.382175e+03	8699	8.905298e+03	2.160000e+01	216	8.525088e-01	8.656448e-01	
2.170000e+01	217	2537	1.382175e+03	9628	8.905298e+03	2.170000e+01	217	7.914509e-01	8.656448e-01	
2.180000e+01	218	1016	1.382175e+03	8811	8.905298e+03	2.180000e+01	218	8.966114e-01	8.656448e-01	
2.190000e+01	219	4.429000e+02	1.382175e+03	9426	8.905298e+03	2.190000e+01	219	9.551216e-01	8.656448e-01	
22	220	6.606000e+02	1.382175e+03	9164	8.905298e+03	22	220	9.327606e-01	8.656448e-01	
2.210000e+01	221	2401	1.382175e+03	8544	8.905298e+03	2.210000e+01	221	7.806304e-01	8.656448e-01	
2.220000e+01	222	1679	1.382175e+03	10000	8.905298e+03	2.220000e+01	222	8.562377e-01	8.656448e-01	
2.230000e+01	223	2052	1.382175e+03	8806	8.905298e+03	2.230000e+01	223	8.110149e-01	8.656448e-01	
2.240000e+01	224	2535	1.382175e+03	8104	8.905298e+03	2.240000e+01	224	7.617257e-01	8.656448e-01	
2.250000e+01	225	8.209000e+02	1.382175e+03	8972	8.905298e+03	2.250000e+01	225	9.161740e-01	8.656448e-01	
2.260000e+01	226	2195	1.382175e+03	9504	8.905298e+03	2.260000e+01	226	8.123771e-01	8.656448e-01	
2.270000e+01	227	1539	1.382175e+03	8945	8.905298e+03	2.270000e+01	227	8.532049e-01	8.656448e-01	
2.280000e+01	228	1263	1.382175e+03	8868	8.905298e+03	2.280000e+01	228	8.753331e-01	8.656448e-01	
2.290000e+01	229	1308	1.382175e+03	8759	8.905298e+03	2.290000e+01	229	8.700705e-01	8.656448e-01	
23	230	2728	1.382175e+03	8751	8.905298e+03	23	230	7.623486e-01	8.656448e-01	
2.310000e+01	231	2929	1.382175e+03	8674	8.905298e+03	2.310000e+01	231	7.475653e-01	8.656448e-01	
2.320000e+01	232	1507	1.382175e+03	9574	8.905298e+03	2.320000e+01	232	8.640014e-01	8.656448e-01	
2.330000e+01	233	-1033	1.382175e+03	10300	8.905298e+03	2.330000e+01	233	1.111471e+00	8.656448e-01	
2.340000e+01	234	1388	1.382175e+03	8467	8.905298e+03	2.340000e+01	234	8.591578e-01	8.656448e-01	
2.350000e+01	235	2912	1.382175e+03	9175	8.905298e+03	2.350000e+01	235	7.590800e-01	8.656448e-01	
2.360000e+01	236	4.872000e+02	1.382175e+03	9575	8.905298e+03	2.360000e+01	236	9.515812e-01	8.656448e-01	
2.370000e+01	237	2889	1.382175e+03	9087	8.905298e+03	2.370000e+01	237	7.587675e-01	8.656448e-01	
2.380000e+01	238	1442	1.382175e+03	9171	8.905298e+03	2.380000e+01	238	8.641289e-01	8.656448e-01	
2.390000e+01	239	7.682000e+02	1.382175e+03	10330	8.905298e+03	2.390000e+01	239	9.307816e-01	8.656448e-01	
24	240	1586	1.382175e+03	9668	8.905298e+03	24	240	8.590723e-01	8.656448e-01	
2.410000e+01	241	1204	1.382175e+03	10040	8.905298e+03	2.410000e+01	241	8.929207e-01	8.656448e-01	
2.420000e+01	242	1038	1.382175e+03	10740	8.905298e+03	2.420000e+01	242	9.118696e-01	8.656448e-01	
2.430000e+01	243	3022	1.382175e+03	9835	8.905298e+03	2.430000e+01	243	7.649529e-01	8.656448e-01	
2.440000e+01	244	3491	1.382175e+03	9353	8.905298e+03	2.440000e+01	244	7.281999e-01	8.656448e-01	
2.450000e+01	245	2.902000e+02	1.382175e+03	10440	8.905298e+03	2.450000e+01	245	9.729548e-01	8.656448e-01	
2.460000e+01	246	1029	1.382175e+03	10530	8.905298e+03	2.460000e+01	246	9.109785e-01	8.656448e-01	
2.470000e+01	247	-3.386000e+01	1.382175e+03	8350	8.905298e+03	2.470000e+01	247	1.004072e+00	8.656448e-01	
2.480000e+01	248	2.403000e+02	1.382175e+03	11380	8.905298e+03	2.480000e+01	248	9.793207e-01	8.656448e-01	
2.490000e+01	249	1233	1.382175e+03	9301	8.905298e+03	2.490000e+01	249	8.829504e-01	8.656448e-01	
25	250	-3.381000e+02	1.382175e+03	9019	8.905298e+03	25	250	1.038948e+00	8.656448e-01	
2.510000e+01	251	1925	1.382175e+03	8664	8.905298e+03	2.510000e+01	251	8.182076e-01	8.656448e-01	
2.520000e+01	252	1847	1.382175e+03	10480	8.905298e+03	2.520000e+01	252	8.501663e-01	8.656448e-01	
2.530000e+01	253	2357	1.382175e+03	7858	8.905298e+03	2.530000e+01	253	7.692609e-01	8.656448e-01	
2.540000e+01	254	1926	1.382175e+03	5726	5.218165e+03	2.540000e+01	254	7.483011e-01	8.656448e-01	
2.550000e+01	255	3468	3.903874e+03	5051	5.218165e+03	2.550000e+01	255	5.929100e-01	5.720393e-01	
2.560000e+01	256	4023	3.903874e+03	5805	5.218165e+03	2.560000e+01	256	5.906593e-01	5.720393e-01	
2.570000e+01	257	2495	3.903874e+03	4863	5.218165e+03	2.570000e+01	257	6.609133e-01	5.720393e-01	
2.580000e+01	258	4999	3.903874e+03	6857	5.218165e+03	2.580000e+01	258	5.783570e-01	5.720393e-01	
2.590000e+01	259	2247	3.903874e+03	5769	5.218165e+03	2.590000e+01	259	7.196856e-01	5.720393e-01	
26	260	4224	3.903874e+03	7257	5.218165e+03	26	260	6.320878e-01	5.720393e-01	
2.610000e+01	261	3448	3.903874e+03	5332	5.218165e+03	2.610000e+01	261	6.072893e-01	5.720393e-01	
2.620000e+01	262	4351	3.903874e+03	3713	5.218165e+03	2.620000e+01	262	4.604415e-01	5.720393e-01	
2.630000e+01	263	5496	3.903874e+03	5083	5.218165e+03	2.630000e+01	263	4.804802e-01	5.720393e-01	
2.640000e+01	264	3288	3.903874e+03	3527	5.218165e+03	2.640000e+01	264	5.175348e-01	5.720393e-01	
2.650000e+01	265	4440	3.903874e+03	4450	5.218165e+03	2.650000e+01	265	5.005624e-01	5.720393e-01	
2.660000e+01	266	3501	3.903874e+03	6450	5.218165e+03	2.660000e+01	266	6.481761e-01	5.720393e-01	
2.670000e+01	267	3918	3.903874e+03	5312	5.218165e+03	2.670000e+01	267	5.755146e-01	5.720393e-01	
2.680000e+01	268	2866	3.903874e+03	4652	5.218165e+03	2.680000e+01	268	6.187816e-01	5.720393e-01	
2.690000e+01	269	3850	3.903874e+03	6128	5.218165e+03	2.690000e+01	269	6.141511e-01	5.720393e-01	
27	270	3619	3.903874e+03	6175	5.218165e+03	27	270	6.304881e-01	5.720393e-01	
2.710000e+01	271	3244	3.903874e+03	5611	5.218165e+03	2.710000e+01	271	6.336533e-01	5.720393e-01	
2.720000e+01	272	4965	3.903874e+03	4650	5.218165e+03	2.720000e+01	272	4.836193e-01	5.720393e-01	
2.730000e+01	273	3641	3.903874e+03	5966	5.218165e+03	2.730000e+01	273	6.210055e-01	5.720393e-01	
2.740000e+01	274	4264	3.903874e+03	4852	5.218165e+03	2.740000e+01	274	5.322510e-01	5.720393e-01	
2.750000e+01	275	3839	3.903874e+03	6142	5.218165e+03	2.750000e+01	275	6.153692e-01	5.720393e-01	
2.760000e+01	276	4850	3.903874e+03	3623	5.218165e+03	2.760000e+01	276	4.275935e-01	5.720393e-01	
2.770000e+01	277	2705	3.903874e+03	4822	5.218165e+03	2.770000e+01	277	6.406271e-01	5.720393e-01	
2.780000e+01	278	4726	3.903874e+03	5832	5.218165e+03	2.780000e+01	278	5.523773e-01	5.720393e-01	
2.790000e+01	279	5309	3.903874e+03	4676	5.218165e+03	2.790000e+01	279	4.683025e-01	5.720393e-01	
28	280	4333	3.903874e+03	4842	5.218165e+03	28	280	5.277384e-01	5.720393e-01	
2.810000e+01	281	4499	3.903874e+03	5758	5.218165e+03	2.810000e+01	281	5.613727e-01	5.720393e-01	
2.820000e+01	282	6099	3.903874e+03	5195	5.218165e+03	2.820000e+01	282	4.599787e-01	5.720393e-01	
2.830000e+01	283	4750	3.903874e+03	6279	5.218165e+03	2.830000e+01	283	5.693173e-01	5.720393e-01	
2.840000e+01	284	3049	3.903874e+03	5216	5.218165e+03	2.840000e+01	284	6.310950e-01	5.720393e-01	
2.850000e+01	285	2386	3.903874e+03	4688	5.218165e+03	2.850000e+01	285	6.627085e-01	5.720393e-01	
2.860000e+01	286	2784	3.903874e+03	5477	5.218165e+03	2.860000e+01	286	6.629948e-01	5.720393e-01	
2.870000e+01	287	3480	3.903874e+03	5325	5.218165e+03	2.870000e+01	287	6.047700e-01	5.720393e-01	
2.880000e+01	288	2342	3.903874e+03	3903	5.218165e+03	2.880000e+01	288	6.249800e-01	5.720393e-01	
2.890000e+01	289	3006	3.903874e+03	4103	5.218165e+03	2.890000e+01	289	5.771557e-01	5.720393e-01	
29	290	4283	3.903874e+03	4758	5.218165e+03	29	290	5.262692e-01	5.720393e-01	
2.910000e+01	291	4678	3.903874e+03	3396	5.218165e+03	2.910000e+01	291	4.206094e-01	5.720393e-01	
2.920000e+01	292	4322	3.903874e+03	4762	5.218165e+03	2.920000e+01	292	5.242184e-01	5.720393e-01	
2.930000e+01	293	4838	3.903874e+03	5465	5.218165e+03	2.930000e+01	293	5.304280e-01	5.720393e-01	
2.940000e+01	294	3645	3.903874e+03	4841	5.218165e+03	2.940000e+01	294	5.704690e-01	5.720393e-01	
2.950000e+01	295	2928	3.903874e+03	5537	5.218165e+03	2.950000e+01	295	6.541051e-01	5.720393e-01	
2.960000e+01	296	9.455000e+02	1.382175e+03	9563	8.905298e+03	2.960000e+01	296	9.100252e-01	8.656448e-01	
2.970000e+01	297	-2.083000e+02	1.382175e+03	8247	8.905298e+03	2.970000e+01	297	1.025912e+00	8.656448e-01	
2.980000e+01	298	1181	1.382175e+03	10070	8.905298e+03	2.980000e+01	298	8.950316e-01	8.656448e-01	
2.990000e+01	299	3240	1.382175e+03	7960	8.905298e+03	2.990000e+01	299	7.107143e-01	8.656448e-01	
30	300	-5.041000e+02	1.382175e+03	9714	8.905298e+03	30	300	1.054735e+00	8.656448e-01	
3.010000e+01	301	1167	1.382175e+03	7585	8.905298e+03	3.010000e+01	301	8.666590e-01	8.656448e-01	
3.020000e+01	302	1023	1.382175e+03	9706	8.905298e+03	3.020000e+01	302	9.046509e-01	8.656448e-01	
3.030000e+01	303	7.006000e+02	1.382175e+03	8703	8.905298e+03	3.030000e+01	303	9.254966e-01	8.656448e-01	
3.040000e+01	304	1604	1.382175e+03	9936	8.905298e+03	3.040000e+01	304	8.610052e-01	8.656448e-01	
3.050000e+01	305	7239	7.757549e+03	3485	1.422389e+03	3.050000e+01	305	3.249720e-01	1.549454e-01	
3.060000e+01	306	7072	7.757549e+03	4.752000e+02	1.422389e+03	3.060000e+01	306	6.296375e-02	1.549454e-01	
3.070000e+01	307	8082	7.757549e+03	1990	1.422389e+03	3.070000e+01	307	1.975774e-01	1.549454e-01	
3.080000e+01	308	8228	7.757549e+03	4.399000e+02	1.422389e+03	3.080000e+01	308	5.075047e-02	1.549454e-01	
3.090000e+01	309	8021	7.757549e+03	3194	1.422389e+03	3.090000e+01	309	2.847971e-01	1.549454e-01	
31	310	6881	7.757549e+03	3081	1.422389e+03	31	310	3.092752e-01	1.549454e-01	
3.110000e+01	311	9462	7.757549e+03	2165	1.422389e+03	3.110000e+01	311	1.862045e-01	1.549454e-01	
3.120000e+01	312	7847	7.757549e+03	1038	1.422389e+03	3.120000e+01	312	1.168261e-01	1.549454e-01	
3.130000e+01	313	3002	1.382175e+03	9330	8.905298e+03	3.130000e+01	313	7.565683e-01	8.656448e-01	
3.140000e+01	314	9.939000e+02	1.382175e+03	9320	8.905298e+03	3.140000e+01	314	9.036349e-01	8.656448e-01	
3.150000e+01	315	2781	1.382175e+03	7917	8.905298e+03	3.150000e+01	315	7.400449e-01	8.656448e-01	
3.160000e+01	316	2.211000e+02	1.382175e+03	10860	8.905298e+03	3.160000e+01	316	9.800471e-01	8.656448e-01	
3.170000e+01	317	6.881000e+02	1.382175e+03	6522	8.905298e+03	3.170000e+01	317	9.045644e-01	8.656448e-01	
3.180000e+01	318	9.652000e+02	1.382175e+03	9096	8.905298e+03	3.180000e+01	318	9.040671e-01	8.656448e-01	
3.190000e+01	319	1699	1.382175e+03	9392	8.905298e+03	3.190000e+01	319	8.468127e-01	8.656448e-01	
32	320	8.588000e+02	1.382175e+03	7780	8.905298e+03	32	320	9.005880e-01	8.656448e-01	
3.210000e+01	321	2662	1.382175e+03	8018	8.905298e+03	3.210000e+01	321	7.507491e-01	8.656448e-01	
3.220000e+01	322	2707	1.382175e+03	8901	8.905298e+03	3.220000e+01	322	7.667988e-01	8.656448e-01	
3.230000e+01	323	1276	1.382175e+03	10680	8.905298e+03	3.230000e+01	323	8.932753e-01	8.656448e-01	
3.240000e+01	324	2178	1.382175e+03	10220	8.905298e+03	3.240000e+01	324	8.243265e-01	8.656448e-01	
3.250000e+01	325	1598	1.382175e+03	9130	8.905298e+03	3.250000e+01	325	8.510440e-01	8.656448e-01	
3.260000e+01	326	2034	1.382175e+03	8583	8.905298e+03	3.260000e+01	326	8.084205e-01	8.656448e-01	
3.270000e+01	327	1670	1.382175e+03	8769	8.905298e+03	3.270000e+01	327	8.400230e-01	8.656448e-01	
3.280000e+01	328	1879	1.382175e+03	11300	8.905298e+03	3.280000e+01	328	8.574247e-01	8.656448e-01	
3.290000e+01	329	8.684000e+02	1.382175e+03	7510	8.905298e+03	3.290000e+01	329	8.963525e-01	8.656448e-01	
33	330	8.998000e+02	1.382175e+03	8953	8.905298e+03	33	330	9.086757e-01	8.656448e-01	
3.310000e+01	331	1060	1.382175e+03	7084	8.905298e+03	3.310000e+01	331	8.698428e-01	8.656448e-01	
3.320000e+01	332	1304	1.382175e+03	9111	8.905298e+03	3.320000e+01	332	8.747960e-01	8.656448e-01	
3.330000e+01	333	2560	1.382175e+03	10030	8.905298e+03	3.330000e+01	333	7.966640e-01	8.656448e-01	
3.340000e+01	334	2414	1.382175e+03	10480	8.905298e+03	3.340000e+01	334	8.127811e-01	8.656448e-01	
3.350000e+01	335	2047	1.382175e+03	9272	8.905298e+03	3.350000e+01	335	8.191536e-01	8.656448e-01	
3.360000e+01	336	6849	7.757549e+03	2912	1.422389e+03	3.360000e+01	336	2.983301e-01	1.549454e-01	
3.370000e+01	337	6856	7.757549e+03	4.627000e+01	1.422389e+03	3.370000e+01	337	6.703592e-03	1.549454e-01	
3.380000e+01	338	8677	7.757549e+03	9.869000e+02	1.422389e+03	3.380000e+01	338	1.021223e-01	1.549454e-01	
3.390000e+01	339	7294	7.757549e+03	1724	1.422389e+03	3.390000e+01	339	1.911732e-01	1.549454e-01	
34	340	8804	7.757549e+03	1631	1.422389e+03	34	340	1.563009e-01	1.549454e-01	
3.410000e+01	341	7689	7.757549e+03	7.924000e+02	1.422389e+03	3.410000e+01	341	9.342797e-02	1.549454e-01	
3.420000e+01	342	9291	7.757549e+03	1402	1.422389e+03	3.420000e+01	342	1.311138e-01	1.549454e-01	
3.430000e+01	343	7865	7.757549e+03	1070	1.422389e+03	3.430000e+01	343	1.197538e-01	1.549454e-01	
3.440000e+01	344	8254	7.757549e+03	5.336000e+02	1.422389e+03	3.440000e+01	344	6.072193e-02	1.549454e-01	
3.450000e+01	345	7130	7.757549e+03	1469	1.422389e+03	3.450000e+01	345	1.708338e-01	1.549454e-01	
3.460000e+01	346	8409	7.757549e+03	5.399000e+02	1.422389e+03	3.460000e+01	346	6.033144e-02	1.549454e-01	
3.470000e+01	347	6337	7.757549e+03	1013	1.422389e+03	3.470000e+01	347	1.378231e-01	1.549454e-01	
3.480000e+01	348	8697	7.757549e+03	1660	1.422389e+03	3.480000e+01	348	1.602781e-01	1.549454e-01	
3.490000e+01	349	4714	7.757549e+03	4923	1.422389e+03	3.490000e+01	349	5.108436e-01	1.549454e-01	
35	350	1254	1.382175e+03	8290	8.905298e+03	35	350	8.686085e-01	8.656448e-01	
3.510000e+01	351	5.059000e+02	1.382175e+03	9000	8.905298e+03	3.510000e+01	351	9.467804e-01	8.656448e-01	
3.520000e+01	352	6621	7.757549e+03	2799	1.422389e+03	3.520000e+01	352	2.971338e-01	1.549454e-01	
3.530000e+01	353	8110	7.757549e+03	1351	1.422389e+03	3.530000e+01	353	1.427967e-01	1.549454e-01	
3.540000e+01	354	8257	7.757549e+03	-3.307000e+02	1.422389e+03	3.540000e+01	354	-4.172186e-02	1.549454e-01	
3.550000e+01	355	7653	7.757549e+03	-6.999000e+02	1.422389e+03	3.550000e+01	355	-1.006601e-01	1.549454e-01	
3.560000e+01	356	7415	7.757549e+03	2238	1.422389e+03	3.560000e+01	356	2.318450e-01	1.549454e-01	
3.570000e+01	357	8249	7.757549e+03	1.975000e+02	1.422389e+03	3.570000e+01	357	2.338247e-02	1.549454e-01	
3.580000e+01	358	8632	7.757549e+03	7.699000e+02	1.422389e+03	3.580000e+01	358	8.188770e-02	1.549454e-01	
3.590000e+01	359	7413	7.757549e+03	5.534000e+02	1.422389e+03	3.590000e+01	359	6.946676e-02	1.549454e-01	
36	360	7218	7.757549e+03	1650	1.422389e+03	36	360	1.860622e-01	1.549454e-01	
3.610000e+01	361	7649	7.757549e+03	6.432000e+02	1.422389e+03	3.610000e+01	361	7.756687e-02	1.549454e-01	
3.620000e+01	362	7024	7.757549e+03	6.201000e+02	1.422389e+03	3.620000e+01	362	8.112139e-02	1.549454e-01	
3.630000e+01	363	8628	7.757549e+03	1300	1.422389e+03	3.630000e+01	363	1.309428e-01	1.549454e-01	
3.640000e+01	364	8443	7.757549e+03	831	1.422389e+03	3.640000e+01	364	8.960535e-02	1.549454e-01	
3.650000e+01	365	8807	7.757549e+03	-5.744000e+02	1.422389e+03	3.650000e+01	365	-6.977140e-02	1.549454e-01	
3.660000e+01	366	9389	7.757549e+03	8.546000e+02	1.422389e+03	3.660000e+01	366	8.342770e-02	1.549454e-01	
3.670000e+01	367	7165	7.757549e+03	1074	1.422389e+03	3.670000e+01	367	1.303556e-01	1.549454e-01	
3.680000e+01	368	9238	7.757549e+03	-2.792000e+02	1.422389e+03	3.680000e+01	368	-3.116489e-02	1.549454e-01	
3.690000e+01	369	6680	7.757549e+03	2749	1.422389e+03	3.690000e+01	369	2.915474e-01	1.549454e-01	
37	370	7196	7.757549e+03	-4.791000e+02	1.422389e+03	37	370	-7.132755e-02	1.549454e-01	
3.710000e+01	371	7587	7.757549e+03	1380	1.422389e+03	3.710000e+01	371	1.538976e-01	1.549454e-01	
3.720000e+01	372	7430	7.757549e+03	9.701000e+02	1.422389e+03	3.720000e+01	372	1.154867e-01	1.549454e-01	
3.730000e+01	373	7358	7.757549e+03	1433	1.422389e+03	3.730000e+01	373	1.630076e-01	1.549454e-01	
3.740000e+01	374	9238	7.757549e+03	1217	1.422389e+03	3.740000e+01	374	1.164036e-01	1.549454e-01	
3.750000e+01	375	8676	7.757549e+03	6.588000e+02	1.422389e+03	3.750000e+01	375	7.057462e-02	1.549454e-01	
3.760000e+01	376	7177	7.757549e+03	2022	1.422389e+03	3.760000e+01	376	2.198065e-01	1.549454e-01	
3.770000e+01	377	7917	7.757549e+03	1280	1.422389e+03	3.770000e+01	377	1.391758e-01	1.549454e-01	
3.780000e+01	378	8163	7.757549e+03	8.929000e+02	1.422389e+03	3.780000e+01	378	9.859870e-02	1.549454e-01	
3.790000e+01	379	7593	7.757549e+03	1636	1.422389e+03	3.790000e+01	379	1.772673e-01	1.549454e-01	
38	380	8364	7.757549e+03	1917	1.422389e+03	38	380	1.864605e-01	1.549454e-01	
3.810000e+01	381	6606	7.757549e+03	3107	1.422389e+03	3.810000e+01	381	3.198806e-01	1.549454e-01	
3.820000e+01	382	8377	7.757549e+03	1199	1.422389e+03	3.820000e+01	382	1.252089e-01	1.549454e-01	
3.830000e+01	383	6633	7.757549e+03	4129	5.218165e+03	3.830000e+01	383	3.836647e-01	1.549454e-01	
3.840000e+01	384	3686	3.903874e+03	4744	5.218165e+03	3.840000e+01	384	5.627521e-01	5.720393e-01	
3.850000e+01	385	5291	3.903874e+03	7153	5.218165e+03	3.850000e+01	385	5.748152e-01	5.720393e-01	
3.860000e+01	386	7.142000e+02	3.903874e+03	4351	5.218165e+03	3.860000e+01	386	8.589987e-01	5.720393e-01	
3.870000e+01	387	4609	3.903874e+03	4893	5.218165e+03	3.870000e+01	387	5.149442e-01	5.720393e-01	
3.880000e+01	388	3738	3.903874e+03	4711	5.218165e+03	3.880000e+01	388	5.575808e-01	5.720393e-01	
3.890000e+01	389	6145	3.903874e+03	6405	5.218165e+03	3.890000e+01	389	5.103586e-01	5.720393e-01	
39	390	2916	3.903874e+03	5596	5.218165e+03	39	390	6.574248e-01	5.720393e-01	
3.910000e+01	391	4443	3.903874e+03	4022	5.218165e+03	3.910000e+01	391	4.751329e-01	5.720393e-01	
3.920000e+01	392	4157	3.903874e+03	5236	5.218165e+03	3.920000e+01	392	5.574364e-01	5.720393e-01	
3.930000e+01	393	3134	3.903874e+03	5254	5.218165e+03	3.930000e+01	393	6.263710e-01	5.720393e-01	
3.940000e+01	394	3031	3.903874e+03	6145	5.218165e+03	3.940000e+01	394	6.696818e-01	5.720393e-01	
3.950000e+01	395	4293	3.903874e+03	3723	5.218165e+03	3.950000e+01	395	4.644461e-01	5.720393e-01	
3.960000e+01	396	5214	3.903874e+03	5354	5.218165e+03	3.960000e+01	396	5.066238e-01	5.720393e-01	
3.970000e+01	397	5210	3.903874e+03	5319	5.218165e+03	3.970000e+01	397	5.051762e-01	5.720393e-01	
3.980000e+01	398	1910	3.903874e+03	5712	5.218165e+03	3.980000e+01	398	7.494096e-01	5.720393e-01	
3.990000e+01	399	2496	3.903874e+03	5950	5.218165e+03	3.990000e+01	399	7.044755e-01	5.720393e-01	
40	400	4129	3.903874e+03	7192	5.218165e+03	40	400	6.352796e-01	5.720393e-01	
4.010000e+01	401	4254	3.903874e+03	6997	5.218165e+03	4.010000e+01	401	6.219003e-01	5.720393e-01	
4.020000e+01	402	3185	3.903874e+03	6162	5.218165e+03	4.020000e+01	402	6.592490e-01	5.720393e-01	
4.030000e+01	403	3614	3.903874e+03	5898	5.218165e+03	4.030000e+01	403	6.200589e-01	5.720393e-01	
4.040000e+01	404	3292	3.903874e+03	4961	5.218165e+03	4.040000e+01	404	6.011147e-01	5.720393e-01	
4.050000e+01	405	5041	3.903874e+03	4895	5.218165e+03	4.050000e+01	405	4.926530e-01	5.720393e-01	
4.060000e+01	406	2461	1.382175e+03	4635	5.218165e+03	4.060000e+01	406	6.531849e-01	5.720393e-01	
4.070000e+01	407	1217	1.382175e+03	8873	8.905298e+03	4.070000e+01	407	8.793855e-01	8.656448e-01	
4.080000e+01	408	2068	1.382175e+03	10070	8.905298e+03	4.080000e+01	408	8.296260e-01	8.656448e-01	
4.090000e+01	409	3202	1.382175e+03	8773	8.905298e+03	4.090000e+01	409	7.326096e-01	8.656448e-01	
41	410	2340	1.382175e+03	7715	8.905298e+03	41	410	7.672800e-01	8.656448e-01	
4.110000e+01	411	1945	1.382175e+03	10680	8.905298e+03	4.110000e+01	411	8.459406e-01	8.656448e-01	
4.120000e+01	412	1194	1.382175e+03	7043	8.905298e+03	4.120000e+01	412	8.550443e-01	8.656448e-01	
4.130000e+01	413	-7.016000e+01	1.382175e+03	8907	8.905298e+03	4.130000e+01	413	1.007939e+00	8.656448e-01	
4.140000e+01	414	1320	1.382175e+03	8927	8.905298e+03	4.140000e+01	414	8.711818e-01	8.656448e-01	
4.150000e+01	415	2051	1.382175e+03	6905	8.905298e+03	4.150000e+01	415	7.709915e-01	8.656448e-01	
4.160000e+01	416	4.921000e+02	1.382175e+03	7266	8.905298e+03	4.160000e+01	416	9.365695e-01	8.656448e-01	
4.170000e+01	417	8.192000e+02	1.382175e+03	9254	8.905298e+03	4.170000e+01	417	9.186753e-01	8.656448e-01	
4.180000e+01	418	619	1.382175e+03	7545	8.905298e+03	4.180000e+01	418	9.241793e-01	8.656448e-01	
4.190000e+01	419	9.518000e+02	1.382175e+03	8113	8.905298e+03	4.190000e+01	419	8.950004e-01	8.656448e-01	
42	420	1207	1.382175e+03	7951	8.905298e+03	42	420	8.682027e-01	8.656448e-01	
4.210000e+01	421	2203	1.382175e+03	10670	8.905298e+03	4.210000e+01	421	8.288666e-01	8.656448e-01	
4.220000e+01	422	2640	1.382175e+03	10040	8.905298e+03	4.220000e+01	422	7.917981e-01	8.656448e-01	
4.230000e+01	423	1785	1.382175e+03	8382	8.905298e+03	4.230000e+01	423	8.244320e-01	8.656448e-01	
4.240000e+01	424	699	1.382175e+03	8742	8.905298e+03	4.240000e+01	424	9.259612e-01	8.656448e-01	
4.250000e+01	425	4.263000e+02	1.382175e+03	8739	8.905298e+03	4.250000e+01	425	9.534876e-01	8.656448e-01	
4.260000e+01	426	5.666000e+02	1.382175e+03	7977	8.905298e+03	4.260000e+01	426	9.336814e-01	8.656448e-01	
4.270000e+01	427	1865	1.382175e+03	9321	8.905298e+03	4.270000e+01	427	8.332737e-01	8.656448e-01	
4.280000e+01	428	8.479000e+02	1.382175e+03	7564	8.905298e+03	4.280000e+01	428	8.992023e-01	8.656448e-01	
4.290000e+01	429	7020	7.757549e+03	3404	1.422389e+03	4.290000e+01	429	3.265541e-01	1.549454e-01	
43	430	6984	7.757549e+03	1435	1.422389e+03	43	430	1.704478e-01	1.549454e-01	
4.310000e+01	431	9087	7.757549e+03	-8.083000e+01	1.422389e+03	4.310000e+01	431	-8.974958e-03	1.549454e-01	
4.320000e+01	432	4830	7.757549e+03	1.259000e+02	1.422389e+03	4.320000e+01	432	2.540406e-02	1.549454e-01	
4.330000e+01	433	7846	7.757549e+03	7.468000e+02	1.422389e+03	4.330000e+01	433	8.690997e-02	1.549454e-01	
4.340000e+01	434	7139	7.757549e+03	329	1.422389e+03	4.340000e+01	434	4.405463e-02	1.549454e-01	
4.350000e+01	435	8621	7.757549e+03	2204	1.422389e+03	4.350000e+01	435	2.036028e-01	1.549454e-01	
4.360000e+01	436	6500	7.757549e+03	3155	1.422389e+03	4.360000e+01	436	3.267737e-01	1.549454e-01	
4.370000e+01	437	3402	3.903874e+03	3628	5.218165e+03	4.370000e+01	437	5.160740e-01	5.720393e-01	
4.380000e+01	438	4600	3.903874e+03	4254	5.218165e+03	4.380000e+01	438	4.804608e-01	5.720393e-01	
4.390000e+01	439	5847	3.903874e+03	4792	5.218165e+03	4.390000e+01	439	4.504183e-01	5.720393e-01	
44	440	4950	3.903874e+03	5090	5.218165e+03	44	440	5.069721e-01	5.720393e-01	
4.410000e+01	441	3530	3.903874e+03	5291	5.218165e+03	4.410000e+01	441	5.998186e-01	5.720393e-01	
4.420000e+01	442	4401	3.903874e+03	5118	5.218165e+03	4.420000e+01	442	5.376615e-01	5.720393e-01	
4.430000e+01	443	4282	3.903874e+03	4187	5.218165e+03	4.430000e+01	443	4.943913e-01	5.720393e-01	
4.440000e+01	444	3975	3.903874e+03	3073	5.218165e+03	4.440000e+01	444	4.360102e-01	5.720393e-01	
4.450000e+01	445	2949	3.903874e+03	4497	5.218165e+03	4.450000e+01	445	6.039484e-01	5.720393e-01	
4.460000e+01	446	2788	3.903874e+03	4053	5.218165e+03	4.460000e+01	446	5.924572e-01	5.720393e-01	
4.470000e+01	447	2544	3.903874e+03	5471	5.218165e+03	4.470000e+01	447	6.825951e-01	5.720393e-01	
4.480000e+01	448	3740	3.903874e+03	5046	5.218165e+03	4.480000e+01	448	5.743228e-01	5.720393e-01	
4.490000e+01	449	5965	3.903874e+03	3263	5.218165e+03	4.490000e+01	449	3.535977e-01	5.720393e-01	
45	450	4331	3.903874e+03	6425	5.218165e+03	45	450	5.973410e-01	5.720393e-01	
4.510000e+01	451	4067	3.903874e+03	3997	5.218165e+03	4.510000e+01	451	4.956597e-01	5.720393e-01	
4.520000e+01	452	2862	3.903874e+03	6494	5.218165e+03	4.520000e+01	452	6.941000e-01	5.720393e-01	
4.530000e+01	453	4120	3.903874e+03	4361	5.218165e+03	4.530000e+01	453	5.142082e-01	5.720393e-01	
4.540000e+01	454	3517	3.903874e+03	3461	5.218165e+03	4.540000e+01	454	4.959874e-01	5.720393e-01	
4.550000e+01	455	4560	3.903874e+03	7736	5.218165e+03	4.550000e+01	455	6.291477e-01	5.720393e-01	
4.560000e+01	456	2685	3.903874e+03	4578	5.218165e+03	4.560000e+01	456	6.303181e-01	5.720393e-01	
4.570000e+01	457	4788	3.903874e+03	5836	5.218165e+03	4.570000e+01	457	5.493223e-01	5.720393e-01	
4.580000e+01	458	3678	3.903874e+03	4652	5.218165e+03	4.580000e+01	458	5.584634e-01	5.720393e-01	
4.590000e+01	459	3807	3.903874e+03	3838	5.218165e+03	4.590000e+01	459	5.020275e-01	5.720393e-01	
46	460	4358	3.903874e+03	5258	5.218165e+03	46	460	5.467970e-01	5.720393e-01	
4.610000e+01	461	6.515000e+02	1.382175e+03	9620	8.905298e+03	4.610000e+01	461	9.365721e-01	8.656448e-01	
4.620000e+01	462	4.428000e+02	1.382175e+03	9386	8.905298e+03	4.620000e+01	462	9.549487e-01	8.656448e-01	
4.630000e+01	463	1285	1.382175e+03	9899	8.905298e+03	4.630000e+01	463	8.851037e-01	8.656448e-01	
4.640000e+01	464	9.638000e+02	1.382175e+03	7504	8.905298e+03	4.640000e+01	464	8.861806e-01	8.656448e-01	
4.650000e+01	465	3213	1.382175e+03	8799	8.905298e+03	4.650000e+01	465	7.325175e-01	8.656448e-01	
4.660000e+01	466	6.773000e+02	1.382175e+03	10060	8.905298e+03	4.660000e+01	466	9.369208e-01	8.656448e-01	
4.670000e+01	467	2010	1.382175e+03	11280	8.905298e+03	4.670000e+01	467	8.487585e-01	8.656448e-01	
4.680000e+01	468	8.151000e+02	1.382175e+03	11680	8.905298e+03	4.680000e+01	468	9.347664e-01	8.656448e-01	
4.690000e+01	469	1197	1.382175e+03	8872	8.905298e+03	4.690000e+01	469	8.811203e-01	8.656448e-01	
47	470	9.242000e+02	1.382175e+03	9261	8.905298e+03	47	470	9.092605e-01	8.656448e-01	
4.710000e+01	471	2836	1.382175e+03	6864	8.905298e+03	4.710000e+01	471	7.076289e-01	8.656448e-01	
4.720000e+01	472	1159	1.382175e+03	7920	8.905298e+03	4.720000e+01	472	8.723428e-01	8.656448e-01	
4.730000e+01	473	1505	1.382175e+03	8336	8.905298e+03	4.730000e+01	473	8.470684e-01	8.656448e-01	
4.740000e+01	474	-5.927000e+01	1.382175e+03	10200	8.905298e+03	4.740000e+01	474	1.005845e+00	8.656448e-01	
4.750000e+01	475	1317	1.382175e+03	9003	8.905298e+03	4.750000e+01	475	8.723837e-01	8.656448e-01	
4.760000e+01	476	1037	1.382175e+03	8557	8.905298e+03	4.760000e+01	476	8.919116e-01	8.656448e-01	
4.770000e+01	477	6.768000e+02	1.382175e+03	8160	8.905298e+03	4.770000e+01	477	9.234112e-01	8.656448e-01	
4.780000e+01	478	7.778000e+02	1.382175e+03	9387	8.905298e+03	4.780000e+01	478	9.234810e-01	8.656448e-01	
4.790000e+01	479	1500	1.382175e+03	10960	8.905298e+03	4.790000e+01	479	8.796148e-01	8.656448e-01	
48	480	6930	7.757549e+03	3179	1.422389e+03	48	480	3.144723e-01	1.549454e-01	
4.810000e+01	481	6794	7.757549e+03	1798	1.422389e+03	4.810000e+01	481	2.092644e-01	1.549454e-01	
4.820000e+01	482	7400	7.757549e+03	1156	1.422389e+03	4.820000e+01	482	1.351099e-01	1.549454e-01	
4.830000e+01	483	6047	7.757549e+03	2851	1.422389e+03	4.830000e+01	483	3.204091e-01	1.549454e-01	
4.840000e+01	484	1135	1.382175e+03	10760	8.905298e+03	4.840000e+01	484	9.045818e-01	8.656448e-01	
4.850000e+01	485	2482	1.382175e+03	9404	8.905298e+03	4.850000e+01	485	7.911829e-01	8.656448e-01	
4.860000e+01	486	-6.255000e+02	1.382175e+03	11400	8.905298e+03	4.860000e+01	486	1.058054e+00	8.656448e-01	
4.870000e+01	487	2142	1.382175e+03	9794	8.905298e+03	4.870000e+01	487	8.205429e-01	8.656448e-01	
4.880000e+01	488	4.122000e+02	1.382175e+03	9133	8.905298e+03	4.880000e+01	488	9.568160e-01	8.656448e-01	
4.890000e+01	489	1013	1.382175e+03	8253	8.905298e+03	4.890000e+01	489	8.906756e-01	8.656448e-01	
49	490	1851	1.382175e+03	9665	8.905298e+03	49	490	8.392671e-01	8.656448e-01	
4.910000e+01	491	7.327000e+02	1.382175e+03	8573	8.905298e+03	4.910000e+01	491	9.212633e-01	8.656448e-01	
4.920000e+01	492	2546	1.382175e+03	9360	8.905298e+03	4.920000e+01	492	7.861582e-01	8.656448e-01	
4.930000e+01	493	9.613000e+02	1.382175e+03	8389	8.905298e+03	4.930000e+01	493	8.971905e-01	8.656448e-01	
4.940000e+01	494	1045	1.382175e+03	8168	8.905298e+03	4.940000e+01	494	8.865733e-01	8.656448e-01	
4.950000e+01	495	9.834000e+02	1.382175e+03	9434	8.905298e+03	4.950000e+01	495	9.056002e-01	8.656448e-01	
4.960000e+01	496	2121	1.382175e+03	8843	8.905298e+03	4.960000e+01	496	8.065487e-01	8.656448e-01	
4.970000e+01	497	3045	1.382175e+03	8463	8.905298e+03	4.970000e+01	497	7.354015e-01	8.656448e-01	
4.980000e+01	498	1893	1.382175e+03	8818	8.905298e+03	4.980000e+01	498	8.232658e-01	8.656448e-01	
4.990000e+01	499	2.034000e+02	1.382175e+03	7894	8.905298e+03	4.990000e+01	499	9.748808e-01	8.656448e-01	
50	500	1492	1.382175e+03	10770	8.905298e+03	50	500	8.783233e-01	8.656448e-01	
5.010000e+01	501	2517	1.382175e+03	8924	8.905298e+03	5.010000e+01	501	7.800017e-01	8.656448e-01	
5.020000e+01	502	2653	1.382175e+03	7432	8.905298e+03	5.020000e+01	502	7.369360e-01	8.656448e-01	
5.030000e+01	503	3.504000e+02	1.382175e+03	7914	8.905298e+03	5.030000e+01	503	9.576013e-01	8.656448e-01	
5.040000e+01	504	1452	1.382175e+03	8237	8.905298e+03	5.040000e+01	504	8.501393e-01	8.656448e-01	
5.050000e+01	505	1536	1.382175e+03	8109	8.905298e+03	5.050000e+01	505	8.407465e-01	8.656448e-01	
5.060000e+01	506	7.815000e+02	1.382175e+03	9166	8.905298e+03	5.060000e+01	506	9.214375e-01	8.656448e-01	
5.070000e+01	507	-1014	1.382175e+03	9732	8.905298e+03	5.070000e+01	507	1.116311e+00	8.656448e-01	
5.080000e+01	508	1579	1.382175e+03	11110	8.905298e+03	5.080000e+01	508	8.755615e-01	8.656448e-01	
5.090000e+01	509	9.134000e+02	1.382175e+03	8900	8.905298e+03	5.090000e+01	509	9.069232e-01	8.656448e-01	
51	510	7.768000e+02	1.382175e+03	7913	8.905298e+03	51	510	9.106078e-01	8.656448e-01	
5.110000e+01	511	2527	1.382175e+03	9986	8.905298e+03	5.110000e+01	511	7.980500e-01	8.656448e-01	
5.120000e+01	512	-1.596000e+02	1.382175e+03	10560	8.905298e+03	5.120000e+01	512	1.015346e+00	8.656448e-01	
5.130000e+01	513	1.618000e+01	1.382175e+03	9611	8.905298e+03	5.130000e+01	513	9.983193e-01	8.656448e-01	
5.140000e+01	514	2132	1.382175e+03	8697	8.905298e+03	5.140000e+01	514	8.031212e-01	8.656448e-01	
5.150000e+01	515	1180	1.382175e+03	6689	8.905298e+03	5.150000e+01	515	8.500445e-01	8.656448e-01	
5.160000e+01	516	6.626000e+02	1.382175e+03	6441	8.905298e+03	5.160000e+01	516	9.067234e-01	8.656448e-01	
5.170000e+01	517	1832	1.382175e+03	10110	8.905298e+03	5.170000e+01	517	8.465919e-01	8.656448e-01	
5.180000e+01	518	4.822000e+02	1.382175e+03	9866	8.905298e+03	5.180000e+01	518	9.534025e-01	8.656448e-01	
5.190000e+01	519	-7.178000e+02	1.382175e+03	9094	8.905298e+03	5.190000e+01	519	1.085695e+00	8.656448e-01	
52	520	9536	7.757549e+03	1154	1.422389e+03	52	520	1.079514e-01	1.549454e-01	
5.210000e+01	521	7438	7.757549e+03	7.845000e+02	1.422389e+03	5.210000e+01	521	9.540894e-02	1.549454e-01	
5.220000e+01	522	8930	7.757549e+03	6.827000e+02	1.422389e+03	5.220000e+01	522	7.102063e-02	1.549454e-01	
5.230000e+01	523	8173	7.757549e+03	9.821000e+02	1.422389e+03	5.230000e+01	523	1.072735e-01	1.549454e-01	
5.240000e+01	524	8164	7.757549e+03	5.185000e+02	1.422389e+03	5.240000e+01	524	5.971782e-02	1.549454e-01	
5.250000e+01	525	6510	7.757549e+03	2131	1.422389e+03	5.250000e+01	525	2.466150e-01	1.549454e-01	
5.260000e+01	526	8413	7.757549e+03	2.098000e+02	1.422389e+03	5.260000e+01	526	2.433084e-02	1.549454e-01	
5.270000e+01	527	6524	7.757549e+03	1567	1.422389e+03	5.270000e+01	527	1.936720e-01	1.549454e-01	
5.280000e+01	528	7888	7.757549e+03	2942	1.422389e+03	5.280000e+01	528	2.716528e-01	1.549454e-01	
5.290000e+01	529	8689	7.757549e+03	1648	1.422389e+03	5.290000e+01	529	1.594273e-01	1.549454e-01	
53	530	1115	3.903874e+03	5972	5.218165e+03	53	530	8.426697e-01	5.720393e-01	
5.310000e+01	531	3271	3.903874e+03	6676	5.218165e+03	5.310000e+01	531	6.711571e-01	5.720393e-01	
5.320000e+01	532	3926	3.903874e+03	3948	5.218165e+03	5.320000e+01	532	5.013970e-01	5.720393e-01	
5.330000e+01	533	2665	3.903874e+03	4862	5.218165e+03	5.330000e+01	533	6.459413e-01	5.720393e-01	
5.340000e+01	534	3489	3.903874e+03	5960	5.218165e+03	5.340000e+01	534	6.307546e-01	5.720393e-01	
5.350000e+01	535	4589	3.903874e+03	4117	5.218165e+03	5.350000e+01	535	4.728923e-01	5.720393e-01	
5.360000e+01	536	3617	3.903874e+03	5064	5.218165e+03	5.360000e+01	536	5.833429e-01	5.720393e-01	
5.370000e+01	537	3163	3.903874e+03	4471	5.218165e+03	5.370000e+01	537	5.856694e-01	5.720393e-01	
5.380000e+01	538	3929	3.903874e+03	5739	5.218165e+03	5.380000e+01	538	5.936078e-01	5.720393e-01	
5.390000e+01	539	3541	3.903874e+03	5558	5.218165e+03	5.390000e+01	539	6.108364e-01	5.720393e-01	
54	540	3868	3.903874e+03	6271	5.218165e+03	54	540	6.185028e-01	5.720393e-01	
5.410000e+01	541	2819	3.903874e+03	4109	5.218165e+03	5.410000e+01	541	5.931005e-01	5.720393e-01	
5.420000e+01	542	5599	3.903874e+03	7672	5.218165e+03	5.420000e+01	542	5.781026e-01	5.720393e-01	
5.430000e+01	543	2398	3.903874e+03	4932	5.218165e+03	5.430000e+01	543	6.728513e-01	5.720393e-01	
5.440000e+01	544	4010	3.903874e+03	5291	5.218165e+03	5.440000e+01	544	5.688636e-01	5.720393e-01	
5.450000e+01	545	2288	3.903874e+03	4367	5.218165e+03	5.450000e+01	545	6.561983e-01	5.720393e-01	
5.460000e+01	546	3629	3.903874e+03	4297	5.218165e+03	5.460000e+01	546	5.421398e-01	5.720393e-01	
5.470000e+01	547	4350	3.903874e+03	5739	5.218165e+03	5.470000e+01	547	5.688373e-01	5.720393e-01	
5.480000e+01	548	9.511000e+02	1.382175e+03	9066	8.905298e+03	5.480000e+01	548	9.050524e-01	8.656448e-01	
5.490000e+01	549	2599	1.382175e+03	8455	8.905298e+03	5.490000e+01	549	7.648815e-01	8.656448e-01	
55	550	6.025000e+02	1.382175e+03	7859	8.905298e+03	55	550	9.287951e-01	8.656448e-01	
5.510000e+01	551	2757	1.382175e+03	9270	8.905298e+03	5.510000e+01	551	7.707658e-01	8.656448e-01	
5.520000e+01	552	1182	1.382175e+03	12730	8.905298e+03	5.520000e+01	552	9.150374e-01	8.656448e-01	
5.530000e+01	553	5.606000e+02	1.382175e+03	8069	8.905298e+03	5.530000e+01	553	9.350375e-01	8.656448e-01	
5.540000e+01	554	1.367000e+02	1.382175e+03	9258	8.905298e+03	5.540000e+01	554	9.854492e-01	8.656448e-01	
5.550000e+01	555	8.345000e+02	1.382175e+03	9257	8.905298e+03	5.550000e+01	555	9.173066e-01	8.656448e-01	
5.560000e+01	556	2188	1.382175e+03	6365	8.905298e+03	5.560000e+01	556	7.441833e-01	8.656448e-01	
5.570000e+01	557	7.407000e+02	1.382175e+03	8504	8.905298e+03	5.570000e+01	557	9.198784e-01	8.656448e-01	
5.580000e+01	558	3158	1.382175e+03	9545	8.905298e+03	5.580000e+01	558	7.513973e-01	8.656448e-01	
5.590000e+01	559	3138	1.382175e+03	8755	8.905298e+03	5.590000e+01	559	7.361473e-01	8.656448e-01	
56	560	1234	1.382175e+03	10170	8.905298e+03	56	560	8.917924e-01	8.656448e-01	
5.610000e+01	561	1401	1.382175e+03	7867	8.905298e+03	5.610000e+01	561	8.488347e-01	8.656448e-01	
5.620000e+01	562	1022	1.382175e+03	10720	8.905298e+03	5.620000e+01	562	9.129620e-01	8.656448e-01	
5.630000e+01	563	1480	1.382175e+03	8858	8.905298e+03	5.630000e+01	563	8.568388e-01	8.656448e-01	
5.640000e+01	564	1055	1.382175e+03	7457	8.905298e+03	5.640000e+01	564	8.760573e-01	8.656448e-01	
5.650000e+01	565	-7.357000e+01	1.382175e+03	7414	8.905298e+03	5.650000e+01	565	1.010023e+00	8.656448e-01	
5.660000e+01	566	9.742000e+02	1.382175e+03	9076	8.905298e+03	5.660000e+01	566	9.030666e-01	8.656448e-01	
5.670000e+01	567	8.618000e+02	1.382175e+03	7808	8.905298e+03	5.670000e+01	567	9.005975e-01	8.656448e-01	
5.680000e+01	568	2494	1.382175e+03	6656	5.218165e+03	5.680000e+01	568	7.274317e-01	8.656448e-01	
5.690000e+01	569	6062	3.903874e+03	5139	5.218165e+03	5.690000e+01	569	4.587983e-01	5.720393e-01	
57	570	3135	3.903874e+03	5599	5.218165e+03	57	570	6.410579e-01	5.720393e-01	
5.710000e+01	571	4397	3.903874e+03	5276	5.218165e+03	5.710000e+01	571	5.454357e-01	5.720393e-01	
5.720000e+01	572	1443	3.903874e+03	5639	5.218165e+03	5.720000e+01	572	7.962440e-01	5.720393e-01	
5.730000e+01	573	3684	3.903874e+03	4557	5.218165e+03	5.730000e+01	573	5.529669e-01	5.720393e-01	
5.740000e+01	574	2983	3.903874e+03	5359	5.218165e+03	5.740000e+01	574	6.424119e-01	5.720393e-01	
5.750000e+01	575	4827	3.903874e+03	6775	5.218165e+03	5.750000e+01	575	5.839510e-01	5.720393e-01	
5.760000e+01	576	3534	3.903874e+03	4904	5.218165e+03	5.760000e+01	576	5.811804e-01	5.720393e-01	
5.770000e+01	577	3942	3.903874e+03	4375	5.218165e+03	5.770000e+01	577	5.260310e-01	5.720393e-01	
5.780000e+01	578	5616	3.903874e+03	6762	5.218165e+03	5.780000e+01	578	5.462918e-01	5.720393e-01	
5.790000e+01	579	4593	3.903874e+03	6076	5.218165e+03	5.790000e+01	579	5.695004e-01	5.720393e-01	
58	580	4102	3.903874e+03	5075	5.218165e+03	58	580	5.530130e-01	5.720393e-01	
5.810000e+01	581	4296	3.903874e+03	5933	5.218165e+03	5.810000e+01	581	5.800176e-01	5.720393e-01	
5.820000e+01	582	4158	3.903874e+03	5566	5.218165e+03	5.820000e+01	582	5.723982e-01	5.720393e-01	
5.830000e+01	583	2442	3.903874e+03	5651	5.218165e+03	5.830000e+01	583	6.982578e-01	5.720393e-01	
5.840000e+01	584	4374	3.903874e+03	4730	5.218165e+03	5.840000e+01	584	5.195518e-01	5.720393e-01	
5.850000e+01	585	3834	3.903874e+03	5437	5.218165e+03	5.850000e+01	585	5.864524e-01	5.720393e-01	
5.860000e+01	586	3989	3.903874e+03	6046	5.218165e+03	5.860000e+01	586	6.024913e-01	5.720393e-01	
5.870000e+01	587	3981	3.903874e+03	6152	5.218165e+03	5.870000e+01	587	6.071252e-01	5.720393e-01	
5.880000e+01	588	4390	3.903874e+03	4844	5.218165e+03	5.880000e+01	588	5.245831e-01	5.720393e-01	
5.890000e+01	589	4455	3.903874e+03	6492	5.218165e+03	5.890000e+01	589	5.930392e-01	5.720393e-01	
59	590	3670	3.903874e+03	6526	5.218165e+03	59	590	6.400549e-01	5.720393e-01	
5.910000e+01	591	3745	3.903874e+03	4293	5.218165e+03	5.910000e+01	591	5.340881e-01	5.720393e-01	
5.920000e+01	592	3142	3.903874e+03	4072	5.218165e+03	5.920000e+01	592	5.644580e-01	5.720393e-01	
5.930000e+01	593	4949	3.903874e+03	5345	5.218165e+03	5.930000e+01	593	5.192345e-01	5.720393e-01	
5.940000e+01	594	4113	3.903874e+03	3565	5.218165e+03	5.940000e+01	594	4.643136e-01	5.720393e-01	
5.950000e+01	595	2605	3.903874e+03	6661	5.218165e+03	5.950000e+01	595	7.188647e-01	5.720393e-01	
5.960000e+01	596	1249	3.903874e+03	6383	5.218165e+03	5.960000e+01	596	8.363470e-01	5.720393e-01	
5.970000e+01	597	5509	3.903874e+03	4796	5.218165e+03	5.970000e+01	597	4.654051e-01	5.720393e-01	
5.980000e+01	598	1882	3.903874e+03	4897	5.218165e+03	5.980000e+01	598	7.223779e-01	5.720393e-01	
5.990000e+01	599	3967	3.903874e+03	5616	5.218165e+03	5.990000e+01	599	5.860378e-01	5.720393e-01	
60	600	4137	3.903874e+03	4441	5.218165e+03	60	600	5.177197e-01	5.720393e-01	
6.010000e+01	601	4256	3.903874e+03	5754	5.218165e+03	6.010000e+01	601	5.748252e-01	5.720393e-01	
6.020000e+01	602	3870	3.903874e+03	3458	5.218165e+03	6.020000e+01	602	4.718886e-01	5.720393e-01	
6.030000e+01	603	3382	3.903874e+03	4804	5.218165e+03	6.030000e+01	603	5.868556e-01	5.720393e-01	
6.040000e+01	604	2725	3.903874e+03	4478	5.218165e+03	6.040000e+01	604	6.216854e-01	5.720393e-01	
6.050000e+01	605	4295	3.903874e+03	6355	5.218165e+03	6.050000e+01	605	5.967136e-01	5.720393e-01	
6.060000e+01	606	5747	3.903874e+03	5865	5.218165e+03	6.060000e+01	606	5.050810e-01	5.720393e-01	
6.070000e+01	607	6768	7.757549e+03	2307	1.422389e+03	6.070000e+01	607	2.542149e-01	1.549454e-01	
6.080000e+01	608	8974	7.757549e+03	2154	1.422389e+03	6.080000e+01	608	1.935658e-01	1.549454e-01	
6.090000e+01	609	8722	7.757549e+03	2089	1.422389e+03	6.090000e+01	609	1.932291e-01	1.549454e-01	
61	610	9400	7.757549e+03	9.643000e+02	1.422389e+03	61	610	9.304053e-02	1.549454e-01	
6.110000e+01	611	5442	7.757549e+03	5878	1.422389e+03	6.110000e+01	611	5.192580e-01	1.549454e-01	
6.120000e+01	612	1807	1.382175e+03	7030	8.905298e+03	6.120000e+01	612	7.955188e-01	8.656448e-01	
6.130000e+01	613	866	1.382175e+03	8391	8.905298e+03	6.130000e+01	613	9.064492e-01	8.656448e-01	
6.140000e+01	614	2441	1.382175e+03	7883	8.905298e+03	6.140000e+01	614	7.635606e-01	8.656448e-01	
6.150000e+01	615	4824	3.903874e+03	6813	5.218165e+03	6.150000e+01	615	5.854602e-01	5.720393e-01	
6.160000e+01	616	5495	3.903874e+03	4083	5.218165e+03	6.160000e+01	616	4.262894e-01	5.720393e-01	
6.170000e+01	617	4044	3.903874e+03	5063	5.218165e+03	6.170000e+01	617	5.559460e-01	5.720393e-01	
6.180000e+01	618	4259	3.903874e+03	5440	5.218165e+03	6.180000e+01	618	5.608826e-01	5.720393e-01	
6.190000e+01	619	3235	3.903874e+03	6294	5.218165e+03	6.190000e+01	619	6.605100e-01	5.720393e-01	
62	620	2692	3.903874e+03	5526	5.218165e+03	62	620	6.724264e-01	5.720393e-01	
6.210000e+01	621	2292	3.903874e+03	5754	5.218165e+03	6.210000e+01	621	7.151380e-01	5.720393e-01	
6.220000e+01	622	3144	3.903874e+03	4848	5.218165e+03	6.220000e+01	622	6.066066e-01	5.720393e-01	
6.230000e+01	623	2535	3.903874e+03	6911	5.218165e+03	6.230000e+01	623	7.316324e-01	5.720393e-01	
6.240000e+01	624	5607	3.903874e+03	4981	5.218165e+03	6.240000e+01	624	4.704382e-01	5.720393e-01	
6.250000e+01	625	4419	3.903874e+03	5307	5.218165e+03	6.250000e+01	625	5.456508e-01	5.720393e-01	
6.260000e+01	626	3050	3.903874e+03	6418	5.218165e+03	6.260000e+01	626	6.778623e-01	5.720393e-01	
6.270000e+01	627	4400	3.903874e+03	3622	5.218165e+03	6.270000e+01	627	4.515084e-01	5.720393e-01	
6.280000e+01	628	2889	3.903874e+03	4899	5.218165e+03	6.280000e+01	628	6.290447e-01	5.720393e-01	
6.290000e+01	629	2382	3.903874e+03	6137	5.218165e+03	6.290000e+01	629	7.203897e-01	5.720393e-01	
63	630	3561	3.903874e+03	4377	5.218165e+03	63	630	5.513983e-01	5.720393e-01	
6.310000e+01	631	1106	1.382175e+03	7849	8.905298e+03	6.310000e+01	631	8.764936e-01	8.656448e-01	
6.320000e+01	632	4.155000e+02	1.382175e+03	10410	8.905298e+03	6.320000e+01	632	9.616184e-01	8.656448e-01	
6.330000e+01	633	2037	1.382175e+03	7670	8.905298e+03	6.330000e+01	633	7.901514e-01	8.656448e-01	
6.340000e+01	634	1984	1.382175e+03	8808	8.905298e+03	6.340000e+01	634	8.161601e-01	8.656448e-01	
6.350000e+01	635	1493	1.382175e+03	10040	8.905298e+03	6.350000e+01	635	8.705454e-01	8.656448e-01	
6.360000e+01	636	5.914000e+02	1.382175e+03	11280	8.905298e+03	6.360000e+01	636	9.501828e-01	8.656448e-01	
6.370000e+01	637	2140	1.382175e+03	10710	8.905298e+03	6.370000e+01	637	8.334630e-01	8.656448e-01	
6.380000e+01	638	2709	1.382175e+03	10740	8.905298e+03	6.380000e+01	638	7.985724e-01	8.656448e-01	
6.390000e+01	639	2415	1.382175e+03	8669	8.905298e+03	6.390000e+01	639	7.821184e-01	8.656448e-01	
64	640	8.643000e+02	1.382175e+03	7372	8.905298e+03	64	640	8.950621e-01	8.656448e-01	
6.410000e+01	641	1114	1.382175e+03	7004	8.905298e+03	6.410000e+01	641	8.627741e-01	8.656448e-01	
6.420000e+01	642	238	1.382175e+03	7601	8.905298e+03	6.420000e+01	642	9.696390e-01	8.656448e-01	
6.430000e+01	643	9.406000e+02	1.382175e+03	9440	8.905298e+03	6.430000e+01	643	9.093887e-01	8.656448e-01	
6.440000e+01	644	1657	1.382175e+03	9857	8.905298e+03	6.440000e+01	644	8.560882e-01	8.656448e-01	
6.450000e+01	645	1550	1.382175e+03	10510	8.905298e+03	6.450000e+01	645	8.714760e-01	8.656448e-01	
6.460000e+01	646	2517	1.382175e+03	6680	8.905298e+03	6.460000e+01	646	7.263238e-01	8.656448e-01	
6.470000e+01	647	8.985000e+01	1.382175e+03	9946	8.905298e+03	6.470000e+01	647	9.910471e-01	8.656448e-01	
6.480000e+01	648	6.575000e+02	1.382175e+03	7938	8.905298e+03	6.480000e+01	648	9.235065e-01	8.656448e-01	
6.490000e+01	649	2372	1.382175e+03	8099	8.905298e+03	6.490000e+01	649	7.734696e-01	8.656448e-01	
65	650	8000	7.757549e+03	-1.421000e+02	1.422389e+03	65	650	-1.808371e-02	1.549454e-01	
6.510000e+01	651	7492	7.757549e+03	1800	1.422389e+03	6.510000e+01	651	1.937150e-01	1.549454e-01	
6.520000e+01	652	9029	7.757549e+03	1780	1.422389e+03	6.520000e+01	652	1.646776e-01	1.549454e-01	
6.530000e+01	653	7129	7.757549e+03	9.551000e+02	1.422389e+03	6.530000e+01	653	1.181455e-01	1.549454e-01	
6.540000e+01	654	9168	7.757549e+03	2239	1.422389e+03	6.540000e+01	654	1.962830e-01	1.549454e-01	
6.550000e+01	655	7235	7.757549e+03	6.366000e+02	1.422389e+03	6.550000e+01	655	8.087301e-02	1.549454e-01	
6.560000e+01	656	7455	7.757549e+03	1186	1.422389e+03	6.560000e+01	656	1.372526e-01	1.549454e-01	
6.570000e+01	657	7257	7.757549e+03	4.905000e+02	1.422389e+03	6.570000e+01	657	6.331075e-02	1.549454e-01	
6.580000e+01	658	7244	7.757549e+03	624	1.422389e+03	6.580000e+01	658	7.930859e-02	1.549454e-01	
6.590000e+01	659	8156	7.757549e+03	301	1.422389e+03	6.590000e+01	659	3.559182e-02	1.549454e-01	
66	660	5768	3.903874e+03	1570	1.422389e+03	66	660	2.139548e-01	1.549454e-01	
6.610000e+01	661	4667	3.903874e+03	3477	1.422389e+03	6.610000e+01	661	4.269401e-01	1.549454e-01	
6.620000e+01	662	1989	1.382175e+03	9071	8.905298e+03	6.620000e+01	662	8.201627e-01	8.656448e-01	
6.630000e+01	663	2632	1.382175e+03	7966	8.905298e+03	6.630000e+01	663	7.516513e-01	8.656448e-01	
6.640000e+01	664	1709	1.382175e+03	10150	8.905298e+03	6.640000e+01	664	8.558900e-01	8.656448e-01	
6.650000e+01	665	2826	1.382175e+03	10910	8.905298e+03	6.650000e+01	665	7.942632e-01	8.656448e-01	
6.660000e+01	666	1832	1.382175e+03	9952	8.905298e+03	6.660000e+01	666	8.445350e-01	8.656448e-01	
6.670000e+01	667	4.391000e+01	1.382175e+03	9289	8.905298e+03	6.670000e+01	667	9.952951e-01	8.656448e-01	
6.680000e+01	668	9.082000e+02	1.382175e+03	8721	8.905298e+03	6.680000e+01	668	9.056827e-01	8.656448e-01	
6.690000e+01	669	1104	1.382175e+03	11590	8.905298e+03	6.690000e+01	669	9.130298e-01	8.656448e-01	
67	670	3220	1.382175e+03	7247	8.905298e+03	67	670	6.923665e-01	8.656448e-01	
6.710000e+01	671	9985	7.757549e+03	1077	1.422389e+03	6.710000e+01	671	9.736033e-02	1.549454e-01	
6.720000e+01	672	8472	7.757549e+03	6.296000e+02	1.422389e+03	6.720000e+01	672	6.917465e-02	1.549454e-01	
6.730000e+01	673	8162	7.757549e+03	1871	1.422389e+03	6.730000e+01	673	1.864846e-01	1.549454e-01	
6.740000e+01	674	9639	7.757549e+03	2.424000e+00	1.422389e+03	6.740000e+01	674	2.514151e-04	1.549454e-01	
6.750000e+01	675	6851	7.757549e+03	1413	1.422389e+03	6.750000e+01	675	1.709826e-01	1.549454e-01	
6.760000e+01	676	7796	7.757549e+03	1471	1.422389e+03	6.760000e+01	676	1.587353e-01	1.549454e-01	
6.770000e+01	677	7867	7.757549e+03	5.372000e+02	1.422389e+03	6.770000e+01	677	6.392042e-02	1.549454e-01	
6.780000e+01	678	7659	7.757549e+03	1668	1.422389e+03	6.780000e+01	678	1.788356e-01	1.549454e-01	
6.790000e+01	679	8583	7.757549e+03	1892	1.422389e+03	6.790000e+01	679	1.806205e-01	1.549454e-01	
68	680	6105	7.757549e+03	1514	1.422389e+03	68	680	1.987137e-01	1.549454e-01	
6.810000e+01	681	5628	7.757549e+03	4.969000e+02	1.422389e+03	6.810000e+01	681	8.112786e-02	1.549454e-01	
6.820000e+01	682	8818	7.757549e+03	1412	1.422389e+03	6.820000e+01	682	1.380254e-01	1.549454e-01	
6.830000e+01	683	9351	7.757549e+03	9.443000e+02	1.422389e+03	6.830000e+01	683	9.172147e-02	1.549454e-01	
6.840000e+01	684	6316	7.757549e+03	1631	1.422389e+03	6.840000e+01	684	2.052347e-01	1.549454e-01	
6.850000e+01	685	4324	3.903874e+03	6422	5.218165e+03	6.850000e+01	685	5.976177e-01	5.720393e-01	
6.860000e+01	686	5025	3.903874e+03	5737	5.218165e+03	6.860000e+01	686	5.330794e-01	5.720393e-01	
6.870000e+01	687	3814	3.903874e+03	4881	5.218165e+03	6.870000e+01	687	5.613571e-01	5.720393e-01	
6.880000e+01	688	4638	3.903874e+03	6281	5.218165e+03	6.880000e+01	688	5.752358e-01	5.720393e-01	
6.890000e+01	689	4182	3.903874e+03	4385	5.218165e+03	6.890000e+01	689	5.118478e-01	5.720393e-01	
69	690	3284	3.903874e+03	4716	5.218165e+03	69	690	5.895000e-01	5.720393e-01	
6.910000e+01	691	4308	3.903874e+03	6543	5.218165e+03	6.910000e+01	691	6.029859e-01	5.720393e-01	
6.920000e+01	692	3612	3.903874e+03	4173	5.218165e+03	6.920000e+01	692	5.360308e-01	5.720393e-01	
6.930000e+01	693	3307	3.903874e+03	5234	5.218165e+03	6.930000e+01	693	6.128088e-01	5.720393e-01	
6.940000e+01	694	4621	3.903874e+03	5915	5.218165e+03	6.940000e+01	694	5.614085e-01	5.720393e-01	
6.950000e+01	695	5893	3.903874e+03	4584	5.218165e+03	6.950000e+01	695	4.375298e-01	5.720393e-01	
6.960000e+01	696	4523	3.903874e+03	4391	5.218165e+03	6.960000e+01	696	4.925959e-01	5.720393e-01	
6.970000e+01	697	3683	3.903874e+03	5597	5.218165e+03	6.970000e+01	697	6.031250e-01	5.720393e-01	
6.980000e+01	698	2698	3.903874e+03	5814	5.218165e+03	6.980000e+01	698	6.830357e-01	5.720393e-01	
6.990000e+01	699	4234	3.903874e+03	6267	5.218165e+03	6.990000e+01	699	5.968003e-01	5.720393e-01	
70	700	3867	3.903874e+03	5418	5.218165e+03	70	700	5.835218e-01	5.720393e-01	
7.010000e+01	701	2495	3.903874e+03	6476	5.218165e+03	7.010000e+01	701	7.218816e-01	5.720393e-01	
7.020000e+01	702	3977	3.903874e+03	4660	5.218165e+03	7.020000e+01	702	5.395392e-01	5.720393e-01	
7.030000e+01	703	3242	3.903874e+03	4869	5.218165e+03	7.030000e+01	703	6.002959e-01	5.720393e-01	
7.040000e+01	704	4548	3.903874e+03	5305	5.218165e+03	7.040000e+01	704	5.384147e-01	5.720393e-01	
7.050000e+01	705	5411	3.903874e+03	4146	5.218165e+03	7.050000e+01	705	4.338181e-01	5.720393e-01	
7.060000e+01	706	3990	3.903874e+03	4490	5.218165e+03	7.060000e+01	706	5.294811e-01	5.720393e-01	
7.070000e+01	707	3445	3.903874e+03	6327	5.218165e+03	7.070000e+01	707	6.474621e-01	5.720393e-01	
7.080000e+01	708	2580	1.382175e+03	5782	5.218165e+03	7.080000e+01	708	6.914614e-01	5.720393e-01	
7.090000e+01	709	9.887000e+02	1.382175e+03	10060	8.905298e+03	7.090000e+01	709	9.105144e-01	8.656448e-01	
71	710	1157	1.382175e+03	9682	8.905298e+03	71	710	8.932558e-01	8.656448e-01	
7.110000e+01	711	2161	1.382175e+03	9780	8.905298e+03	7.110000e+01	711	8.190269e-01	8.656448e-01	
7.120000e+01	712	1586	1.382175e+03	8416	8.905298e+03	7.120000e+01	712	8.414317e-01	8.656448e-01	
7.130000e+01	713	3.288000e+01	1.382175e+03	9209	8.905298e+03	7.130000e+01	713	9.964423e-01	8.656448e-01	
7.140000e+01	714	1788	1.382175e+03	7574	8.905298e+03	7.140000e+01	714	8.090152e-01	8.656448e-01	
7.150000e+01	715	1134	1.382175e+03	8794	8.905298e+03	7.150000e+01	715	8.857776e-01	8.656448e-01	
7.160000e+01	716	-6.256000e+02	1.382175e+03	8975	8.905298e+03	7.160000e+01	716	1.074928e+00	8.656448e-01	
7.170000e+01	717	2193	1.382175e+03	9082	8.905298e+03	7.170000e+01	717	8.054989e-01	8.656448e-01	
7.180000e+01	718	1483	1.382175e+03	9531	8.905298e+03	7.180000e+01	718	8.653532e-01	8.656448e-01	
7.190000e+01	719	1018	1.382175e+03	10440	8.905298e+03	7.190000e+01	719	9.111538e-01	8.656448e-01	
72	720	1.259000e+02	1.382175e+03	10080	8.905298e+03	72	720	9.876640e-01	8.656448e-01	
7.210000e+01	721	1001	1.382175e+03	11110	8.905298e+03	7.210000e+01	721	9.173479e-01	8.656448e-01	
7.220000e+01	722	2827	1.382175e+03	8205	8.905298e+03	7.220000e+01	722	7.437455e-01	8.656448e-01	
7.230000e+01	723	2280	1.382175e+03	7877	8.905298e+03	7.230000e+01	723	7.755243e-01	8.656448e-01	
7.240000e+01	724	7.412000e+02	1.382175e+03	9253	8.905298e+03	7.240000e+01	724	9.258370e-01	8.656448e-01	
7.250000e+01	725	3072	1.382175e+03	8145	8.905298e+03	7.250000e+01	725	7.261300e-01	8.656448e-01	
7.260000e+01	726	1453	1.382175e+03	8290	8.905298e+03	7.260000e+01	726	8.508673e-01	8.656448e-01	
7.270000e+01	727	2737	1.382175e+03	7385	8.905298e+03	7.270000e+01	727	7.295989e-01	8.656448e-01	
7.280000e+01	728	6.334000e+02	1.382175e+03	7750	8.905298e+03	7.280000e+01	728	9.244459e-01	8.656448e-01	
7.290000e+01	729	2123	1.382175e+03	8933	8.905298e+03	7.290000e+01	729	8.079776e-01	8.656448e-01	
73	730	2692	1.382175e+03	7167	8.905298e+03	73	730	7.269500e-01	8.656448e-01	
7.310000e+01	731	2161	1.382175e+03	8418	8.905298e+03	7.310000e+01	731	7.957274e-01	8.656448e-01	
7.320000e+01	732	1278	1.382175e+03	9802	8.905298e+03	7.320000e+01	732	8.846570e-01	8.656448e-01	
7.330000e+01	733	8.686000e+02	1.382175e+03	9759	8.905298e+03	7.330000e+01	733	9.182694e-01	8.656448e-01	
7.340000e+01	734	-6.535000e+02	1.382175e+03	9383	8.905298e+03	7.340000e+01	734	1.074861e+00	8.656448e-01	
7.350000e+01	735	1554	1.382175e+03	9101	8.905298e+03	7.350000e+01	735	8.541530e-01	8.656448e-01	
7.360000e+01	736	1428	1.382175e+03	8326	8.905298e+03	7.360000e+01	736	8.535985e-01	8.656448e-01	
7.370000e+01	737	1211	1.382175e+03	8225	8.905298e+03	7.370000e+01	737	8.716617e-01	8.656448e-01	
7.380000e+01	738	2166	1.382175e+03	9005	8.905298e+03	7.380000e+01	738	8.061051e-01	8.656448e-01	
7.390000e+01	739	1619	1.382175e+03	7964	8.905298e+03	7.390000e+01	739	8.310550e-01	8.656448e-01	
74	740	2855	1.382175e+03	6695	8.905298e+03	74	740	7.010471e-01	8.656448e-01	
7.410000e+01	741	292	1.382175e+03	10910	8.905298e+03	7.410000e+01	741	9.739332e-01	8.656448e-01	
7.420000e+01	742	2279	1.382175e+03	8288	8.905298e+03	7.420000e+01	742	7.843286e-01	8.656448e-01	
7.430000e+01	743	8.859000e+02	1.382175e+03	10640	8.905298e+03	7.430000e+01	743	9.231383e-01	8.656448e-01	
7.440000e+01	744	2099	1.382175e+03	8998	8.905298e+03	7.440000e+01	744	8.108498e-01	8.656448e-01	
7.450000e+01	745	-80	1.382175e+03	9828	8.905298e+03	7.450000e+01	745	1.008207e+00	8.656448e-01	
7.460000e+01	746	1684	1.382175e+03	9843	8.905298e+03	7.460000e+01	746	8.539082e-01	8.656448e-01	
7.470000e+01	747	2165	1.382175e+03	6381	8.905298e+03	7.470000e+01	747	7.466651e-01	8.656448e-01	
7.480000e+01	748	5.878000e+02	1.382175e+03	5903	8.905298e+03	7.480000e+01	748	9.094411e-01	8.656448e-01	
7.490000e+01	749	-5.434000e+01	1.382175e+03	7985	8.905298e+03	7.490000e+01	749	1.006852e+00	8.656448e-01	
75	750	2193	1.382175e+03	8918	8.905298e+03	75	750	8.026280e-01	8.656448e-01	
7.510000e+01	751	2715	1.382175e+03	8228	8.905298e+03	7.510000e+01	751	7.518962e-01	8.656448e-01	
7.520000e+01	752	7.419000e+02	1.382175e+03	8880	8.905298e+03	7.520000e+01	752	9.228946e-01	8.656448e-01	
7.530000e+01	753	1207	1.382175e+03	8961	8.905298e+03	7.530000e+01	753	8.812943e-01	8.656448e-01	
7.540000e+01	754	1028	1.382175e+03	9375	8.905298e+03	7.540000e+01	754	9.011824e-01	8.656448e-01	
7.550000e+01	755	3.789000e+02	1.382175e+03	7618	8.905298e+03	7.550000e+01	755	9.526191e-01	8.656448e-01	
7.560000e+01	756	1616	1.382175e+03	7838	8.905298e+03	7.560000e+01	756	8.290671e-01	8.656448e-01	
7.570000e+01	757	2170	1.382175e+03	6904	8.905298e+03	7.570000e+01	757	7.608552e-01	8.656448e-01	
7.580000e+01	758	1114	1.382175e+03	9351	8.905298e+03	7.580000e+01	758	8.935499e-01	8.656448e-01	
7.590000e+01	759	2347	1.382175e+03	7561	8.905298e+03	7.590000e+01	759	7.631207e-01	8.656448e-01	
76	760	2981	1.382175e+03	9384	8.905298e+03	76	760	7.589163e-01	8.656448e-01	
7.610000e+01	761	-2.268000e+01	1.382175e+03	9778	8.905298e+03	7.610000e+01	761	1.002325e+00	8.656448e-01	
7.620000e+01	762	3.783000e+02	1.382175e+03	10360	8.905298e+03	7.620000e+01	762	9.647710e-01	8.656448e-01	
7.630000e+01	763	2409	1.382175e+03	7933	8.905298e+03	7.630000e+01	763	7.670663e-01	8.656448e-01	
7.640000e+01	764	9.927000e+02	1.382175e+03	9158	8.905298e+03	7.640000e+01	764	9.022038e-01	8.656448e-01	
7.650000e+01	765	1262	1.382175e+03	9864	8.905298e+03	7.650000e+01	765	8.865720e-01	8.656448e-01	
7.660000e+01	766	7.268000e+02	1.382175e+03	8016	8.905298e+03	7.660000e+01	766	9.168687e-01	8.656448e-01	
7.670000e+01	767	1683	1.382175e+03	9146	8.905298e+03	7.670000e+01	767	8.445840e-01	8.656448e-01	
7.680000e+01	768	3360	1.382175e+03	7086	8.905298e+03	7.680000e+01	768	6.783458e-01	8.656448e-01	
7.690000e+01	769	1818	1.382175e+03	8798	8.905298e+03	7.690000e+01	769	8.287491e-01	8.656448e-01	
77	770	1.981000e+02	1.382175e+03	12370	8.905298e+03	77	770	9.842379e-01	8.656448e-01	
7.710000e+01	771	3142	1.382175e+03	8653	8.905298e+03	7.710000e+01	771	7.336159e-01	8.656448e-01	
7.720000e+01	772	1996	1.382175e+03	8123	8.905298e+03	7.720000e+01	772	8.027473e-01	8.656448e-01	
7.730000e+01	773	8.559000e+02	1.382175e+03	9718	8.905298e+03	7.730000e+01	773	9.190554e-01	8.656448e-01	
7.740000e+01	774	1349	1.382175e+03	10380	8.905298e+03	7.740000e+01	774	8.849859e-01	8.656448e-01	
7.750000e+01	775	6.428000e+02	1.382175e+03	8693	8.905298e+03	7.750000e+01	775	9.311468e-01	8.656448e-01	
7.760000e+01	776	1346	1.382175e+03	9904	8.905298e+03	7.760000e+01	776	8.803556e-01	8.656448e-01	
7.770000e+01	777	8.703000e+02	1.382175e+03	8618	8.905298e+03	7.770000e+01	777	9.082765e-01	8.656448e-01	
7.780000e+01	778	1247	1.382175e+03	8522	8.905298e+03	7.780000e+01	778	8.723513e-01	8.656448e-01	
7.790000e+01	779	1739	1.382175e+03	9808	8.905298e+03	7.790000e+01	779	8.493981e-01	8.656448e-01	
78	780	6.086000e+02	1.382175e+03	10940	8.905298e+03	78	780	9.473010e-01	8.656448e-01	
7.810000e+01	781	1180	1.382175e+03	8957	8.905298e+03	7.810000e+01	781	8.835948e-01	8.656448e-01	
7.820000e+01	782	2279	1.382175e+03	8856	8.905298e+03	7.820000e+01	782	7.953300e-01	8.656448e-01	
7.830000e+01	783	-1.273000e+02	1.382175e+03	8414	8.905298e+03	7.830000e+01	783	1.015362e+00	8.656448e-01	
7.840000e+01	784	-7.427000e+01	1.382175e+03	9310	8.905298e+03	7.840000e+01	784	1.008042e+00	8.656448e-01	
7.850000e+01	785	2724	1.382175e+03	10310	8.905298e+03	7.850000e+01	785	7.910081e-01	8.656448e-01	
7.860000e+01	786	8.286000e+02	1.382175e+03	8286	8.905298e+03	7.860000e+01	786	9.090909e-01	8.656448e-01	
7.870000e+01	787	1097	1.382175e+03	8027	8.905298e+03	7.870000e+01	787	8.797676e-01	8.656448e-01	
7.880000e+01	788	1476	1.382175e+03	8148	8.905298e+03	7.880000e+01	788	8.466334e-01	8.656448e-01	
7.890000e+01	789	1155	1.382175e+03	9354	8.905298e+03	7.890000e+01	789	8.900942e-01	8.656448e-01	
79	790	1976	1.382175e+03	8646	8.905298e+03	79	790	8.139710e-01	8.656448e-01	
7.910000e+01	791	9.518000e+02	1.382175e+03	7420	8.905298e+03	7.910000e+01	791	8.863088e-01	8.656448e-01	
7.920000e+01	792	1921	1.382175e+03	9346	8.905298e+03	7.920000e+01	792	8.295021e-01	8.656448e-01	
7.930000e+01	793	-1231	1.382175e+03	7784	8.905298e+03	7.930000e+01	793	1.187853e+00	8.656448e-01	
7.940000e+01	794	1562	1.382175e+03	7124	8.905298e+03	7.940000e+01	794	8.201704e-01	8.656448e-01	
7.950000e+01	795	2.853000e+02	1.382175e+03	9342	8.905298e+03	7.950000e+01	795	9.703655e-01	8.656448e-01	
7.960000e+01	796	1706	1.382175e+03	7263	8.905298e+03	7.960000e+01	796	8.097893e-01	8.656448e-01	
7.970000e+01	797	1254	1.382175e+03	8072	8.905298e+03	7.970000e+01	797	8.655372e-01	8.656448e-01	
7.980000e+01	798	2882	1.382175e+03	6989	8.905298e+03	7.980000e+01	798	7.080336e-01	8.656448e-01	
7.990000e+01	799	1515	1.382175e+03	9595	8.905298e+03	7.990000e+01	799	8.636364e-01	8.656448e-01	
80	800	1198	1.382175e+03	6511	8.905298e+03	80	800	8.445972e-01	8.656448e-01	
8.010000e+01	801	9.809000e+02	1.382175e+03	10030	8.905298e+03	8.010000e+01	801	9.109155e-01	8.656448e-01	
8.020000e+01	802	866	1.382175e+03	9532	8.905298e+03	8.020000e+01	802	9.167148e-01	8.656448e-01	
8.030000e+01	803	3.139000e+02	1.382175e+03	9376	8.905298e+03	8.030000e+01	803	9.676054e-01	8.656448e-01	
8.040000e+01	804	1474	1.382175e+03	7578	8.905298e+03	8.040000e+01	804	8.371631e-01	8.656448e-01	
8.050000e+01	805	1653	1.382175e+03	9155	8.905298e+03	8.050000e+01	805	8.470577e-01	8.656448e-01	
8.060000e+01	806	1464	1.382175e+03	9248	8.905298e+03	8.060000e+01	806	8.633308e-01	8.656448e-01	
8.070000e+01	807	8.551000e+02	1.382175e+03	8778	8.905298e+03	8.070000e+01	807	9.112331e-01	8.656448e-01	
8.080000e+01	808	2094	1.382175e+03	8053	8.905298e+03	8.080000e+01	808	7.936336e-01	8.656448e-01	
8.090000e+01	809	6.657000e+02	1.382175e+03	9767	8.905298e+03	8.090000e+01	809	9.361910e-01	8.656448e-01	
81	810	7.564000e+02	1.382175e+03	9448	8.905298e+03	81	810	9.258751e-01	8.656448e-01	
8.110000e+01	811	2113	1.382175e+03	7946	8.905298e+03	8.110000e+01	811	7.899394e-01	8.656448e-01	
8.120000e+01	812	1935	1.382175e+03	8718	8.905298e+03	8.120000e+01	812	8.183610e-01	8.656448e-01	
8.130000e+01	813	7.797000e+02	1.382175e+03	9705	8.905298e+03	8.130000e+01	813	9.256345e-01	8.656448e-01	
8.140000e+01	814	-1158	1.382175e+03	7061	8.905298e+03	8.140000e+01	814	1.196171e+00	8.656448e-01	
8.150000e+01	815	1944	1.382175e+03	11260	8.905298e+03	8.150000e+01	815	8.527719e-01	8.656448e-01	
8.160000e+01	816	2769	1.382175e+03	6117	8.905298e+03	8.160000e+01	816	6.883862e-01	8.656448e-01	
8.170000e+01	817	9.951000e+02	1.382175e+03	8148	8.905298e+03	8.170000e+01	817	8.911638e-01	8.656448e-01	
8.180000e+01	818	1297	1.382175e+03	7370	8.905298e+03	8.180000e+01	818	8.503519e-01	8.656448e-01	
8.190000e+01	819	1299	1.382175e+03	7792	8.905298e+03	8.190000e+01	819	8.571114e-01	8.656448e-01	
82	820	3923	1.382175e+03	7424	8.905298e+03	82	820	6.542699e-01	8.656448e-01	
8.210000e+01	821	1706	1.382175e+03	9454	8.905298e+03	8.210000e+01	821	8.471326e-01	8.656448e-01	
8.220000e+01	822	1189	1.382175e+03	7352	8.905298e+03	8.220000e+01	822	8.607891e-01	8.656448e-01	
8.230000e+01	823	7540	7.757549e+03	1413	1.422389e+03	8.230000e+01	823	1.578242e-01	1.549454e-01	
8.240000e+01	824	7451	7.757549e+03	3.285000e+02	1.422389e+03	8.240000e+01	824	4.222636e-02	1.549454e-01	
8.250000e+01	825	5896	7.757549e+03	1080	1.422389e+03	8.250000e+01	825	1.548165e-01	1.549454e-01	
8.260000e+01	826	4674	3.903874e+03	3330	1.422389e+03	8.260000e+01	826	4.160420e-01	1.549454e-01	
8.270000e+01	827	3265	3.903874e+03	9104	8.905298e+03	8.270000e+01	827	7.360336e-01	6.952282e-01	
8.280000e+01	828	9.708000e+02	1.382175e+03	9070	8.905298e+03	8.280000e+01	828	9.033145e-01	6.952282e-01	
8.290000e+01	829	1.784000e+02	1.382175e+03	8723	8.905298e+03	8.290000e+01	829	9.799582e-01	6.952282e-01	
83	830	1535	1.382175e+03	10210	8.905298e+03	83	830	8.693061e-01	0	
