time at 532nm	frame at 532nm	I_1 at 532nm(counts)	discr.I_1 at 532nm(counts)	I_2 at 532nm(counts)	discr.I_2 at 532nm(counts)	time at 532nm	frame at 532nm	FRET_1>2	discr.FRET_1>2	
1.000000e-01	1	1468	9.061852e+02	8486	7.402468e+03	1.000000e-01	1	8.525216e-01	8.909348e-01	
2.000000e-01	2	4.222000e+02	9.061852e+02	6029	7.402468e+03	2.000000e-01	2	9.345548e-01	8.909348e-01	
3.000000e-01	3	1428	9.061852e+02	7368	7.402468e+03	3.000000e-01	3	8.376535e-01	8.909348e-01	
4.000000e-01	4	2.217000e+02	9.061852e+02	7699	7.402468e+03	4.000000e-01	4	9.720100e-01	8.909348e-01	
5.000000e-01	5	1887	9.061852e+02	7702	7.402468e+03	5.000000e-01	5	8.032120e-01	8.909348e-01	
6.000000e-01	6	5.645000e+02	9.061852e+02	7288	7.402468e+03	6.000000e-01	6	9.281121e-01	8.909348e-01	
7.000000e-01	7	5.806000e+02	9.061852e+02	7152	7.402468e+03	7.000000e-01	7	9.249153e-01	8.909348e-01	
8.000000e-01	8	7.189000e+02	9.061852e+02	6962	7.402468e+03	8.000000e-01	8	9.064042e-01	8.909348e-01	
9.000000e-01	9	7.501000e+02	9.061852e+02	7822	7.402468e+03	9.000000e-01	9	9.124952e-01	8.909348e-01	
1	10	941	9.061852e+02	7003	7.402468e+03	1	10	8.815458e-01	8.909348e-01	
1.100000e+00	11	1470	9.061852e+02	8026	7.402468e+03	1.100000e+00	11	8.451980e-01	8.909348e-01	
1.200000e+00	12	3.351000e+01	9.061852e+02	6263	7.402468e+03	1.200000e+00	12	9.946780e-01	8.909348e-01	
1.300000e+00	13	2.344000e+02	9.061852e+02	8336	7.402468e+03	1.300000e+00	13	9.726501e-01	8.909348e-01	
1.400000e+00	14	4.235000e+02	9.061852e+02	6635	7.402468e+03	1.400000e+00	14	9.400014e-01	8.909348e-01	
1.500000e+00	15	1530	9.061852e+02	6950	7.402468e+03	1.500000e+00	15	8.195755e-01	8.909348e-01	
1.600000e+00	16	2.728000e+02	9.061852e+02	7580	7.402468e+03	1.600000e+00	16	9.652608e-01	8.909348e-01	
1.700000e+00	17	1267	9.061852e+02	8754	7.402468e+03	1.700000e+00	17	8.735655e-01	8.909348e-01	
1.800000e+00	18	-4.692000e+02	9.061852e+02	7057	7.402468e+03	1.800000e+00	18	1.071223e+00	8.909348e-01	
1.900000e+00	19	1368	9.061852e+02	6178	7.402468e+03	1.900000e+00	19	8.187119e-01	8.909348e-01	
2	20	1459	9.061852e+02	6144	7.402468e+03	2	20	8.081021e-01	8.909348e-01	
2.100000e+00	21	-1.272000e+02	9.061852e+02	7144	7.402468e+03	2.100000e+00	21	1.018128e+00	8.909348e-01	
2.200000e+00	22	1046	9.061852e+02	6868	7.402468e+03	2.200000e+00	22	8.678292e-01	8.909348e-01	
2.300000e+00	23	7.961000e+02	9.061852e+02	8695	7.402468e+03	2.300000e+00	23	9.161214e-01	8.909348e-01	
2.400000e+00	24	7.039000e+02	9.061852e+02	7382	7.402468e+03	2.400000e+00	24	9.129472e-01	8.909348e-01	
2.500000e+00	25	8.056000e+02	9.061852e+02	6283	7.402468e+03	2.500000e+00	25	8.863527e-01	8.909348e-01	
2.600000e+00	26	9.784000e+02	9.061852e+02	9319	7.402468e+03	2.600000e+00	26	9.049857e-01	8.909348e-01	
2.700000e+00	27	1582	9.061852e+02	7312	7.402468e+03	2.700000e+00	27	8.221273e-01	8.909348e-01	
2.800000e+00	28	1109	9.061852e+02	7997	7.402468e+03	2.800000e+00	28	8.782122e-01	8.909348e-01	
2.900000e+00	29	-5.413000e+02	9.061852e+02	8692	7.402468e+03	2.900000e+00	29	1.066411e+00	8.909348e-01	
3	30	1.395000e+02	9.061852e+02	7123	7.402468e+03	3	30	9.807917e-01	8.909348e-01	
3.100000e+00	31	1197	9.061852e+02	9337	7.402468e+03	3.100000e+00	31	8.863680e-01	8.909348e-01	
3.200000e+00	32	9.525000e+02	9.061852e+02	6488	7.402468e+03	3.200000e+00	32	8.719844e-01	8.909348e-01	
3.300000e+00	33	2.962000e+02	9.061852e+02	7084	7.402468e+03	3.300000e+00	33	9.598656e-01	8.909348e-01	
3.400000e+00	34	-1.263000e+02	9.061852e+02	8724	7.402468e+03	3.400000e+00	34	1.014690e+00	8.909348e-01	
3.500000e+00	35	8.121000e+02	9.061852e+02	6503	7.402468e+03	3.500000e+00	35	8.889831e-01	8.909348e-01	
3.600000e+00	36	8.442000e+02	9.061852e+02	7573	7.402468e+03	3.600000e+00	36	8.997054e-01	8.909348e-01	
3.700000e+00	37	1522	9.061852e+02	6407	7.402468e+03	3.700000e+00	37	8.080464e-01	8.909348e-01	
3.800000e+00	38	1567	9.061852e+02	8428	7.402468e+03	3.800000e+00	38	8.432216e-01	8.909348e-01	
3.900000e+00	39	5.502000e+01	9.061852e+02	5662	7.402468e+03	3.900000e+00	39	9.903761e-01	8.909348e-01	
4	40	1615	9.061852e+02	5854	7.402468e+03	4	40	7.837729e-01	8.909348e-01	
4.100000e+00	41	1504	9.061852e+02	7248	7.402468e+03	4.100000e+00	41	8.281536e-01	8.909348e-01	
4.200000e+00	42	7.652000e+02	9.061852e+02	7257	7.402468e+03	4.200000e+00	42	9.046147e-01	8.909348e-01	
4.300000e+00	43	-4.473000e+02	9.061852e+02	7944	7.402468e+03	4.300000e+00	43	1.059666e+00	8.909348e-01	
4.400000e+00	44	1.738000e+02	9.061852e+02	6787	7.402468e+03	4.400000e+00	44	9.750316e-01	8.909348e-01	
4.500000e+00	45	1441	9.061852e+02	7789	7.402468e+03	4.500000e+00	45	8.438787e-01	8.909348e-01	
4.600000e+00	46	4.559000e+02	9.061852e+02	9838	7.402468e+03	4.600000e+00	46	9.557116e-01	8.909348e-01	
4.700000e+00	47	8.725000e+02	9.061852e+02	5378	7.402468e+03	4.700000e+00	47	8.604112e-01	8.909348e-01	
4.800000e+00	48	8.885000e+02	9.061852e+02	6716	7.402468e+03	4.800000e+00	48	8.831613e-01	8.909348e-01	
4.900000e+00	49	8.819000e+02	9.061852e+02	7515	7.402468e+03	4.900000e+00	49	8.949731e-01	8.909348e-01	
5	50	1516	9.061852e+02	7755	7.402468e+03	5	50	8.364793e-01	8.909348e-01	
5.100000e+00	51	-7.629000e+02	9.061852e+02	8524	7.402468e+03	5.100000e+00	51	1.098298e+00	8.909348e-01	
5.200000e+00	52	8.052000e+02	9.061852e+02	8268	7.402468e+03	5.200000e+00	52	9.112551e-01	8.909348e-01	
5.300000e+00	53	-6.689000e+02	9.061852e+02	6727	7.402468e+03	5.300000e+00	53	1.110414e+00	8.909348e-01	
5.400000e+00	54	2.179000e+02	9.061852e+02	6333	7.402468e+03	5.400000e+00	54	9.667374e-01	8.909348e-01	
5.500000e+00	55	-3.516000e+02	9.061852e+02	7452	7.402468e+03	5.500000e+00	55	1.049518e+00	8.909348e-01	
5.600000e+00	56	1767	9.061852e+02	5256	7.402468e+03	5.600000e+00	56	7.483981e-01	8.909348e-01	
5.700000e+00	57	1886	9.061852e+02	5668	7.402468e+03	5.700000e+00	57	7.503310e-01	8.909348e-01	
5.800000e+00	58	1095	9.061852e+02	7261	7.402468e+03	5.800000e+00	58	8.689564e-01	8.909348e-01	
5.900000e+00	59	6.966000e+02	9.061852e+02	8012	7.402468e+03	5.900000e+00	59	9.200101e-01	8.909348e-01	
6	60	6.503000e+02	9.061852e+02	5744	7.402468e+03	6	60	8.983000e-01	8.909348e-01	
6.100000e+00	61	1591	9.061852e+02	8303	7.402468e+03	6.100000e+00	61	8.391955e-01	8.909348e-01	
6.200000e+00	62	4.066000e+02	9.061852e+02	7462	7.402468e+03	6.200000e+00	62	9.483263e-01	8.909348e-01	
6.300000e+00	63	5.116000e+02	9.061852e+02	7780	7.402468e+03	6.300000e+00	63	9.382990e-01	8.909348e-01	
6.400000e+00	64	2014	9.061852e+02	6395	7.402468e+03	6.400000e+00	64	7.604947e-01	8.909348e-01	
6.500000e+00	65	1.752000e+02	9.061852e+02	8137	7.402468e+03	6.500000e+00	65	9.789225e-01	8.909348e-01	
6.600000e+00	66	8.565000e+02	9.061852e+02	9610	7.402468e+03	6.600000e+00	66	9.181675e-01	8.909348e-01	
6.700000e+00	67	8.885000e+02	9.061852e+02	6381	7.402468e+03	6.700000e+00	67	8.777770e-01	8.909348e-01	
6.800000e+00	68	1678	9.061852e+02	8490	7.402468e+03	6.800000e+00	68	8.349725e-01	8.909348e-01	
6.900000e+00	69	1.954000e+02	9.061852e+02	7091	7.402468e+03	6.900000e+00	69	9.731829e-01	8.909348e-01	
7	70	7.575000e+02	9.061852e+02	8665	7.402468e+03	7	70	9.196073e-01	8.909348e-01	
7.100000e+00	71	1628	9.061852e+02	8055	7.402468e+03	7.100000e+00	71	8.318703e-01	8.909348e-01	
7.200000e+00	72	1146	9.061852e+02	7638	7.402468e+03	7.200000e+00	72	8.695355e-01	8.909348e-01	
7.300000e+00	73	1615	9.061852e+02	7634	7.402468e+03	7.300000e+00	73	8.253865e-01	8.909348e-01	
7.400000e+00	74	1735	9.061852e+02	8406	7.402468e+03	7.400000e+00	74	8.289123e-01	8.909348e-01	
7.500000e+00	75	1159	9.061852e+02	7355	7.402468e+03	7.500000e+00	75	8.638713e-01	8.909348e-01	
7.600000e+00	76	1506	9.061852e+02	7895	7.402468e+03	7.600000e+00	76	8.398043e-01	8.909348e-01	
7.700000e+00	77	942	9.061852e+02	8401	7.402468e+03	7.700000e+00	77	8.991759e-01	8.909348e-01	
7.800000e+00	78	5.999000e+02	9.061852e+02	7951	7.402468e+03	7.800000e+00	78	9.298436e-01	8.909348e-01	
7.900000e+00	79	4.066000e+02	9.061852e+02	5668	7.402468e+03	7.900000e+00	79	9.330656e-01	8.909348e-01	
8	80	1109	9.061852e+02	6254	7.402468e+03	8	80	8.493820e-01	8.909348e-01	
8.100000e+00	81	6.558000e+02	9.061852e+02	7515	7.402468e+03	8.100000e+00	81	9.197386e-01	8.909348e-01	
8.200000e+00	82	6.095000e+02	9.061852e+02	7210	7.402468e+03	8.200000e+00	82	9.220538e-01	8.909348e-01	
8.300000e+00	83	1024	9.061852e+02	7008	7.402468e+03	8.300000e+00	83	8.725100e-01	8.909348e-01	
8.400000e+00	84	8.224000e+02	9.061852e+02	7386	7.402468e+03	8.400000e+00	84	8.998100e-01	8.909348e-01	
8.500000e+00	85	-3.745000e+02	9.061852e+02	7701	7.402468e+03	8.500000e+00	85	1.051116e+00	8.909348e-01	
8.600000e+00	86	5.331000e+02	9.061852e+02	7710	7.402468e+03	8.600000e+00	86	9.353277e-01	8.909348e-01	
8.700000e+00	87	1252	9.061852e+02	8139	7.402468e+03	8.700000e+00	87	8.666809e-01	8.909348e-01	
8.800000e+00	88	1331	9.061852e+02	7348	7.402468e+03	8.800000e+00	88	8.466413e-01	8.909348e-01	
8.900000e+00	89	6.254000e+02	9.061852e+02	5470	7.402468e+03	8.900000e+00	89	8.973980e-01	8.909348e-01	
9	90	-1.976000e+02	9.061852e+02	8057	7.402468e+03	9	90	1.025142e+00	8.909348e-01	
9.100000e+00	91	1388	9.061852e+02	8108	7.402468e+03	9.100000e+00	91	8.538332e-01	8.909348e-01	
9.200000e+00	92	1100	9.061852e+02	7995	7.402468e+03	9.200000e+00	92	8.790544e-01	8.909348e-01	
9.300000e+00	93	1049	9.061852e+02	7450	7.402468e+03	9.300000e+00	93	8.765737e-01	8.909348e-01	
9.400000e+00	94	1322	9.061852e+02	5971	7.402468e+03	9.400000e+00	94	8.187303e-01	8.909348e-01	
9.500000e+00	95	9.974000e+02	9.061852e+02	8920	7.402468e+03	9.500000e+00	95	8.994293e-01	8.909348e-01	
9.600000e+00	96	-6.219000e+02	9.061852e+02	8099	7.402468e+03	9.600000e+00	96	1.083174e+00	8.909348e-01	
9.700000e+00	97	7.131000e+02	9.061852e+02	7328	7.402468e+03	9.700000e+00	97	9.113181e-01	8.909348e-01	
9.800000e+00	98	1565	9.061852e+02	7233	7.402468e+03	9.800000e+00	98	8.221187e-01	8.909348e-01	
9.900000e+00	99	5.098000e+02	9.061852e+02	7592	7.402468e+03	9.900000e+00	99	9.370757e-01	8.909348e-01	
10	100	2.352000e+02	9.061852e+02	6413	7.402468e+03	10	100	9.646220e-01	8.909348e-01	
1.010000e+01	101	976	9.061852e+02	6742	7.402468e+03	1.010000e+01	101	8.735424e-01	8.909348e-01	
1.020000e+01	102	8.227000e+02	9.061852e+02	6178	7.402468e+03	1.020000e+01	102	8.824832e-01	8.909348e-01	
1.030000e+01	103	7.012000e+01	9.061852e+02	7680	7.402468e+03	1.030000e+01	103	9.909524e-01	8.909348e-01	
1.040000e+01	104	1.687000e+02	9.061852e+02	6468	7.402468e+03	1.040000e+01	104	9.745807e-01	8.909348e-01	
1.050000e+01	105	2.967000e+02	9.061852e+02	7304	7.402468e+03	1.050000e+01	105	9.609641e-01	8.909348e-01	
1.060000e+01	106	3.139000e+02	9.061852e+02	5597	4.752652e+03	1.060000e+01	106	9.468947e-01	8.909348e-01	
1.070000e+01	107	4.776000e+02	9.061852e+02	5620	4.752652e+03	1.070000e+01	107	9.216741e-01	8.909348e-01	
1.080000e+01	108	1794	9.061852e+02	5344	4.752652e+03	1.080000e+01	108	7.486691e-01	8.909348e-01	
1.090000e+01	109	5986	6.949341e+03	1595	1.521843e+03	1.090000e+01	109	2.103944e-01	1.796494e-01	
11	110	6769	6.949341e+03	1599	1.521843e+03	11	110	1.910851e-01	1.796494e-01	
1.110000e+01	111	6360	6.949341e+03	1799	1.521843e+03	1.110000e+01	111	2.204927e-01	1.796494e-01	
1.120000e+01	112	4771	6.949341e+03	3399	1.521843e+03	1.120000e+01	112	4.160343e-01	1.796494e-01	
1.130000e+01	113	6270	6.949341e+03	1711	1.521843e+03	1.130000e+01	113	2.143842e-01	1.796494e-01	
1.140000e+01	114	6936	6.949341e+03	1198	1.521843e+03	1.140000e+01	114	1.472830e-01	1.796494e-01	
1.150000e+01	115	7943	6.949341e+03	2682	1.521843e+03	1.150000e+01	115	2.524235e-01	1.796494e-01	
1.160000e+01	116	8343	6.949341e+03	1323	1.521843e+03	1.160000e+01	116	1.368715e-01	1.796494e-01	
1.170000e+01	117	6593	6.949341e+03	3938	1.521843e+03	1.170000e+01	117	3.739436e-01	1.796494e-01	
1.180000e+01	118	8384	6.949341e+03	7.612000e+01	1.521843e+03	1.180000e+01	118	8.997508e-03	1.796494e-01	
1.190000e+01	119	7698	6.949341e+03	1221	1.521843e+03	1.190000e+01	119	1.368988e-01	1.796494e-01	
12	120	9415	6.949341e+03	1835	1.521843e+03	12	120	1.631111e-01	1.796494e-01	
1.210000e+01	121	7472	6.949341e+03	9.231000e+02	1.521843e+03	1.210000e+01	121	1.099570e-01	1.796494e-01	
1.220000e+01	122	8282	6.949341e+03	1874	1.521843e+03	1.220000e+01	122	1.845215e-01	1.796494e-01	
1.230000e+01	123	7474	6.949341e+03	1711	1.521843e+03	1.230000e+01	123	1.862820e-01	1.796494e-01	
1.240000e+01	124	5957	6.949341e+03	9.958000e+02	1.521843e+03	1.240000e+01	124	1.432229e-01	1.796494e-01	
1.250000e+01	125	9363	6.949341e+03	1036	1.521843e+03	1.250000e+01	125	9.962496e-02	1.796494e-01	
1.260000e+01	126	8282	6.949341e+03	884	1.521843e+03	1.260000e+01	126	9.644338e-02	1.796494e-01	
1.270000e+01	127	7697	6.949341e+03	2205	1.521843e+03	1.270000e+01	127	2.226823e-01	1.796494e-01	
1.280000e+01	128	7909	6.949341e+03	1120	1.521843e+03	1.280000e+01	128	1.240447e-01	1.796494e-01	
1.290000e+01	129	6487	6.949341e+03	1039	1.521843e+03	1.290000e+01	129	1.380547e-01	1.796494e-01	
13	130	8025	6.949341e+03	3135	1.521843e+03	13	130	2.809140e-01	1.796494e-01	
1.310000e+01	131	6116	6.949341e+03	1757	1.521843e+03	1.310000e+01	131	2.231678e-01	1.796494e-01	
1.320000e+01	132	6683	6.949341e+03	1288	1.521843e+03	1.320000e+01	132	1.615857e-01	1.796494e-01	
1.330000e+01	133	8223	6.949341e+03	6.679000e+02	1.521843e+03	1.330000e+01	133	7.512175e-02	1.796494e-01	
1.340000e+01	134	7437	6.949341e+03	1884	1.521843e+03	1.340000e+01	134	2.021242e-01	1.796494e-01	
1.350000e+01	135	7719	6.949341e+03	1603	1.521843e+03	1.350000e+01	135	1.719588e-01	1.796494e-01	
1.360000e+01	136	8252	6.949341e+03	1206	1.521843e+03	1.360000e+01	136	1.275111e-01	1.796494e-01	
1.370000e+01	137	6976	6.949341e+03	2758	1.521843e+03	1.370000e+01	137	2.833368e-01	1.796494e-01	
1.380000e+01	138	4986	6.949341e+03	4600	4.752652e+03	1.380000e+01	138	4.798665e-01	1.796494e-01	
1.390000e+01	139	3629	3440	4537	4.752652e+03	1.390000e+01	139	5.555964e-01	5.801116e-01	
14	140	2554	3440	4628	4.752652e+03	14	140	6.443887e-01	5.801116e-01	
1.410000e+01	141	2805	3440	4379	4.752652e+03	1.410000e+01	141	6.095490e-01	5.801116e-01	
1.420000e+01	142	3203	3440	5682	4.752652e+03	1.420000e+01	142	6.395048e-01	5.801116e-01	
1.430000e+01	143	3661	3440	5941	4.752652e+03	1.430000e+01	143	6.187253e-01	5.801116e-01	
1.440000e+01	144	2321	3440	4332	4.752652e+03	1.440000e+01	144	6.511348e-01	5.801116e-01	
1.450000e+01	145	3708	3440	4017	4.752652e+03	1.450000e+01	145	5.200000e-01	5.801116e-01	
1.460000e+01	146	4091	3440	4251	4.752652e+03	1.460000e+01	146	5.095900e-01	5.801116e-01	
1.470000e+01	147	2002	3440	4799	4.752652e+03	1.470000e+01	147	7.056315e-01	5.801116e-01	
1.480000e+01	148	3759	3440	4787	4.752652e+03	1.480000e+01	148	5.601451e-01	5.801116e-01	
1.490000e+01	149	3478	3440	4979	4.752652e+03	1.490000e+01	149	5.887431e-01	5.801116e-01	
15	150	3603	3440	5089	4.752652e+03	15	150	5.854809e-01	5.801116e-01	
1.510000e+01	151	1994	3440	4101	4.752652e+03	1.510000e+01	151	6.728466e-01	5.801116e-01	
1.520000e+01	152	3087	3440	3689	4.752652e+03	1.520000e+01	152	5.444215e-01	5.801116e-01	
1.530000e+01	153	3231	3440	4170	4.752652e+03	1.530000e+01	153	5.634374e-01	5.801116e-01	
1.540000e+01	154	3382	3440	5046	4.752652e+03	1.540000e+01	154	5.987186e-01	5.801116e-01	
1.550000e+01	155	3699	3440	4588	4.752652e+03	1.550000e+01	155	5.536382e-01	5.801116e-01	
1.560000e+01	156	-3.353000e+02	9.061852e+02	6671	7.402468e+03	1.560000e+01	156	1.052922e+00	8.909348e-01	
1.570000e+01	157	1.295000e+02	9.061852e+02	7273	7.402468e+03	1.570000e+01	157	9.825059e-01	8.909348e-01	
1.580000e+01	158	6.954000e+02	9.061852e+02	8078	7.402468e+03	1.580000e+01	158	9.207377e-01	8.909348e-01	
1.590000e+01	159	1110	9.061852e+02	8550	7.402468e+03	1.590000e+01	159	8.850932e-01	8.909348e-01	
16	160	9.033000e+02	9.061852e+02	6227	7.402468e+03	16	160	8.733153e-01	8.909348e-01	
1.610000e+01	161	4.641000e+02	9.061852e+02	9078	7.402468e+03	1.610000e+01	161	9.513629e-01	8.909348e-01	
1.620000e+01	162	1905	9.061852e+02	7998	7.402468e+03	1.620000e+01	162	8.076341e-01	8.909348e-01	
1.630000e+01	163	-7.423000e+02	9.061852e+02	6115	7.402468e+03	1.630000e+01	163	1.138161e+00	8.909348e-01	
1.640000e+01	164	1462	9.061852e+02	7212	7.402468e+03	1.640000e+01	164	8.314503e-01	8.909348e-01	
1.650000e+01	165	-1.233000e+02	9.061852e+02	6578	7.402468e+03	1.650000e+01	165	1.019102e+00	8.909348e-01	
1.660000e+01	166	1.599000e+02	9.061852e+02	7821	7.402468e+03	1.660000e+01	166	9.799647e-01	8.909348e-01	
1.670000e+01	167	172	9.061852e+02	6840	7.402468e+03	1.670000e+01	167	9.754706e-01	8.909348e-01	
1.680000e+01	168	9.799000e+02	9.061852e+02	6731	7.402468e+03	1.680000e+01	168	8.729202e-01	8.909348e-01	
1.690000e+01	169	1843	9.061852e+02	9612	7.402468e+03	1.690000e+01	169	8.391096e-01	8.909348e-01	
17	170	1904	9.061852e+02	9211	7.402468e+03	17	170	8.287000e-01	8.909348e-01	
1.710000e+01	171	4.108000e+02	9.061852e+02	7564	7.402468e+03	1.710000e+01	171	9.484877e-01	8.909348e-01	
1.720000e+01	172	1498	9.061852e+02	6654	7.402468e+03	1.720000e+01	172	8.162414e-01	8.909348e-01	
1.730000e+01	173	4.199000e+02	9.061852e+02	6362	7.402468e+03	1.730000e+01	173	9.380852e-01	8.909348e-01	
1.740000e+01	174	6.683000e+02	9.061852e+02	8592	7.402468e+03	1.740000e+01	174	9.278317e-01	8.909348e-01	
1.750000e+01	175	1353	9.061852e+02	8270	7.402468e+03	1.750000e+01	175	8.593994e-01	8.909348e-01	
1.760000e+01	176	8.127000e+02	9.061852e+02	7132	7.402468e+03	1.760000e+01	176	8.977054e-01	8.909348e-01	
1.770000e+01	177	2.288000e+02	9.061852e+02	6890	7.402468e+03	1.770000e+01	177	9.678598e-01	8.909348e-01	
1.780000e+01	178	8.249000e+02	9.061852e+02	7144	7.402468e+03	1.780000e+01	178	8.964851e-01	8.909348e-01	
1.790000e+01	179	-7.011000e+02	9.061852e+02	6029	7.402468e+03	1.790000e+01	179	1.131590e+00	8.909348e-01	
18	180	1625	9.061852e+02	6953	7.402468e+03	18	180	8.105619e-01	8.909348e-01	
1.810000e+01	181	3.521000e+02	9.061852e+02	6188	7.402468e+03	1.810000e+01	181	9.461629e-01	8.909348e-01	
1.820000e+01	182	2520	9.061852e+02	7696	7.402468e+03	1.820000e+01	182	7.533281e-01	8.909348e-01	
1.830000e+01	183	2175	9.061852e+02	6409	7.402468e+03	1.830000e+01	183	7.466216e-01	8.909348e-01	
1.840000e+01	184	1708	9.061852e+02	7836	7.402468e+03	1.840000e+01	184	8.210394e-01	8.909348e-01	
1.850000e+01	185	-6.941000e+02	9.061852e+02	8639	7.402468e+03	1.850000e+01	185	1.087364e+00	8.909348e-01	
1.860000e+01	186	3.219000e+02	9.061852e+02	5721	7.402468e+03	1.860000e+01	186	9.467309e-01	8.909348e-01	
1.870000e+01	187	2494	9.061852e+02	6495	7.402468e+03	1.870000e+01	187	7.225498e-01	8.909348e-01	
1.880000e+01	188	6772	9.061852e+02	-3.354000e+02	1.521843e+03	1.880000e+01	188	-5.210826e-02	8.909348e-01	
1.890000e+01	189	4375	6.949341e+03	3356	1.521843e+03	1.890000e+01	189	4.340965e-01	1.796494e-01	
19	190	1285	9.061852e+02	9146	7.402468e+03	19	190	8.768095e-01	1.796494e-01	
1.910000e+01	191	-7.755000e+02	9.061852e+02	8049	7.402468e+03	1.910000e+01	191	1.106620e+00	1.796494e-01	
1.920000e+01	192	9.099000e+02	9.061852e+02	4944	7.402468e+03	1.920000e+01	192	8.445652e-01	1.796494e-01	
1.930000e+01	193	7.138000e+02	9.061852e+02	8306	7.402468e+03	1.930000e+01	193	9.208630e-01	1.796494e-01	
1.940000e+01	194	984	9.061852e+02	7680	7.402468e+03	1.940000e+01	194	8.864266e-01	1.796494e-01	
1.950000e+01	195	569	9.061852e+02	7835	7.402468e+03	1.950000e+01	195	9.322941e-01	1.796494e-01	
1.960000e+01	196	1312	9.061852e+02	6664	7.402468e+03	1.960000e+01	196	8.355065e-01	1.796494e-01	
1.970000e+01	197	1660	9.061852e+02	8394	7.402468e+03	1.970000e+01	197	8.348916e-01	1.796494e-01	
1.980000e+01	198	4.787000e+02	9.061852e+02	9246	7.402468e+03	1.980000e+01	198	9.507748e-01	1.796494e-01	
1.990000e+01	199	5.181000e+02	9.061852e+02	8582	7.402468e+03	1.990000e+01	199	9.430666e-01	1.796494e-01	
20	200	1453	9.061852e+02	7715	7.402468e+03	20	200	8.415140e-01	1.796494e-01	
2.010000e+01	201	7.142000e+02	9.061852e+02	7589	7.402468e+03	2.010000e+01	201	9.139850e-01	1.796494e-01	
2.020000e+01	202	919	9.061852e+02	7246	7.402468e+03	2.020000e+01	202	8.874464e-01	1.796494e-01	
2.030000e+01	203	1137	9.061852e+02	7224	7.402468e+03	2.030000e+01	203	8.640115e-01	1.796494e-01	
2.040000e+01	204	1073	9.061852e+02	8158	7.402468e+03	2.040000e+01	204	8.837612e-01	1.796494e-01	
2.050000e+01	205	9.393000e+02	9.061852e+02	8873	7.402468e+03	2.050000e+01	205	9.042732e-01	1.796494e-01	
2.060000e+01	206	1909	9.061852e+02	6125	7.402468e+03	2.060000e+01	206	7.623849e-01	1.796494e-01	
2.070000e+01	207	1796	9.061852e+02	6298	7.402468e+03	2.070000e+01	207	7.781072e-01	1.796494e-01	
2.080000e+01	208	-2.043000e+01	9.061852e+02	7961	7.402468e+03	2.080000e+01	208	1.002573e+00	1.796494e-01	
2.090000e+01	209	1.782000e+02	9.061852e+02	5939	7.402468e+03	2.090000e+01	209	9.708690e-01	1.796494e-01	
21	210	665	9.061852e+02	7368	7.402468e+03	21	210	9.172165e-01	1.796494e-01	
2.110000e+01	211	1398	9.061852e+02	8677	7.402468e+03	2.110000e+01	211	8.612407e-01	1.796494e-01	
2.120000e+01	212	1174	9.061852e+02	8554	7.402468e+03	2.120000e+01	212	8.793174e-01	1.796494e-01	
2.130000e+01	213	2024	9.061852e+02	7292	7.402468e+03	2.130000e+01	213	7.827394e-01	1.796494e-01	
2.140000e+01	214	6.422000e+02	9.061852e+02	9499	7.402468e+03	2.140000e+01	214	9.366742e-01	1.796494e-01	
2.150000e+01	215	5.043000e+02	9.061852e+02	7478	7.402468e+03	2.150000e+01	215	9.368227e-01	1.796494e-01	
2.160000e+01	216	7.764000e+02	9.061852e+02	7464	7.402468e+03	2.160000e+01	216	9.057813e-01	1.796494e-01	
2.170000e+01	217	1070	9.061852e+02	6701	7.402468e+03	2.170000e+01	217	8.623086e-01	1.796494e-01	
2.180000e+01	218	8.633000e+02	9.061852e+02	9195	7.402468e+03	2.180000e+01	218	9.141704e-01	1.796494e-01	
2.190000e+01	219	9.291000e+02	9.061852e+02	5614	4.752652e+03	2.190000e+01	219	8.580031e-01	1.796494e-01	
22	220	4838	6.949341e+03	4132	4.752652e+03	22	220	4.606466e-01	4.061404e-01	
2.210000e+01	221	8133	6.949341e+03	5.022000e+02	1.521843e+03	2.210000e+01	221	5.815731e-02	4.061404e-01	
2.220000e+01	222	8397	6.949341e+03	1478	1.521843e+03	2.220000e+01	222	1.496709e-01	4.061404e-01	
2.230000e+01	223	6586	6.949341e+03	2954	1.521843e+03	2.230000e+01	223	3.096436e-01	4.061404e-01	
2.240000e+01	224	8315	6.949341e+03	-4.758000e+01	1.521843e+03	2.240000e+01	224	-5.755121e-03	4.061404e-01	
2.250000e+01	225	6034	6.949341e+03	6.007000e+02	1.521843e+03	2.250000e+01	225	9.053914e-02	4.061404e-01	
2.260000e+01	226	5378	6.949341e+03	1407	1.521843e+03	2.260000e+01	226	2.073692e-01	4.061404e-01	
2.270000e+01	227	9266	6.949341e+03	1652	1.521843e+03	2.270000e+01	227	1.513098e-01	4.061404e-01	
2.280000e+01	228	7164	6.949341e+03	1.159000e+02	1.521843e+03	2.280000e+01	228	1.592055e-02	4.061404e-01	
2.290000e+01	229	8057	6.949341e+03	3.445000e+02	1.521843e+03	2.290000e+01	229	4.100458e-02	4.061404e-01	
23	230	7059	6.949341e+03	-2.343000e+02	1.521843e+03	23	230	-3.433118e-02	4.061404e-01	
2.310000e+01	231	6607	6.949341e+03	1805	1.521843e+03	2.310000e+01	231	2.145744e-01	4.061404e-01	
2.320000e+01	232	6872	6.949341e+03	-155	1.521843e+03	2.320000e+01	232	-2.307578e-02	4.061404e-01	
2.330000e+01	233	7288	6.949341e+03	1311	1.521843e+03	2.330000e+01	233	1.524596e-01	4.061404e-01	
2.340000e+01	234	7674	6.949341e+03	1566	1.521843e+03	2.340000e+01	234	1.694805e-01	4.061404e-01	
2.350000e+01	235	8046	6.949341e+03	2062	1.521843e+03	2.350000e+01	235	2.039968e-01	4.061404e-01	
2.360000e+01	236	9175	6.949341e+03	2257	1.521843e+03	2.360000e+01	236	1.974283e-01	4.061404e-01	
2.370000e+01	237	6156	6.949341e+03	1054	1.521843e+03	2.370000e+01	237	1.461859e-01	4.061404e-01	
2.380000e+01	238	4200	6.949341e+03	5568	7.402468e+03	2.380000e+01	238	5.700246e-01	4.061404e-01	
2.390000e+01	239	1544	9.061852e+02	8900	7.402468e+03	2.390000e+01	239	8.521639e-01	8.909348e-01	
24	240	3.066000e+02	9.061852e+02	6453	7.402468e+03	24	240	9.546423e-01	8.909348e-01	
2.410000e+01	241	-4.312000e+02	9.061852e+02	8645	7.402468e+03	2.410000e+01	241	1.052497e+00	8.909348e-01	
2.420000e+01	242	8.079000e+02	9.061852e+02	7514	7.402468e+03	2.420000e+01	242	9.029188e-01	8.909348e-01	
2.430000e+01	243	1522	9.061852e+02	8929	7.402468e+03	2.430000e+01	243	8.543680e-01	8.909348e-01	
2.440000e+01	244	1.474000e+02	9.061852e+02	7575	7.402468e+03	2.440000e+01	244	9.809127e-01	8.909348e-01	
2.450000e+01	245	1403	9.061852e+02	7221	7.402468e+03	2.450000e+01	245	8.373145e-01	8.909348e-01	
2.460000e+01	246	2759	9.061852e+02	6191	7.402468e+03	2.460000e+01	246	6.917318e-01	8.909348e-01	
2.470000e+01	247	7228	6.949341e+03	-1.657000e+02	1.521843e+03	2.470000e+01	247	-2.346261e-02	1.796494e-01	
2.480000e+01	248	7142	6.949341e+03	5.132000e+02	1.521843e+03	2.480000e+01	248	6.703940e-02	1.796494e-01	
2.490000e+01	249	5716	6.949341e+03	2624	1.521843e+03	2.490000e+01	249	3.146283e-01	1.796494e-01	
25	250	1905	9.061852e+02	6941	7.402468e+03	25	250	7.846484e-01	8.909348e-01	
2.510000e+01	251	1215	9.061852e+02	6480	7.402468e+03	2.510000e+01	251	8.421053e-01	8.909348e-01	
2.520000e+01	252	1083	9.061852e+02	7649	7.402468e+03	2.520000e+01	252	8.759734e-01	8.909348e-01	
2.530000e+01	253	-1.971000e+02	9.061852e+02	7712	7.402468e+03	2.530000e+01	253	1.026228e+00	8.909348e-01	
2.540000e+01	254	3.471000e+02	9.061852e+02	6903	7.402468e+03	2.540000e+01	254	9.521248e-01	8.909348e-01	
2.550000e+01	255	2642	9.061852e+02	8291	7.402468e+03	2.550000e+01	255	7.583463e-01	8.909348e-01	
2.560000e+01	256	7.198000e+02	9.061852e+02	6207	7.402468e+03	2.560000e+01	256	8.960848e-01	8.909348e-01	
2.570000e+01	257	1193	9.061852e+02	7178	7.402468e+03	2.570000e+01	257	8.574842e-01	8.909348e-01	
2.580000e+01	258	2716	9.061852e+02	4476	7.402468e+03	2.580000e+01	258	6.223582e-01	8.909348e-01	
2.590000e+01	259	7123	6.949341e+03	1483	1.521843e+03	2.590000e+01	259	1.723216e-01	1.796494e-01	
26	260	7514	6.949341e+03	1339	1.521843e+03	26	260	1.512482e-01	1.796494e-01	
2.610000e+01	261	6559	6.949341e+03	8.628000e+02	1.521843e+03	2.610000e+01	261	1.162521e-01	1.796494e-01	
2.620000e+01	262	7011	6.949341e+03	6.921000e+02	1.521843e+03	2.620000e+01	262	8.984694e-02	1.796494e-01	
2.630000e+01	263	4800	6.949341e+03	3758	1.521843e+03	2.630000e+01	263	4.391213e-01	1.796494e-01	
2.640000e+01	264	-2.981000e+01	6.949341e+03	7099	1.521843e+03	2.640000e+01	264	1.004217e+00	1.796494e-01	
2.650000e+01	265	5658	6.949341e+03	3252	1.521843e+03	2.650000e+01	265	3.649832e-01	1.796494e-01	
2.660000e+01	266	6950	6.949341e+03	1.665000e+02	1.521843e+03	2.660000e+01	266	2.339633e-02	1.796494e-01	
2.670000e+01	267	5850	6.949341e+03	9.675000e+02	1.521843e+03	2.670000e+01	267	1.419142e-01	1.796494e-01	
2.680000e+01	268	7238	6.949341e+03	1453	1.521843e+03	2.680000e+01	268	1.671844e-01	1.796494e-01	
2.690000e+01	269	5920	6.949341e+03	1177	1.521843e+03	2.690000e+01	269	1.658447e-01	1.796494e-01	
27	270	7496	6.949341e+03	1345	1.521843e+03	27	270	1.521321e-01	1.796494e-01	
2.710000e+01	271	6958	6.949341e+03	1287	1.521843e+03	2.710000e+01	271	1.560946e-01	1.796494e-01	
2.720000e+01	272	6734	6.949341e+03	2616	1.521843e+03	2.720000e+01	272	2.797861e-01	1.796494e-01	
2.730000e+01	273	6659	6.949341e+03	718	1.521843e+03	2.730000e+01	273	9.732954e-02	1.796494e-01	
2.740000e+01	274	8443	6.949341e+03	1622	1.521843e+03	2.740000e+01	274	1.611525e-01	1.796494e-01	
2.750000e+01	275	6591	6.949341e+03	1771	1.521843e+03	2.750000e+01	275	2.117914e-01	1.796494e-01	
2.760000e+01	276	7415	6.949341e+03	2.708000e+02	1.521843e+03	2.760000e+01	276	3.523381e-02	1.796494e-01	
2.770000e+01	277	4587	3440	3575	4.752652e+03	2.770000e+01	277	4.380054e-01	5.801116e-01	
2.780000e+01	278	2886	3440	4541	4.752652e+03	2.780000e+01	278	6.114178e-01	5.801116e-01	
2.790000e+01	279	4233	3440	4027	4.752652e+03	2.790000e+01	279	4.875303e-01	5.801116e-01	
28	280	3691	3440	4276	4.752652e+03	28	280	5.367139e-01	5.801116e-01	
2.810000e+01	281	3082	3440	4512	4.752652e+03	2.810000e+01	281	5.941533e-01	5.801116e-01	
2.820000e+01	282	2911	3440	4683	4.752652e+03	2.820000e+01	282	6.166711e-01	5.801116e-01	
2.830000e+01	283	2714	3440	4135	4.752652e+03	2.830000e+01	283	6.037378e-01	5.801116e-01	
2.840000e+01	284	3513	3440	3906	4.752652e+03	2.840000e+01	284	5.264860e-01	5.801116e-01	
2.850000e+01	285	3511	3440	4489	4.752652e+03	2.850000e+01	285	5.611250e-01	5.801116e-01	
2.860000e+01	286	3132	3440	4696	4.752652e+03	2.860000e+01	286	5.998978e-01	5.801116e-01	
2.870000e+01	287	3041	3440	5618	4.752652e+03	2.870000e+01	287	6.488047e-01	5.801116e-01	
2.880000e+01	288	4402	3440	5156	4.752652e+03	2.880000e+01	288	5.394434e-01	5.801116e-01	
2.890000e+01	289	2506	3440	5485	4.752652e+03	2.890000e+01	289	6.863972e-01	5.801116e-01	
29	290	3937	3440	3298	4.752652e+03	29	290	4.558397e-01	5.801116e-01	
2.910000e+01	291	3758	3440	3403	4.752652e+03	2.910000e+01	291	4.752130e-01	5.801116e-01	
2.920000e+01	292	3530	3440	5085	4.752652e+03	2.920000e+01	292	5.902496e-01	5.801116e-01	
2.930000e+01	293	3156	3440	5387	4.752652e+03	2.930000e+01	293	6.305747e-01	5.801116e-01	
2.940000e+01	294	3586	3440	4501	4.752652e+03	2.940000e+01	294	5.565723e-01	5.801116e-01	
2.950000e+01	295	4920	3440	3930	4.752652e+03	2.950000e+01	295	4.440678e-01	5.801116e-01	
2.960000e+01	296	3338	3440	4451	4.752652e+03	2.960000e+01	296	5.714469e-01	5.801116e-01	
2.970000e+01	297	3281	3440	4117	4.752652e+03	2.970000e+01	297	5.565018e-01	5.801116e-01	
2.980000e+01	298	3763	3440	4947	4.752652e+03	2.980000e+01	298	5.679679e-01	5.801116e-01	
2.990000e+01	299	3241	3440	4890	4.752652e+03	2.990000e+01	299	6.014020e-01	5.801116e-01	
30	300	3997	3440	5162	4.752652e+03	30	300	5.635986e-01	5.801116e-01	
3.010000e+01	301	3832	3440	4976	4.752652e+03	3.010000e+01	301	5.649410e-01	5.801116e-01	
3.020000e+01	302	4364	3440	4583	4.752652e+03	3.020000e+01	302	5.122387e-01	5.801116e-01	
3.030000e+01	303	4116	3440	5348	4.752652e+03	3.030000e+01	303	5.650888e-01	5.801116e-01	
3.040000e+01	304	2487	3440	4239	4.752652e+03	3.040000e+01	304	6.302409e-01	5.801116e-01	
3.050000e+01	305	3750	3440	5746	4.752652e+03	3.050000e+01	305	6.050969e-01	5.801116e-01	
3.060000e+01	306	3831	3440	4078	4.752652e+03	3.060000e+01	306	5.156151e-01	5.801116e-01	
3.070000e+01	307	3359	3440	4683	4.752652e+03	3.070000e+01	307	5.823178e-01	5.801116e-01	
3.080000e+01	308	1845	3440	4636	4.752652e+03	3.080000e+01	308	7.153217e-01	5.801116e-01	
3.090000e+01	309	4003	3440	5844	4.752652e+03	3.090000e+01	309	5.934802e-01	5.801116e-01	
31	310	4264	3440	4451	4.752652e+03	31	310	5.107286e-01	5.801116e-01	
3.110000e+01	311	1314	9.061852e+02	7781	7.402468e+03	3.110000e+01	311	8.555250e-01	8.909348e-01	
3.120000e+01	312	1860	9.061852e+02	7065	7.402468e+03	3.120000e+01	312	7.915966e-01	8.909348e-01	
3.130000e+01	313	1927	9.061852e+02	7095	7.402468e+03	3.130000e+01	313	7.864110e-01	8.909348e-01	
3.140000e+01	314	3.074000e+02	9.061852e+02	7483	7.402468e+03	3.140000e+01	314	9.605412e-01	8.909348e-01	
3.150000e+01	315	-2.186000e+02	9.061852e+02	6138	7.402468e+03	3.150000e+01	315	1.036929e+00	8.909348e-01	
3.160000e+01	316	1291	9.061852e+02	7688	7.402468e+03	3.160000e+01	316	8.562201e-01	8.909348e-01	
3.170000e+01	317	1493	9.061852e+02	5713	4.752652e+03	3.170000e+01	317	7.928115e-01	8.909348e-01	
3.180000e+01	318	3466	3440	4587	4.752652e+03	3.180000e+01	318	5.696014e-01	5.801116e-01	
3.190000e+01	319	3452	3440	5490	4.752652e+03	3.190000e+01	319	6.139566e-01	5.801116e-01	
32	320	3006	3440	4996	4.752652e+03	32	320	6.243439e-01	5.801116e-01	
3.210000e+01	321	4212	3440	5609	4.752652e+03	3.210000e+01	321	5.711231e-01	5.801116e-01	
3.220000e+01	322	4057	3440	5110	4.752652e+03	3.220000e+01	322	5.574343e-01	5.801116e-01	
3.230000e+01	323	4301	3440	4217	4.752652e+03	3.230000e+01	323	4.950693e-01	5.801116e-01	
3.240000e+01	324	2945	3440	5593	4.752652e+03	3.240000e+01	324	6.550714e-01	5.801116e-01	
3.250000e+01	325	4625	3440	5034	4.752652e+03	3.250000e+01	325	5.211720e-01	5.801116e-01	
3.260000e+01	326	3014	3440	4880	4.752652e+03	3.260000e+01	326	6.181910e-01	5.801116e-01	
3.270000e+01	327	1743	3440	4644	4.752652e+03	3.270000e+01	327	7.271019e-01	5.801116e-01	
3.280000e+01	328	3685	3440	5284	4.752652e+03	3.280000e+01	328	5.891404e-01	5.801116e-01	
3.290000e+01	329	1503	9.061852e+02	7706	7.402468e+03	3.290000e+01	329	8.367901e-01	8.909348e-01	
33	330	1.291000e+02	9.061852e+02	8256	7.402468e+03	33	330	9.846036e-01	8.909348e-01	
3.310000e+01	331	760	9.061852e+02	8860	7.402468e+03	3.310000e+01	331	9.209979e-01	8.909348e-01	
3.320000e+01	332	1654	9.061852e+02	6494	7.402468e+03	3.320000e+01	332	7.970054e-01	8.909348e-01	
3.330000e+01	333	1539	9.061852e+02	6255	7.402468e+03	3.330000e+01	333	8.025404e-01	8.909348e-01	
3.340000e+01	334	5.315000e+02	9.061852e+02	6977	7.402468e+03	3.340000e+01	334	9.292136e-01	8.909348e-01	
3.350000e+01	335	4.319000e+02	9.061852e+02	7686	7.402468e+03	3.350000e+01	335	9.467966e-01	8.909348e-01	
3.360000e+01	336	1280	9.061852e+02	7759	7.402468e+03	3.360000e+01	336	8.583914e-01	8.909348e-01	
3.370000e+01	337	1261	9.061852e+02	6656	7.402468e+03	3.370000e+01	337	8.407225e-01	8.909348e-01	
3.380000e+01	338	1666	9.061852e+02	6563	7.402468e+03	3.380000e+01	338	7.975453e-01	8.909348e-01	
3.390000e+01	339	7.787000e+02	9.061852e+02	8069	7.402468e+03	3.390000e+01	339	9.119884e-01	8.909348e-01	
34	340	1373	9.061852e+02	7224	7.402468e+03	34	340	8.402931e-01	8.909348e-01	
3.410000e+01	341	1244	9.061852e+02	8965	7.402468e+03	3.410000e+01	341	8.781467e-01	0	
