coordinates:	43.9,143.0	128.9,143.0	213.9,143.0
timeat184nm	I_1at184nm	I_2at184nm	I_3at184nm
1.000000e-01	128	136	123
2.000000e-01	113	139	118
3.000000e-01	113	113	138
4.000000e-01	134	129	117
5.000000e-01	113	125	118
6.000000e-01	113	113	135
7.000000e-01	124	129	122
8.000000e-01	113	129	116
9.000000e-01	113	113	152
1	128	124	118
1.100000e+00	113	138	119
1.200000e+00	113	113	146
1.300000e+00	128	130	123
1.400000e+00	113	135	121
1.500000e+00	113	113	140
1.600000e+00	126	133	118
1.700000e+00	113	141	120
1.800000e+00	113	113	138
1.900000e+00	125	120	119
2	113	134	120
2.100000e+00	113	113	147
2.200000e+00	135	128	119
2.300000e+00	113	138	121
2.400000e+00	113	113	156
2.500000e+00	124	138	118
2.600000e+00	113	136	120
2.700000e+00	113	113	157
2.800000e+00	132	126	121
2.900000e+00	113	144	121
3	113	113	144
3.100000e+00	131	125	119
3.200000e+00	113	131	122
3.300000e+00	113	113	145
3.400000e+00	139	131	122
3.500000e+00	113	124	119
3.600000e+00	113	113	153
3.700000e+00	127	120	119
3.800000e+00	113	135	130
3.900000e+00	113	113	142
4	132	124	118
4.100000e+00	113	137	120
4.200000e+00	113	113	150
4.300000e+00	127	127	117
4.400000e+00	113	139	118
4.500000e+00	113	113	144
4.600000e+00	130	136	122
4.700000e+00	113	133	123
4.800000e+00	113	113	144
4.900000e+00	124	131	122
5	113	138	120
5.100000e+00	113	113	143
5.200000e+00	124	131	119
5.300000e+00	113	131	120
5.400000e+00	113	113	146
5.500000e+00	137	127	120
5.600000e+00	113	139	116
5.700000e+00	113	113	156
5.800000e+00	128	131	119
5.900000e+00	113	136	118
6	113	113	147
6.100000e+00	124	127	124
6.200000e+00	113	138	121
6.300000e+00	113	113	157
6.400000e+00	132	130	119
6.500000e+00	113	132	125
6.600000e+00	113	113	146
6.700000e+00	133	131	125
6.800000e+00	113	140	119
6.900000e+00	113	113	145
7	124	127	120
7.100000e+00	113	138	121
7.200000e+00	113	113	154
7.300000e+00	129	132	121
7.400000e+00	113	131	118
7.500000e+00	113	113	150
7.600000e+00	125	131	119
7.700000e+00	113	135	126
7.800000e+00	113	113	147
7.900000e+00	127	124	119
8	113	133	120
8.100000e+00	113	113	151
8.200000e+00	126	131	120
8.300000e+00	113	128	122
8.400000e+00	113	113	141
8.500000e+00	131	127	123
8.600000e+00	113	135	121
8.700000e+00	113	113	141
8.800000e+00	129	128	123
8.900000e+00	113	138	117
9	113	113	138
9.100000e+00	128	129	118
9.200000e+00	113	140	122
9.300000e+00	113	113	139
9.400000e+00	127	131	120
9.500000e+00	113	131	117
9.600000e+00	113	113	143
9.700000e+00	133	133	128
9.800000e+00	113	133	120
9.900000e+00	113	113	138
10	126	127	125
1.010000e+01	113	137	126
1.020000e+01	113	113	144
1.030000e+01	123	132	121
1.040000e+01	113	140	121
1.050000e+01	113	113	142
1.060000e+01	129	129	119
1.070000e+01	113	136	116
1.080000e+01	113	113	143
1.090000e+01	127	127	120
11	113	133	122
1.110000e+01	113	113	143
1.120000e+01	133	144	119
1.130000e+01	113	132	119
1.140000e+01	113	113	149
1.150000e+01	135	126	121
1.160000e+01	113	133	125
1.170000e+01	113	113	148
1.180000e+01	139	120	115
1.190000e+01	113	135	119
12	113	113	146
1.210000e+01	140	119	120
1.220000e+01	113	128	126
1.230000e+01	113	113	155
1.240000e+01	147	124	121
1.250000e+01	113	136	120
1.260000e+01	113	113	141
1.270000e+01	143	126	122
1.280000e+01	113	136	122
1.290000e+01	113	113	153
13	151	124	120
1.310000e+01	113	133	126
1.320000e+01	113	113	143
1.330000e+01	147	125	116
1.340000e+01	113	134	119
1.350000e+01	113	113	140
1.360000e+01	143	124	125
1.370000e+01	113	134	119
1.380000e+01	113	113	140
1.390000e+01	143	121	121
14	113	141	121
1.410000e+01	113	113	150
1.420000e+01	140	119	121
1.430000e+01	113	137	119
1.440000e+01	113	113	149
1.450000e+01	137	121	115
1.460000e+01	113	134	125
1.470000e+01	113	113	137
1.480000e+01	133	123	118
1.490000e+01	113	149	121
15	113	113	141
1.510000e+01	138	122	116
1.520000e+01	113	137	124
1.530000e+01	113	113	143
1.540000e+01	144	120	120
1.550000e+01	113	143	124
1.560000e+01	113	113	144
1.570000e+01	138	119	122
1.580000e+01	113	138	123
1.590000e+01	113	113	142
16	148	120	125
1.610000e+01	113	139	127
1.620000e+01	113	113	146
1.630000e+01	135	122	117
1.640000e+01	113	126	120
1.650000e+01	113	113	139
1.660000e+01	139	124	116
1.670000e+01	113	135	124
1.680000e+01	113	113	150
1.690000e+01	145	124	120
17	113	135	121
1.710000e+01	113	113	151
1.720000e+01	151	125	120
1.730000e+01	113	137	119
1.740000e+01	113	113	142
1.750000e+01	141	123	120
1.760000e+01	113	133	119
1.770000e+01	113	113	140
1.780000e+01	141	123	115
1.790000e+01	113	142	126
18	113	113	136
1.810000e+01	141	119	119
1.820000e+01	113	131	120
1.830000e+01	113	113	142
1.840000e+01	142	124	124
1.850000e+01	113	134	119
1.860000e+01	113	113	146
1.870000e+01	137	127	114
1.880000e+01	113	140	117
1.890000e+01	113	113	127
19	139	125	119
1.910000e+01	113	137	123
1.920000e+01	113	113	141
1.930000e+01	140	123	118
1.940000e+01	113	140	119
1.950000e+01	113	113	155
1.960000e+01	142	124	119
1.970000e+01	113	139	120
1.980000e+01	113	113	150
1.990000e+01	149	117	118
20	113	132	122
2.010000e+01	113	113	146
2.020000e+01	152	122	118
2.030000e+01	113	144	121
2.040000e+01	113	113	142
2.050000e+01	158	122	116
2.060000e+01	113	135	123
2.070000e+01	113	113	143
2.080000e+01	149	124	126
2.090000e+01	113	131	122
21	113	113	137
2.110000e+01	139	118	118
2.120000e+01	113	138	119
2.130000e+01	113	113	153
2.140000e+01	141	122	121
2.150000e+01	113	131	120
2.160000e+01	113	113	144
2.170000e+01	150	123	117
2.180000e+01	113	132	124
2.190000e+01	113	113	141
22	152	124	119
2.210000e+01	113	135	121
2.220000e+01	113	113	148
2.230000e+01	142	122	119
2.240000e+01	113	124	119
2.250000e+01	113	113	140
2.260000e+01	151	124	121
2.270000e+01	113	139	120
2.280000e+01	113	113	143
2.290000e+01	152	116	118
23	113	143	125
2.310000e+01	113	113	133
2.320000e+01	140	120	121
2.330000e+01	113	140	126
2.340000e+01	113	113	140
2.350000e+01	148	120	118
2.360000e+01	113	131	117
2.370000e+01	113	113	137
2.380000e+01	146	121	118
2.390000e+01	113	128	129
24	113	113	150
2.410000e+01	136	123	120
2.420000e+01	113	124	122
2.430000e+01	113	113	142
2.440000e+01	150	122	119
2.450000e+01	113	134	127
2.460000e+01	113	113	146
2.470000e+01	138	125	118
2.480000e+01	113	134	122
2.490000e+01	113	113	146
25	152	122	115
2.510000e+01	113	138	122
2.520000e+01	113	113	152
2.530000e+01	156	120	126
2.540000e+01	113	126	121
2.550000e+01	113	113	143
2.560000e+01	150	120	120
2.570000e+01	113	141	116
2.580000e+01	113	113	140
2.590000e+01	148	118	119
26	113	132	118
2.610000e+01	113	113	145
2.620000e+01	147	119	120
2.630000e+01	113	134	119
2.640000e+01	113	113	150
2.650000e+01	140	123	118
2.660000e+01	113	130	116
2.670000e+01	113	113	134
2.680000e+01	148	126	115
2.690000e+01	113	137	122
27	113	113	147
2.710000e+01	144	118	122
2.720000e+01	113	136	122
2.730000e+01	113	113	145
2.740000e+01	142	123	117
2.750000e+01	113	136	123
2.760000e+01	113	113	140
2.770000e+01	143	124	117
2.780000e+01	113	136	120
2.790000e+01	113	113	139
28	151	117	118
2.810000e+01	113	149	120
2.820000e+01	113	113	150
2.830000e+01	153	122	120
2.840000e+01	113	129	121
2.850000e+01	113	113	138
2.860000e+01	145	120	115
2.870000e+01	113	138	119
2.880000e+01	113	113	152
2.890000e+01	145	120	124
29	113	142	120
2.910000e+01	113	113	140
2.920000e+01	146	118	117
2.930000e+01	113	135	120
2.940000e+01	113	113	138
2.950000e+01	141	113	123
2.960000e+01	113	120	134
2.970000e+01	113	113	147
2.980000e+01	140	114	124
2.990000e+01	113	120	129
30	113	113	141
3.010000e+01	144	115	122
3.020000e+01	113	117	143
3.030000e+01	113	113	144
3.040000e+01	146	113	122
3.050000e+01	113	122	130
3.060000e+01	113	113	145
3.070000e+01	152	113	129
3.080000e+01	113	124	133
3.090000e+01	113	113	141
31	141	116	130
3.110000e+01	113	122	133
3.120000e+01	113	113	138
3.130000e+01	143	118	132
3.140000e+01	113	123	141
3.150000e+01	113	113	137
3.160000e+01	145	116	125
3.170000e+01	113	119	138
3.180000e+01	113	113	138
3.190000e+01	150	114	123
32	113	121	137
3.210000e+01	113	113	143
3.220000e+01	151	115	123
3.230000e+01	113	122	141
3.240000e+01	113	113	143
3.250000e+01	147	117	121
3.260000e+01	113	123	129
3.270000e+01	113	113	148
3.280000e+01	150	117	125
3.290000e+01	113	118	132
33	113	113	139
3.310000e+01	147	115	120
3.320000e+01	113	121	131
3.330000e+01	113	113	144
3.340000e+01	136	119	124
3.350000e+01	113	117	135
3.360000e+01	113	113	133
3.370000e+01	141	115	117
3.380000e+01	113	123	135
3.390000e+01	113	113	141
34	145	116	124
3.410000e+01	113	122	138
3.420000e+01	113	113	140
3.430000e+01	150	114	125
3.440000e+01	113	122	137
3.450000e+01	113	113	153
3.460000e+01	155	115	122
3.470000e+01	113	120	142
3.480000e+01	113	113	148
3.490000e+01	137	118	122
35	113	147	120
3.510000e+01	113	113	143
3.520000e+01	147	119	118
3.530000e+01	113	134	119
3.540000e+01	113	113	141
3.550000e+01	148	116	120
3.560000e+01	113	138	123
3.570000e+01	113	113	151
3.580000e+01	139	123	121
3.590000e+01	113	127	115
36	113	113	139
3.610000e+01	158	125	118
3.620000e+01	113	144	118
3.630000e+01	113	113	149
3.640000e+01	158	122	121
3.650000e+01	113	137	118
3.660000e+01	113	113	144
3.670000e+01	147	124	119
3.680000e+01	113	136	121
3.690000e+01	113	113	145
37	150	130	119
3.710000e+01	113	136	128
3.720000e+01	113	113	152
3.730000e+01	143	123	120
3.740000e+01	113	130	116
3.750000e+01	113	113	144
3.760000e+01	149	120	115
3.770000e+01	113	132	122
3.780000e+01	113	113	137
3.790000e+01	138	119	117
38	113	135	122
3.810000e+01	113	113	149
3.820000e+01	153	117	126
3.830000e+01	113	135	124
3.840000e+01	113	113	148
3.850000e+01	147	127	117
3.860000e+01	113	137	123
3.870000e+01	113	113	146
3.880000e+01	155	117	119
3.890000e+01	113	135	124
39	113	113	140
3.910000e+01	150	116	118
3.920000e+01	113	138	121
3.930000e+01	113	113	147
3.940000e+01	143	119	120
3.950000e+01	113	128	117
3.960000e+01	113	113	137
3.970000e+01	143	118	116
3.980000e+01	113	133	122
3.990000e+01	113	113	142
40	133	118	119
4.010000e+01	113	126	120
4.020000e+01	113	113	152
4.030000e+01	143	119	119
4.040000e+01	113	139	118
4.050000e+01	113	113	137
4.060000e+01	148	121	117
4.070000e+01	113	132	123
4.080000e+01	113	113	143
4.090000e+01	143	122	117
41	113	128	118
4.110000e+01	113	113	134
4.120000e+01	141	121	122
4.130000e+01	113	142	120
4.140000e+01	113	113	138
4.150000e+01	141	115	119
4.160000e+01	113	131	122
4.170000e+01	113	113	143
4.180000e+01	146	120	119
4.190000e+01	113	132	122
42	113	113	147
4.210000e+01	143	120	116
4.220000e+01	113	128	123
4.230000e+01	113	113	146
4.240000e+01	140	119	119
4.250000e+01	113	141	121
4.260000e+01	113	113	140
4.270000e+01	140	118	120
4.280000e+01	113	134	118
4.290000e+01	113	113	151
43	150	117	122
4.310000e+01	113	141	125
4.320000e+01	113	113	159
4.330000e+01	155	116	117
4.340000e+01	113	138	118
4.350000e+01	113	113	147
4.360000e+01	144	123	124
4.370000e+01	113	132	119
4.380000e+01	113	113	147
4.390000e+01	143	121	116
44	113	149	118
4.410000e+01	113	113	146
4.420000e+01	148	116	118
4.430000e+01	113	141	120
4.440000e+01	113	113	147
4.450000e+01	162	119	119
4.460000e+01	113	146	122
4.470000e+01	113	113	150
4.480000e+01	152	119	118
4.490000e+01	113	135	128
45	113	113	147
4.510000e+01	148	121	122
4.520000e+01	113	134	125
4.530000e+01	113	113	143
4.540000e+01	143	124	118
4.550000e+01	113	142	119
4.560000e+01	113	113	144
4.570000e+01	145	124	119
4.580000e+01	113	150	127
4.590000e+01	113	113	137
46	151	116	124
4.610000e+01	113	135	122
4.620000e+01	113	113	149
4.630000e+01	155	123	120
4.640000e+01	113	140	125
4.650000e+01	113	113	136
4.660000e+01	143	125	116
4.670000e+01	113	141	123
4.680000e+01	113	113	148
4.690000e+01	145	121	123
47	113	144	118
4.710000e+01	113	113	144
4.720000e+01	141	118	118
4.730000e+01	113	141	126
4.740000e+01	113	113	138
4.750000e+01	148	123	120
4.760000e+01	113	135	121
4.770000e+01	113	113	147
4.780000e+01	142	124	117
4.790000e+01	113	134	122
48	113	113	144
4.810000e+01	143	115	117
4.820000e+01	113	136	118
4.830000e+01	113	113	149
4.840000e+01	147	118	123
4.850000e+01	113	138	123
4.860000e+01	113	113	137
4.870000e+01	149	120	120
4.880000e+01	113	132	120
4.890000e+01	113	113	141
49	145	121	119
4.910000e+01	113	134	117
4.920000e+01	113	113	154
4.930000e+01	141	122	119
4.940000e+01	113	138	122
4.950000e+01	113	113	147
4.960000e+01	142	119	116
4.970000e+01	113	140	122
4.980000e+01	113	113	147
4.990000e+01	158	123	121
50	113	134	122
5.010000e+01	113	113	143
5.020000e+01	152	118	118
5.030000e+01	113	134	123
5.040000e+01	113	113	146
5.050000e+01	145	119	123
5.060000e+01	113	130	122
5.070000e+01	113	113	146
5.080000e+01	144	123	116
5.090000e+01	113	134	118
51	113	113	141
5.110000e+01	139	121	117
5.120000e+01	113	132	121
5.130000e+01	113	113	138
5.140000e+01	146	116	117
5.150000e+01	113	132	120
5.160000e+01	113	113	148
5.170000e+01	145	121	118
5.180000e+01	113	131	122
5.190000e+01	113	113	141
52	159	121	122
5.210000e+01	113	138	118
5.220000e+01	113	113	146
5.230000e+01	145	120	120
5.240000e+01	113	143	122
5.250000e+01	113	113	145
5.260000e+01	144	122	117
5.270000e+01	113	135	118
5.280000e+01	113	113	142
5.290000e+01	152	117	122
53	113	149	121
5.310000e+01	113	113	139
5.320000e+01	148	125	121
5.330000e+01	113	130	118
5.340000e+01	113	113	139
5.350000e+01	155	120	119
5.360000e+01	113	144	120
5.370000e+01	113	113	143
5.380000e+01	148	121	120
5.390000e+01	113	136	119
54	113	113	144
5.410000e+01	147	122	122
5.420000e+01	113	133	118
5.430000e+01	113	113	137
5.440000e+01	152	125	123
5.450000e+01	113	139	117
5.460000e+01	113	113	145
5.470000e+01	149	122	118
5.480000e+01	113	143	127
5.490000e+01	113	113	140
55	158	119	121
5.510000e+01	113	136	124
5.520000e+01	113	113	137
5.530000e+01	142	120	124
5.540000e+01	113	133	129
5.550000e+01	113	113	146
5.560000e+01	142	120	119
5.570000e+01	113	131	124
5.580000e+01	113	113	140
5.590000e+01	150	130	118
56	113	137	127
5.610000e+01	113	113	144
5.620000e+01	148	128	115
5.630000e+01	113	135	118
5.640000e+01	113	113	145
5.650000e+01	142	122	122
5.660000e+01	113	135	123
5.670000e+01	113	113	141
5.680000e+01	139	123	121
5.690000e+01	113	135	117
57	113	113	142
5.710000e+01	146	121	119
5.720000e+01	113	138	118
5.730000e+01	113	113	141
5.740000e+01	145	119	119
5.750000e+01	113	133	120
5.760000e+01	113	113	143
5.770000e+01	162	121	121
5.780000e+01	113	135	124
5.790000e+01	113	113	145
58	146	120	118
5.810000e+01	113	134	121
5.820000e+01	113	113	138
5.830000e+01	141	121	119
5.840000e+01	113	136	117
5.850000e+01	113	113	136
5.860000e+01	147	115	125
5.870000e+01	113	134	114
5.880000e+01	113	113	145
5.890000e+01	147	120	118
59	113	128	115
5.910000e+01	113	113	140
5.920000e+01	152	123	117
5.930000e+01	113	130	127
5.940000e+01	113	113	144
5.950000e+01	138	120	120
5.960000e+01	113	140	122
5.970000e+01	113	113	154
5.980000e+01	143	123	116
5.990000e+01	113	134	120
60	113	113	142
6.010000e+01	144	117	119
6.020000e+01	113	141	124
6.030000e+01	113	113	144
6.040000e+01	153	118	118
6.050000e+01	113	131	124
6.060000e+01	113	113	147
6.070000e+01	144	118	123
6.080000e+01	113	145	119
6.090000e+01	113	113	156
61	144	123	122
6.110000e+01	113	135	120
6.120000e+01	113	113	140
6.130000e+01	147	120	123
6.140000e+01	113	130	123
6.150000e+01	113	113	138
6.160000e+01	148	120	119
6.170000e+01	113	132	119
6.180000e+01	113	113	148
6.190000e+01	145	117	122
62	113	136	123
6.210000e+01	113	113	154
6.220000e+01	139	124	117
6.230000e+01	113	137	117
6.240000e+01	113	113	133
6.250000e+01	155	122	121
6.260000e+01	113	129	120
6.270000e+01	113	113	147
6.280000e+01	148	122	117
6.290000e+01	113	139	114
63	113	113	152
6.310000e+01	138	121	115
6.320000e+01	113	135	126
6.330000e+01	113	113	149
6.340000e+01	144	122	122
6.350000e+01	113	134	121
6.360000e+01	113	113	138
6.370000e+01	150	125	120
6.380000e+01	113	133	122
6.390000e+01	113	113	144
64	143	123	119
6.410000e+01	113	135	122
6.420000e+01	113	113	148
6.430000e+01	145	116	121
6.440000e+01	113	136	124
6.450000e+01	113	113	148
6.460000e+01	143	129	122
6.470000e+01	113	127	126
6.480000e+01	113	113	142
6.490000e+01	146	126	120
65	113	137	127
6.510000e+01	113	113	135
6.520000e+01	148	131	123
6.530000e+01	113	143	121
6.540000e+01	113	113	135
6.550000e+01	140	119	121
6.560000e+01	113	132	124
6.570000e+01	113	113	144
6.580000e+01	150	117	119
6.590000e+01	113	138	121
66	113	113	148
6.610000e+01	158	128	120
6.620000e+01	113	141	121
6.630000e+01	113	113	152
6.640000e+01	153	117	118
6.650000e+01	113	140	121
6.660000e+01	113	113	142
6.670000e+01	123	115	128
6.680000e+01	113	138	120
6.690000e+01	113	113	139
67	124	116	137
6.710000e+01	113	131	121
6.720000e+01	113	113	140
6.730000e+01	125	117	145
6.740000e+01	113	132	120
6.750000e+01	113	113	153
6.760000e+01	128	114	136
6.770000e+01	113	133	119
6.780000e+01	113	113	141
6.790000e+01	125	118	132
68	113	136	121
6.810000e+01	113	113	143
6.820000e+01	123	114	140
6.830000e+01	113	146	122
6.840000e+01	113	113	158
6.850000e+01	125	115	138
6.860000e+01	113	143	121
6.870000e+01	113	113	135
6.880000e+01	125	115	140
6.890000e+01	113	140	120
69	113	113	152
6.910000e+01	127	115	139
6.920000e+01	113	137	120
6.930000e+01	113	113	153
6.940000e+01	126	115	153
6.950000e+01	113	133	125
6.960000e+01	113	113	147
6.970000e+01	128	118	142
6.980000e+01	113	129	131
6.990000e+01	113	113	139
70	122	119	131
7.010000e+01	113	128	123
7.020000e+01	113	113	144
7.030000e+01	116	116	142
7.040000e+01	113	130	130
7.050000e+01	113	113	141
7.060000e+01	128	117	133
7.070000e+01	113	135	128
7.080000e+01	113	113	134
7.090000e+01	130	114	140
71	113	138	121
7.110000e+01	113	113	147
7.120000e+01	123	116	151
7.130000e+01	113	130	121
7.140000e+01	113	113	141
7.150000e+01	123	114	143
7.160000e+01	113	132	126
7.170000e+01	113	113	147
7.180000e+01	128	115	130
7.190000e+01	113	133	130
72	113	113	137
7.210000e+01	135	117	129
7.220000e+01	113	125	122
7.230000e+01	113	113	138
7.240000e+01	124	115	142
7.250000e+01	113	136	122
7.260000e+01	113	113	144
7.270000e+01	124	113	128
7.280000e+01	113	124	120
7.290000e+01	113	113	141
73	127	116	130
7.310000e+01	113	133	126
7.320000e+01	113	113	140
7.330000e+01	128	114	136
7.340000e+01	113	137	123
7.350000e+01	113	113	142
7.360000e+01	127	115	141
7.370000e+01	113	128	130
7.380000e+01	113	113	147
7.390000e+01	122	115	139
74	113	128	123
7.410000e+01	113	113	155
7.420000e+01	125	116	135
7.430000e+01	113	126	120
7.440000e+01	113	113	149
7.450000e+01	123	115	140
7.460000e+01	113	135	125
7.470000e+01	113	113	145
7.480000e+01	127	114	141
7.490000e+01	113	133	122
75	113	113	148
7.510000e+01	123	115	141
7.520000e+01	113	137	123
7.530000e+01	113	113	141
7.540000e+01	126	114	137
7.550000e+01	113	136	127
7.560000e+01	113	113	137
7.570000e+01	121	114	136
7.580000e+01	113	134	123
7.590000e+01	113	113	136
76	133	113	141
7.610000e+01	113	135	124
7.620000e+01	113	113	143
7.630000e+01	126	114	135
7.640000e+01	113	134	128
7.650000e+01	113	113	147
7.660000e+01	123	115	139
7.670000e+01	113	130	126
7.680000e+01	113	113	139
7.690000e+01	124	115	139
77	113	133	125
7.710000e+01	113	113	137
7.720000e+01	130	116	141
7.730000e+01	113	126	127
7.740000e+01	113	113	138
7.750000e+01	128	115	138
7.760000e+01	113	130	121
7.770000e+01	113	113	131
7.780000e+01	126	114	133
7.790000e+01	113	129	122
78	113	113	139
7.810000e+01	127	115	143
7.820000e+01	113	124	124
7.830000e+01	113	113	143
7.840000e+01	128	113	139
7.850000e+01	113	129	125
7.860000e+01	113	113	144
7.870000e+01	130	116	143
7.880000e+01	113	129	121
7.890000e+01	113	113	153
79	123	116	145
7.910000e+01	113	133	124
7.920000e+01	113	113	135
7.930000e+01	123	116	142
7.940000e+01	113	129	123
7.950000e+01	113	113	144
7.960000e+01	120	119	134
7.970000e+01	113	135	125
7.980000e+01	113	113	145
7.990000e+01	117	114	144
80	113	127	126
8.010000e+01	113	113	133
8.020000e+01	127	118	136
8.030000e+01	113	140	120
8.040000e+01	113	113	133
8.050000e+01	125	115	133
8.060000e+01	113	131	126
8.070000e+01	113	113	147
8.080000e+01	121	114	142
8.090000e+01	113	136	130
81	113	113	148
8.110000e+01	128	114	132
8.120000e+01	113	134	129
8.130000e+01	113	113	142
8.140000e+01	130	116	139
8.150000e+01	113	126	124
8.160000e+01	113	113	141
8.170000e+01	131	117	143
8.180000e+01	113	126	121
8.190000e+01	113	113	147
82	125	115	140
8.210000e+01	113	131	130
8.220000e+01	113	113	129
8.230000e+01	118	117	140
8.240000e+01	113	126	127
8.250000e+01	113	113	139
8.260000e+01	125	115	134
8.270000e+01	113	132	123
8.280000e+01	113	113	143
8.290000e+01	128	119	138
83	113	131	123
8.310000e+01	113	113	144
8.320000e+01	129	117	139
8.330000e+01	113	133	124
8.340000e+01	113	113	146
8.350000e+01	129	116	129
8.360000e+01	113	133	125
8.370000e+01	113	113	134
8.380000e+01	125	116	140
8.390000e+01	113	132	122
84	113	113	136
8.410000e+01	121	118	136
8.420000e+01	113	131	128
8.430000e+01	113	113	154
8.440000e+01	119	114	128
8.450000e+01	113	126	132
8.460000e+01	113	113	144
8.470000e+01	121	115	138
8.480000e+01	113	130	129
8.490000e+01	113	113	143
85	118	113	138
8.510000e+01	113	133	126
8.520000e+01	113	113	143
8.530000e+01	124	115	137
8.540000e+01	113	130	123
8.550000e+01	113	113	142
8.560000e+01	120	114	133
8.570000e+01	113	124	125
8.580000e+01	113	113	141
8.590000e+01	126	115	136
86	113	125	123
8.610000e+01	113	113	142
8.620000e+01	124	116	138
8.630000e+01	113	135	123
8.640000e+01	113	113	149
8.650000e+01	128	115	135
8.660000e+01	113	138	128
8.670000e+01	113	113	143
8.680000e+01	121	114	131
8.690000e+01	113	131	127
87	113	113	154
8.710000e+01	125	115	131
8.720000e+01	113	136	122
8.730000e+01	113	113	137
8.740000e+01	128	114	126
8.750000e+01	113	135	121
8.760000e+01	113	113	141
8.770000e+01	124	117	140
8.780000e+01	113	128	120
8.790000e+01	113	113	139
88	122	117	150
8.810000e+01	113	133	131
8.820000e+01	113	113	147
8.830000e+01	123	114	147
8.840000e+01	113	135	121
8.850000e+01	113	113	140
8.860000e+01	121	115	137
8.870000e+01	113	139	128
8.880000e+01	113	113	137
8.890000e+01	125	115	137
89	113	127	123
8.910000e+01	113	113	144
8.920000e+01	124	116	139
8.930000e+01	113	132	126
8.940000e+01	113	113	135
8.950000e+01	125	117	142
8.960000e+01	113	126	124
8.970000e+01	113	113	141
8.980000e+01	122	116	137
8.990000e+01	113	140	127
90	113	113	139
9.010000e+01	123	115	154
9.020000e+01	113	127	128
9.030000e+01	113	113	151
9.040000e+01	124	114	132
9.050000e+01	113	130	123
9.060000e+01	113	113	146
9.070000e+01	123	116	128
9.080000e+01	113	129	128
9.090000e+01	113	113	151
91	125	115	140
9.110000e+01	113	131	123
9.120000e+01	113	113	145
9.130000e+01	129	117	130
9.140000e+01	113	137	125
9.150000e+01	113	113	144
9.160000e+01	127	113	146
9.170000e+01	113	126	125
9.180000e+01	113	113	140
9.190000e+01	122	116	141
92	113	128	128
9.210000e+01	113	113	135
9.220000e+01	129	114	130
9.230000e+01	113	133	130
9.240000e+01	113	113	145
9.250000e+01	127	116	134
9.260000e+01	113	133	128
9.270000e+01	113	113	136
9.280000e+01	124	116	137
9.290000e+01	113	129	119
93	113	113	140
9.310000e+01	119	117	131
9.320000e+01	113	133	122
9.330000e+01	113	113	143
9.340000e+01	124	115	136
9.350000e+01	113	126	119
9.360000e+01	113	113	142
9.370000e+01	127	117	140
9.380000e+01	113	127	127
9.390000e+01	113	113	139
94	126	116	137
9.410000e+01	113	127	129
9.420000e+01	113	113	140
9.430000e+01	128	117	124
9.440000e+01	113	129	129
9.450000e+01	113	113	140
9.460000e+01	126	117	134
9.470000e+01	113	133	121
9.480000e+01	113	113	144
9.490000e+01	122	115	138
95	113	131	125
9.510000e+01	113	113	138
9.520000e+01	123	115	131
9.530000e+01	113	134	122
9.540000e+01	113	113	146
9.550000e+01	126	117	131
9.560000e+01	113	140	127
9.570000e+01	113	113	152
9.580000e+01	120	114	133
9.590000e+01	113	133	126
96	113	113	149
9.610000e+01	121	117	139
9.620000e+01	113	125	128
9.630000e+01	113	113	143
9.640000e+01	123	114	138
9.650000e+01	113	139	126
9.660000e+01	113	113	140
9.670000e+01	121	114	137
9.680000e+01	113	131	125
9.690000e+01	113	113	140
97	123	116	133
9.710000e+01	113	125	120
9.720000e+01	113	113	139
9.730000e+01	124	115	134
9.740000e+01	113	131	129
9.750000e+01	113	113	145
9.760000e+01	124	120	145
9.770000e+01	113	131	129
9.780000e+01	113	113	144
9.790000e+01	122	115	134
98	113	134	121
9.810000e+01	113	113	150
9.820000e+01	119	114	129
9.830000e+01	113	126	122
9.840000e+01	113	113	140
9.850000e+01	120	115	136
9.860000e+01	113	142	129
9.870000e+01	113	113	162
9.880000e+01	128	120	136
9.890000e+01	113	137	130
99	113	113	146
9.910000e+01	124	114	142
9.920000e+01	113	135	119
9.930000e+01	113	113	145
9.940000e+01	123	115	136
9.950000e+01	113	134	125
9.960000e+01	113	113	134
9.970000e+01	124	118	132
9.980000e+01	113	133	120
9.990000e+01	113	113	146
100	122	114	145
1.001000e+02	113	139	128
1.002000e+02	113	113	146
1.003000e+02	127	117	143
1.004000e+02	113	138	121
1.005000e+02	113	113	138
1.006000e+02	123	115	143
1.007000e+02	113	130	125
1.008000e+02	113	113	146
1.009000e+02	123	116	135
101	113	132	123
1.011000e+02	113	113	157
1.012000e+02	119	117	135
1.013000e+02	113	128	124
1.014000e+02	113	113	147
1.015000e+02	120	118	149
1.016000e+02	113	121	126
1.017000e+02	113	113	149
1.018000e+02	117	115	131
1.019000e+02	113	125	121
102	113	113	147
1.021000e+02	122	115	142
1.022000e+02	113	130	124
1.023000e+02	113	113	132
1.024000e+02	124	118	128
1.025000e+02	113	131	127
1.026000e+02	113	113	141
1.027000e+02	122	114	138
1.028000e+02	113	132	127
1.029000e+02	113	113	145
103	128	116	144
1.031000e+02	113	133	125
1.032000e+02	113	113	143
1.033000e+02	128	115	139
1.034000e+02	113	125	121
1.035000e+02	113	113	142
1.036000e+02	132	115	143
1.037000e+02	113	140	125
1.038000e+02	113	113	140
1.039000e+02	123	113	145
104	113	126	124
1.041000e+02	113	113	137
1.042000e+02	123	115	135
1.043000e+02	113	137	129
1.044000e+02	113	113	145
1.045000e+02	123	118	133
1.046000e+02	113	136	121
1.047000e+02	113	113	141
1.048000e+02	127	118	134
1.049000e+02	113	129	127
105	113	113	149
1.051000e+02	127	115	143
1.052000e+02	113	137	120
1.053000e+02	113	113	140
1.054000e+02	122	115	141
1.055000e+02	113	126	125
1.056000e+02	113	113	139
1.057000e+02	118	114	138
1.058000e+02	113	132	126
1.059000e+02	113	113	135
106	123	115	137
1.061000e+02	113	141	126
1.062000e+02	113	113	153
1.063000e+02	123	114	128
1.064000e+02	113	130	126
1.065000e+02	113	113	145
1.066000e+02	126	113	126
1.067000e+02	113	131	126
1.068000e+02	113	113	142
1.069000e+02	130	114	132
107	113	133	130
1.071000e+02	113	113	150
1.072000e+02	123	116	137
1.073000e+02	113	136	127
1.074000e+02	113	113	137
1.075000e+02	124	114	139
1.076000e+02	113	138	122
1.077000e+02	113	113	151
1.078000e+02	123	117	131
1.079000e+02	113	139	122
108	113	113	150
1.081000e+02	124	118	135
1.082000e+02	113	130	128
1.083000e+02	113	113	147
1.084000e+02	123	116	135
1.085000e+02	113	127	127
1.086000e+02	113	113	152
1.087000e+02	117	113	131
1.088000e+02	113	138	124
1.089000e+02	113	113	140
109	127	114	146
1.091000e+02	113	126	130
1.092000e+02	113	113	144
1.093000e+02	124	115	131
1.094000e+02	113	132	127
1.095000e+02	113	113	145
1.096000e+02	122	118	133
1.097000e+02	113	134	121
1.098000e+02	113	113	147
1.099000e+02	129	114	135
110	113	140	122
1.101000e+02	113	113	137
1.102000e+02	124	115	141
1.103000e+02	113	125	120
1.104000e+02	113	113	144
1.105000e+02	120	114	142
1.106000e+02	113	134	125
1.107000e+02	113	113	153
1.108000e+02	122	116	138
1.109000e+02	113	133	124
111	113	113	143
1.111000e+02	123	115	138
1.112000e+02	113	135	127
1.113000e+02	113	113	141
1.114000e+02	126	113	140
1.115000e+02	113	138	125
1.116000e+02	113	113	144
1.117000e+02	128	116	146
1.118000e+02	113	140	128
1.119000e+02	113	113	137
112	123	117	137
1.121000e+02	113	130	122
1.122000e+02	113	113	139
1.123000e+02	128	115	131
1.124000e+02	113	131	123
1.125000e+02	113	113	136
1.126000e+02	120	115	141
1.127000e+02	113	129	127
1.128000e+02	113	113	137
1.129000e+02	123	115	140
113	113	138	124
1.131000e+02	113	113	135
1.132000e+02	126	114	133
1.133000e+02	113	125	122
1.134000e+02	113	113	139
1.135000e+02	127	115	141
1.136000e+02	113	122	136
1.137000e+02	113	113	145
1.138000e+02	125	114	144
1.139000e+02	113	120	138
114	113	113	141
1.141000e+02	126	115	139
1.142000e+02	113	124	134
1.143000e+02	113	113	133
1.144000e+02	127	113	138
1.145000e+02	113	117	135
1.146000e+02	113	113	144
1.147000e+02	120	113	136
1.148000e+02	113	127	123
1.149000e+02	113	113	154
115	121	117	142
1.151000e+02	113	136	123
1.152000e+02	113	113	141
1.153000e+02	123	114	139
1.154000e+02	113	131	120
1.155000e+02	113	113	136
1.156000e+02	125	114	135
1.157000e+02	113	134	120
1.158000e+02	113	113	137
1.159000e+02	123	117	134
116	113	136	122
1.161000e+02	113	113	140
1.162000e+02	131	113	158
1.163000e+02	113	139	119
1.164000e+02	113	113	148
1.165000e+02	121	116	138
1.166000e+02	113	137	118
1.167000e+02	113	113	138
1.168000e+02	123	120	149
1.169000e+02	113	127	120
117	113	113	140
1.171000e+02	127	115	134
1.172000e+02	113	128	120
1.173000e+02	113	113	139
1.174000e+02	125	114	131
1.175000e+02	113	141	121
1.176000e+02	113	113	151
1.177000e+02	123	114	140
1.178000e+02	113	138	122
1.179000e+02	113	113	143
118	128	114	134
1.181000e+02	113	126	126
1.182000e+02	113	113	154
1.183000e+02	123	115	140
1.184000e+02	113	134	126
1.185000e+02	113	113	144
1.186000e+02	123	115	147
1.187000e+02	113	131	120
1.188000e+02	113	113	141
1.189000e+02	120	115	135
119	113	134	129
1.191000e+02	113	113	140
1.192000e+02	126	118	132
1.193000e+02	113	131	124
1.194000e+02	113	113	138
1.195000e+02	130	120	130
1.196000e+02	113	130	120
1.197000e+02	113	113	143
1.198000e+02	123	118	138
1.199000e+02	113	121	122
120	113	113	146
1.201000e+02	120	121	132
1.202000e+02	113	131	127
1.203000e+02	113	113	147
1.204000e+02	120	121	132
1.205000e+02	113	138	128
1.206000e+02	113	113	155
1.207000e+02	124	117	128
1.208000e+02	113	132	129
1.209000e+02	113	113	142
121	117	116	133
1.211000e+02	113	133	129
1.212000e+02	113	113	144
1.213000e+02	122	116	132
1.214000e+02	113	126	124
1.215000e+02	113	113	144
1.216000e+02	124	124	135
1.217000e+02	113	135	127
1.218000e+02	113	113	149
1.219000e+02	120	117	137
122	113	127	128
1.221000e+02	113	113	138
1.222000e+02	125	122	137
1.223000e+02	113	131	126
1.224000e+02	113	113	145
1.225000e+02	119	120	131
1.226000e+02	113	131	125
1.227000e+02	113	113	144
1.228000e+02	118	122	128
1.229000e+02	113	133	121
123	113	113	144
1.231000e+02	121	117	137
1.232000e+02	113	125	122
1.233000e+02	113	113	141
1.234000e+02	118	121	133
1.235000e+02	113	130	124
1.236000e+02	113	113	139
1.237000e+02	116	124	137
1.238000e+02	113	138	118
1.239000e+02	113	113	141
124	121	121	130
1.241000e+02	113	127	122
1.242000e+02	113	113	153
1.243000e+02	125	123	140
1.244000e+02	113	137	127
1.245000e+02	113	113	143
1.246000e+02	119	114	150
1.247000e+02	113	128	124
1.248000e+02	113	113	143
1.249000e+02	126	115	136
125	113	135	124
1.251000e+02	113	113	135
1.252000e+02	125	114	128
1.253000e+02	113	127	130
1.254000e+02	113	113	139
1.255000e+02	121	114	133
1.256000e+02	113	129	132
1.257000e+02	113	113	141
1.258000e+02	121	116	133
1.259000e+02	113	131	126
126	113	113	153
1.261000e+02	120	114	141
1.262000e+02	113	132	119
1.263000e+02	113	113	147
1.264000e+02	121	114	134
1.265000e+02	113	135	129
1.266000e+02	113	113	140
1.267000e+02	124	114	133
1.268000e+02	113	131	123
1.269000e+02	113	113	147
127	126	115	131
1.271000e+02	113	128	127
1.272000e+02	113	113	141
1.273000e+02	128	118	141
1.274000e+02	113	138	130
1.275000e+02	113	113	151
1.276000e+02	121	116	144
1.277000e+02	113	132	124
1.278000e+02	113	113	142
1.279000e+02	126	114	144
128	113	135	122
1.281000e+02	113	113	141
1.282000e+02	127	115	138
1.283000e+02	113	128	131
1.284000e+02	113	113	141
1.285000e+02	126	116	132
1.286000e+02	113	127	127
1.287000e+02	113	113	137
1.288000e+02	121	114	138
1.289000e+02	113	142	128
129	113	113	146
1.291000e+02	129	114	139
1.292000e+02	113	129	128
1.293000e+02	113	113	141
1.294000e+02	128	115	141
1.295000e+02	113	131	123
1.296000e+02	113	113	141
1.297000e+02	122	117	141
1.298000e+02	113	136	128
1.299000e+02	113	113	134
130	120	115	135
1.301000e+02	113	132	123
1.302000e+02	113	113	143
1.303000e+02	124	117	137
1.304000e+02	113	132	125
1.305000e+02	113	113	139
1.306000e+02	124	116	141
1.307000e+02	113	140	123
1.308000e+02	113	113	135
1.309000e+02	123	115	137
131	113	133	121
1.311000e+02	113	113	145
1.312000e+02	123	115	131
1.313000e+02	113	131	123
1.314000e+02	113	113	137
1.315000e+02	128	121	136
1.316000e+02	113	147	129
1.317000e+02	113	113	139
1.318000e+02	127	116	131
1.319000e+02	113	131	128
132	113	113	139
1.321000e+02	128	113	126
1.322000e+02	113	134	132
1.323000e+02	113	113	154
1.324000e+02	126	116	140
1.325000e+02	113	131	126
1.326000e+02	113	113	148
1.327000e+02	122	114	142
1.328000e+02	113	127	124
1.329000e+02	113	113	148
133	126	117	141
1.331000e+02	113	136	129
1.332000e+02	113	113	147
1.333000e+02	123	114	143
1.334000e+02	113	126	127
1.335000e+02	113	113	140
1.336000e+02	124	115	137
1.337000e+02	113	126	123
1.338000e+02	113	113	149
1.339000e+02	122	116	137
134	113	132	123
1.341000e+02	113	113	133
1.342000e+02	127	115	135
1.343000e+02	113	133	127
1.344000e+02	113	113	140
1.345000e+02	121	115	141
1.346000e+02	113	128	129
1.347000e+02	113	113	140
1.348000e+02	122	115	143
1.349000e+02	113	138	124
135	113	113	143
1.351000e+02	129	117	137
1.352000e+02	113	130	127
1.353000e+02	113	113	144
1.354000e+02	128	119	130
1.355000e+02	113	130	129
1.356000e+02	113	113	134
1.357000e+02	123	114	127
1.358000e+02	113	125	129
1.359000e+02	113	113	144
136	120	114	138
1.361000e+02	113	134	123
1.362000e+02	113	113	145
1.363000e+02	128	115	145
1.364000e+02	113	132	122
1.365000e+02	113	113	142
1.366000e+02	125	115	131
1.367000e+02	113	131	125
1.368000e+02	113	113	145
1.369000e+02	122	115	137
137	113	125	127
1.371000e+02	113	113	151
1.372000e+02	122	114	134
1.373000e+02	113	129	124
1.374000e+02	113	113	137
1.375000e+02	128	116	138
1.376000e+02	113	134	126
1.377000e+02	113	113	140
1.378000e+02	128	116	138
1.379000e+02	113	132	127
138	113	113	147
1.381000e+02	119	115	139
1.382000e+02	113	133	124
1.383000e+02	113	113	143
1.384000e+02	128	116	141
1.385000e+02	113	130	119
1.386000e+02	113	113	155
1.387000e+02	123	114	137
1.388000e+02	113	133	128
1.389000e+02	113	113	149
139	123	115	125
1.391000e+02	113	132	124
1.392000e+02	113	113	143
1.393000e+02	118	114	141
1.394000e+02	113	135	125
1.395000e+02	113	113	147
1.396000e+02	125	115	138
1.397000e+02	113	127	121
1.398000e+02	113	113	147
1.399000e+02	120	118	147
140	113	136	124
1.401000e+02	113	113	154
1.402000e+02	120	113	133
1.403000e+02	113	127	127
1.404000e+02	113	113	146
1.405000e+02	123	116	138
1.406000e+02	113	135	117
1.407000e+02	113	113	145
1.408000e+02	119	115	132
1.409000e+02	113	139	126
141	113	113	144
1.411000e+02	121	116	137
1.412000e+02	113	135	123
1.413000e+02	113	113	142
1.414000e+02	122	114	133
1.415000e+02	113	139	126
1.416000e+02	113	113	139
1.417000e+02	125	113	143
1.418000e+02	113	131	124
1.419000e+02	113	113	148
142	121	115	143
1.421000e+02	113	132	123
1.422000e+02	113	113	143
1.423000e+02	124	116	132
1.424000e+02	113	122	124
1.425000e+02	113	113	140
1.426000e+02	125	116	140
1.427000e+02	113	126	124
1.428000e+02	113	113	135
1.429000e+02	121	114	141
143	113	133	122
1.431000e+02	113	113	143
1.432000e+02	121	114	137
1.433000e+02	113	131	128
1.434000e+02	113	113	153
1.435000e+02	126	114	139
1.436000e+02	113	140	130
1.437000e+02	113	113	155
1.438000e+02	125	115	133
1.439000e+02	113	128	121
144	113	113	154
1.441000e+02	121	115	121
1.442000e+02	113	137	126
1.443000e+02	113	113	156
1.444000e+02	125	116	139
1.445000e+02	113	133	126
1.446000e+02	113	113	138
1.447000e+02	129	115	133
1.448000e+02	113	130	126
1.449000e+02	113	113	141
145	121	116	139
1.451000e+02	113	135	124
1.452000e+02	113	113	146
1.453000e+02	123	115	134
1.454000e+02	113	130	127
1.455000e+02	113	113	136
1.456000e+02	133	114	141
1.457000e+02	113	141	123
1.458000e+02	113	113	147
1.459000e+02	127	115	148
146	113	131	124
1.461000e+02	113	113	137
1.462000e+02	121	116	144
1.463000e+02	113	133	124
1.464000e+02	113	113	143
1.465000e+02	123	115	130
1.466000e+02	113	138	123
1.467000e+02	113	113	133
1.468000e+02	125	113	134
1.469000e+02	113	123	128
147	113	113	145
1.471000e+02	123	114	139
1.472000e+02	113	139	123
1.473000e+02	113	113	154
1.474000e+02	128	114	143
1.475000e+02	113	126	125
1.476000e+02	113	113	139
1.477000e+02	124	116	133
1.478000e+02	113	128	123
1.479000e+02	113	113	139
148	120	113	136
1.481000e+02	113	131	129
1.482000e+02	113	113	131
1.483000e+02	127	116	134
1.484000e+02	113	127	125
1.485000e+02	113	113	140
1.486000e+02	124	115	134
1.487000e+02	113	136	126
1.488000e+02	113	113	146
1.489000e+02	122	115	132
149	113	132	117
1.491000e+02	113	113	145
1.492000e+02	127	113	140
1.493000e+02	113	133	132
1.494000e+02	113	113	133
1.495000e+02	125	114	130
1.496000e+02	113	132	130
1.497000e+02	113	113	141
1.498000e+02	133	128	123
1.499000e+02	113	134	127
150	113	113	147
