coordinates:	43.9,143.0	128.9,143.0	213.9,143.0
timeat184nm	I_1at184nm	I_2at184nm	I_3at184nm
1.000000e-01	119	117	142
2.000000e-01	113	136	132
3.000000e-01	113	113	132
4.000000e-01	122	115	139
5.000000e-01	113	130	121
6.000000e-01	113	113	146
7.000000e-01	124	119	133
8.000000e-01	113	127	130
9.000000e-01	113	113	145
1	125	117	139
1.100000e+00	113	127	123
1.200000e+00	113	113	141
1.300000e+00	123	119	140
1.400000e+00	113	136	128
1.500000e+00	113	113	151
1.600000e+00	120	117	136
1.700000e+00	113	128	127
1.800000e+00	113	113	143
1.900000e+00	127	115	136
2	113	132	124
2.100000e+00	113	113	147
2.200000e+00	119	117	137
2.300000e+00	113	131	127
2.400000e+00	113	113	147
2.500000e+00	128	116	135
2.600000e+00	113	130	129
2.700000e+00	113	113	152
2.800000e+00	125	118	140
2.900000e+00	113	131	132
3	113	113	147
3.100000e+00	125	116	133
3.200000e+00	113	128	129
3.300000e+00	113	113	150
3.400000e+00	123	114	134
3.500000e+00	113	130	124
3.600000e+00	113	113	136
3.700000e+00	121	117	135
3.800000e+00	113	126	123
3.900000e+00	113	113	144
4	125	115	142
4.100000e+00	113	134	122
4.200000e+00	113	113	146
4.300000e+00	122	113	141
4.400000e+00	113	137	123
4.500000e+00	113	113	151
4.600000e+00	122	116	134
4.700000e+00	113	127	130
4.800000e+00	113	113	139
4.900000e+00	126	115	143
5	113	133	125
5.100000e+00	113	113	139
5.200000e+00	115	115	137
5.300000e+00	113	136	122
5.400000e+00	113	113	146
5.500000e+00	120	114	142
5.600000e+00	113	132	127
5.700000e+00	113	113	140
5.800000e+00	128	115	132
5.900000e+00	113	128	129
6	113	113	146
6.100000e+00	125	120	134
6.200000e+00	113	135	127
6.300000e+00	113	113	141
6.400000e+00	130	113	144
6.500000e+00	113	130	124
6.600000e+00	113	113	150
6.700000e+00	122	116	133
6.800000e+00	113	132	128
6.900000e+00	113	113	152
7	125	115	140
7.100000e+00	113	138	122
7.200000e+00	113	113	148
7.300000e+00	125	114	128
7.400000e+00	113	133	119
7.500000e+00	113	113	150
7.600000e+00	122	113	148
7.700000e+00	113	135	130
7.800000e+00	113	113	143
7.900000e+00	126	114	134
8	113	127	125
8.100000e+00	113	113	147
8.200000e+00	121	115	142
8.300000e+00	113	128	125
8.400000e+00	113	113	149
8.500000e+00	120	116	135
8.600000e+00	113	137	131
8.700000e+00	113	113	149
8.800000e+00	128	118	132
8.900000e+00	113	131	122
9	113	113	142
9.100000e+00	122	115	154
9.200000e+00	113	135	127
9.300000e+00	113	113	148
9.400000e+00	119	116	134
9.500000e+00	113	127	127
9.600000e+00	113	113	153
9.700000e+00	118	115	143
9.800000e+00	113	137	124
9.900000e+00	113	113	136
10	128	114	136
1.010000e+01	113	132	131
1.020000e+01	113	113	144
1.030000e+01	123	115	131
1.040000e+01	113	129	118
1.050000e+01	113	113	141
1.060000e+01	122	114	141
1.070000e+01	113	132	122
1.080000e+01	113	113	140
1.090000e+01	130	113	129
11	113	133	123
1.110000e+01	113	113	147
1.120000e+01	123	114	140
1.130000e+01	113	129	124
1.140000e+01	113	113	142
1.150000e+01	126	114	138
1.160000e+01	113	133	129
1.170000e+01	113	113	145
1.180000e+01	127	116	149
1.190000e+01	113	144	123
12	113	113	139
1.210000e+01	122	115	135
1.220000e+01	113	133	126
1.230000e+01	113	113	136
1.240000e+01	116	114	138
1.250000e+01	113	129	121
1.260000e+01	113	113	136
1.270000e+01	127	115	138
1.280000e+01	113	142	127
1.290000e+01	113	113	137
13	121	114	139
1.310000e+01	113	128	119
1.320000e+01	113	113	144
1.330000e+01	128	113	143
1.340000e+01	113	127	127
1.350000e+01	113	113	137
1.360000e+01	123	116	139
1.370000e+01	113	130	131
1.380000e+01	113	113	144
1.390000e+01	125	115	146
14	113	125	122
1.410000e+01	113	113	149
1.420000e+01	128	118	133
1.430000e+01	113	129	124
1.440000e+01	113	113	146
1.450000e+01	121	117	150
1.460000e+01	113	132	126
1.470000e+01	113	113	132
1.480000e+01	126	115	149
1.490000e+01	113	133	121
15	113	113	147
1.510000e+01	126	116	135
1.520000e+01	113	128	125
1.530000e+01	113	113	133
1.540000e+01	124	114	133
1.550000e+01	113	132	127
1.560000e+01	113	113	146
1.570000e+01	118	114	130
1.580000e+01	113	124	128
1.590000e+01	113	113	152
16	122	117	152
1.610000e+01	113	127	122
1.620000e+01	113	113	144
1.630000e+01	127	115	135
1.640000e+01	113	135	126
1.650000e+01	113	113	148
1.660000e+01	128	114	133
1.670000e+01	113	133	133
1.680000e+01	113	113	142
1.690000e+01	121	115	132
17	113	128	123
1.710000e+01	113	113	147
1.720000e+01	124	117	135
1.730000e+01	113	130	125
1.740000e+01	113	113	140
1.750000e+01	124	115	138
1.760000e+01	113	131	128
1.770000e+01	113	113	153
1.780000e+01	121	115	140
1.790000e+01	113	136	124
18	113	113	144
1.810000e+01	123	113	141
1.820000e+01	113	128	122
1.830000e+01	113	113	144
1.840000e+01	123	116	140
1.850000e+01	113	124	127
1.860000e+01	113	113	150
1.870000e+01	123	113	138
1.880000e+01	113	128	124
1.890000e+01	113	113	147
19	121	113	137
1.910000e+01	113	137	131
1.920000e+01	113	113	145
1.930000e+01	121	117	138
1.940000e+01	113	132	128
1.950000e+01	113	113	149
1.960000e+01	122	115	138
1.970000e+01	113	131	120
1.980000e+01	113	113	143
1.990000e+01	126	117	138
20	113	125	130
2.010000e+01	113	113	141
2.020000e+01	141	121	118
2.030000e+01	113	132	130
2.040000e+01	113	113	141
2.050000e+01	145	118	118
2.060000e+01	113	130	124
2.070000e+01	113	113	152
2.080000e+01	133	120	123
2.090000e+01	113	139	125
21	113	113	145
2.110000e+01	149	124	120
2.120000e+01	113	130	121
2.130000e+01	113	113	148
2.140000e+01	151	120	119
2.150000e+01	113	138	133
2.160000e+01	113	113	142
2.170000e+01	136	125	117
2.180000e+01	113	133	123
2.190000e+01	113	113	142
22	141	119	129
2.210000e+01	113	132	126
2.220000e+01	113	113	143
2.230000e+01	139	121	121
2.240000e+01	113	135	122
2.250000e+01	113	113	148
2.260000e+01	144	116	124
2.270000e+01	113	133	125
2.280000e+01	113	113	145
2.290000e+01	140	117	116
23	113	131	130
2.310000e+01	113	113	149
2.320000e+01	132	119	118
2.330000e+01	113	131	126
2.340000e+01	113	113	150
2.350000e+01	147	122	120
2.360000e+01	113	129	129
2.370000e+01	113	113	140
2.380000e+01	144	119	120
2.390000e+01	113	132	123
24	113	113	142
2.410000e+01	142	118	120
2.420000e+01	113	132	127
2.430000e+01	113	113	145
2.440000e+01	141	120	125
2.450000e+01	113	128	122
2.460000e+01	113	113	142
2.470000e+01	137	119	117
2.480000e+01	113	133	127
2.490000e+01	113	113	137
25	146	125	118
2.510000e+01	113	132	123
2.520000e+01	113	113	141
2.530000e+01	158	121	121
2.540000e+01	113	129	129
2.550000e+01	113	113	144
2.560000e+01	144	130	121
2.570000e+01	113	136	119
2.580000e+01	113	113	143
2.590000e+01	145	118	119
26	113	126	128
2.610000e+01	113	113	142
2.620000e+01	130	114	134
2.630000e+01	113	130	120
2.640000e+01	113	113	141
2.650000e+01	121	113	140
2.660000e+01	113	133	123
2.670000e+01	113	113	141
2.680000e+01	123	115	143
2.690000e+01	113	139	125
27	113	113	146
2.710000e+01	123	116	130
2.720000e+01	113	134	124
2.730000e+01	113	113	142
2.740000e+01	117	114	131
2.750000e+01	113	136	129
2.760000e+01	113	113	138
2.770000e+01	125	115	138
2.780000e+01	113	128	124
2.790000e+01	113	113	142
28	126	114	136
2.810000e+01	113	129	120
2.820000e+01	113	113	138
2.830000e+01	126	118	137
2.840000e+01	113	128	130
2.850000e+01	113	113	134
2.860000e+01	121	116	136
2.870000e+01	113	137	129
2.880000e+01	113	113	145
2.890000e+01	117	117	145
29	113	127	130
2.910000e+01	113	113	150
2.920000e+01	127	116	136
2.930000e+01	113	132	127
2.940000e+01	113	113	147
2.950000e+01	119	114	136
2.960000e+01	113	133	129
2.970000e+01	113	113	143
2.980000e+01	121	114	135
2.990000e+01	113	129	126
30	113	113	152
3.010000e+01	127	114	141
3.020000e+01	113	134	128
3.030000e+01	113	113	145
3.040000e+01	128	115	135
3.050000e+01	113	121	124
3.060000e+01	113	113	142
3.070000e+01	122	114	140
3.080000e+01	113	142	129
3.090000e+01	113	113	149
31	122	114	136
3.110000e+01	113	123	128
3.120000e+01	113	113	137
3.130000e+01	127	117	141
3.140000e+01	113	133	130
3.150000e+01	113	113	135
3.160000e+01	125	114	132
3.170000e+01	113	131	130
3.180000e+01	113	113	144
3.190000e+01	123	117	135
32	113	129	121
3.210000e+01	113	113	147
3.220000e+01	125	115	134
3.230000e+01	113	137	132
3.240000e+01	113	113	153
3.250000e+01	124	116	135
3.260000e+01	113	134	130
3.270000e+01	113	113	144
3.280000e+01	122	114	146
3.290000e+01	113	130	122
33	113	113	149
3.310000e+01	124	115	141
3.320000e+01	113	133	122
3.330000e+01	113	113	145
3.340000e+01	129	114	136
3.350000e+01	113	130	124
3.360000e+01	113	113	155
3.370000e+01	126	116	134
3.380000e+01	113	135	126
3.390000e+01	113	113	141
34	129	117	136
3.410000e+01	113	125	129
3.420000e+01	113	113	142
3.430000e+01	120	116	136
3.440000e+01	113	134	129
3.450000e+01	113	113	141
3.460000e+01	127	116	140
3.470000e+01	113	130	128
3.480000e+01	113	113	138
3.490000e+01	123	114	134
35	113	131	122
3.510000e+01	113	113	139
3.520000e+01	123	115	137
3.530000e+01	113	126	126
3.540000e+01	113	113	135
3.550000e+01	121	115	132
3.560000e+01	113	133	127
3.570000e+01	113	113	145
3.580000e+01	124	115	133
3.590000e+01	113	134	123
36	113	113	148
3.610000e+01	126	115	140
3.620000e+01	113	126	119
3.630000e+01	113	113	149
3.640000e+01	123	118	139
3.650000e+01	113	130	125
3.660000e+01	113	113	143
3.670000e+01	124	116	141
3.680000e+01	113	132	128
3.690000e+01	113	113	132
37	129	115	139
3.710000e+01	113	133	125
3.720000e+01	113	113	146
3.730000e+01	122	117	145
3.740000e+01	113	128	123
3.750000e+01	113	113	144
3.760000e+01	119	115	135
3.770000e+01	113	138	124
3.780000e+01	113	113	141
3.790000e+01	122	115	127
38	113	139	128
3.810000e+01	113	113	147
3.820000e+01	122	114	140
3.830000e+01	113	129	121
3.840000e+01	113	113	156
3.850000e+01	127	113	138
3.860000e+01	113	135	123
3.870000e+01	113	113	148
3.880000e+01	123	116	142
3.890000e+01	113	134	125
39	113	113	134
3.910000e+01	123	114	139
3.920000e+01	113	135	123
3.930000e+01	113	113	139
3.940000e+01	120	117	135
3.950000e+01	113	137	121
3.960000e+01	113	113	148
3.970000e+01	128	113	139
3.980000e+01	113	127	122
3.990000e+01	113	113	137
40	127	114	134
4.010000e+01	113	129	122
4.020000e+01	113	113	135
4.030000e+01	125	117	141
4.040000e+01	113	128	130
4.050000e+01	113	113	139
4.060000e+01	124	115	140
4.070000e+01	113	126	125
4.080000e+01	113	113	140
4.090000e+01	127	115	133
41	113	136	133
4.110000e+01	113	113	140
4.120000e+01	124	115	136
4.130000e+01	113	134	123
4.140000e+01	113	113	134
4.150000e+01	120	113	141
4.160000e+01	113	126	126
4.170000e+01	113	113	152
4.180000e+01	126	115	141
4.190000e+01	113	128	123
42	113	113	141
4.210000e+01	124	117	132
4.220000e+01	113	130	127
4.230000e+01	113	113	149
4.240000e+01	122	115	135
4.250000e+01	113	128	128
4.260000e+01	113	113	146
4.270000e+01	121	114	136
4.280000e+01	113	123	134
4.290000e+01	113	113	149
43	123	119	141
4.310000e+01	113	130	124
4.320000e+01	113	113	145
4.330000e+01	123	113	136
4.340000e+01	113	129	128
4.350000e+01	113	113	149
4.360000e+01	121	115	137
4.370000e+01	113	142	130
4.380000e+01	113	113	147
4.390000e+01	125	114	133
44	113	131	129
4.410000e+01	113	113	143
4.420000e+01	133	114	142
4.430000e+01	113	122	132
4.440000e+01	113	113	137
4.450000e+01	124	116	135
4.460000e+01	113	128	125
4.470000e+01	113	113	138
4.480000e+01	121	117	135
4.490000e+01	113	127	129
45	113	113	149
4.510000e+01	124	117	132
4.520000e+01	113	137	129
4.530000e+01	113	113	136
4.540000e+01	124	118	132
4.550000e+01	113	129	131
4.560000e+01	113	113	139
4.570000e+01	128	117	135
4.580000e+01	113	130	123
4.590000e+01	113	113	150
46	115	116	141
4.610000e+01	113	125	124
4.620000e+01	113	113	150
4.630000e+01	121	117	138
4.640000e+01	113	135	127
4.650000e+01	113	113	136
4.660000e+01	124	115	132
4.670000e+01	113	130	121
4.680000e+01	113	113	149
4.690000e+01	120	116	133
47	113	134	127
4.710000e+01	113	113	136
4.720000e+01	127	115	144
4.730000e+01	113	131	125
4.740000e+01	113	113	150
4.750000e+01	130	113	136
4.760000e+01	113	132	130
4.770000e+01	113	113	152
4.780000e+01	126	117	134
4.790000e+01	113	135	131
48	113	113	137
4.810000e+01	133	114	139
4.820000e+01	113	127	125
4.830000e+01	113	113	144
4.840000e+01	120	115	136
4.850000e+01	113	126	138
4.860000e+01	113	113	145
4.870000e+01	127	117	143
4.880000e+01	113	135	126
4.890000e+01	113	113	140
49	120	116	130
4.910000e+01	113	134	119
4.920000e+01	113	113	151
4.930000e+01	120	114	134
4.940000e+01	113	139	121
4.950000e+01	113	113	151
4.960000e+01	121	118	140
4.970000e+01	113	137	125
4.980000e+01	113	113	135
4.990000e+01	123	114	143
50	113	135	122
5.010000e+01	113	113	142
5.020000e+01	119	115	142
5.030000e+01	113	138	124
5.040000e+01	113	113	146
5.050000e+01	122	115	150
5.060000e+01	113	143	118
5.070000e+01	113	113	146
5.080000e+01	125	120	132
5.090000e+01	113	136	122
51	113	113	136
5.110000e+01	122	115	142
5.120000e+01	113	129	117
5.130000e+01	113	113	142
5.140000e+01	120	117	138
5.150000e+01	113	143	127
5.160000e+01	113	113	152
5.170000e+01	123	114	131
5.180000e+01	113	142	122
5.190000e+01	113	113	145
52	127	115	142
5.210000e+01	113	140	120
5.220000e+01	113	113	155
5.230000e+01	127	114	147
5.240000e+01	113	136	117
5.250000e+01	113	113	146
5.260000e+01	126	115	130
5.270000e+01	113	139	119
5.280000e+01	113	113	156
5.290000e+01	124	118	137
53	113	136	122
5.310000e+01	113	113	151
5.320000e+01	122	114	138
5.330000e+01	113	129	127
5.340000e+01	113	113	142
5.350000e+01	116	115	134
5.360000e+01	113	145	118
5.370000e+01	113	113	137
5.380000e+01	124	116	131
5.390000e+01	113	135	127
54	113	113	151
5.410000e+01	128	116	135
5.420000e+01	113	134	120
5.430000e+01	113	113	140
5.440000e+01	122	114	129
5.450000e+01	113	132	127
5.460000e+01	113	113	142
5.470000e+01	123	115	134
5.480000e+01	113	133	120
5.490000e+01	113	113	160
55	121	117	140
5.510000e+01	113	130	120
5.520000e+01	113	113	144
5.530000e+01	122	114	132
5.540000e+01	113	138	124
5.550000e+01	113	113	139
5.560000e+01	126	116	145
5.570000e+01	113	146	116
5.580000e+01	113	113	140
5.590000e+01	120	114	137
56	113	134	122
5.610000e+01	113	113	137
5.620000e+01	122	114	147
5.630000e+01	113	138	119
5.640000e+01	113	113	141
5.650000e+01	127	114	137
5.660000e+01	113	129	125
5.670000e+01	113	113	140
5.680000e+01	126	115	128
5.690000e+01	113	135	122
57	113	113	140
5.710000e+01	125	120	134
5.720000e+01	113	146	124
5.730000e+01	113	113	145
5.740000e+01	128	114	143
5.750000e+01	113	149	124
5.760000e+01	113	113	146
5.770000e+01	127	118	134
5.780000e+01	113	135	120
5.790000e+01	113	113	142
58	125	116	134
5.810000e+01	113	126	118
5.820000e+01	113	113	142
5.830000e+01	128	116	144
5.840000e+01	113	129	119
5.850000e+01	113	113	144
5.860000e+01	125	114	133
5.870000e+01	113	138	121
5.880000e+01	113	113	156
5.890000e+01	129	116	133
59	113	134	120
5.910000e+01	113	113	138
5.920000e+01	124	116	135
5.930000e+01	113	140	121
5.940000e+01	113	113	144
5.950000e+01	122	114	133
5.960000e+01	113	127	122
5.970000e+01	113	113	140
5.980000e+01	120	118	137
5.990000e+01	113	141	123
60	113	113	142
6.010000e+01	131	117	137
6.020000e+01	113	129	121
6.030000e+01	113	113	144
6.040000e+01	119	116	133
6.050000e+01	113	131	120
6.060000e+01	113	113	142
6.070000e+01	119	113	132
6.080000e+01	113	138	122
6.090000e+01	113	113	144
61	128	116	143
6.110000e+01	113	133	121
6.120000e+01	113	113	145
6.130000e+01	127	118	133
6.140000e+01	113	128	121
6.150000e+01	113	113	139
6.160000e+01	127	115	141
6.170000e+01	113	139	128
6.180000e+01	113	113	146
6.190000e+01	123	117	141
62	113	140	122
6.210000e+01	113	113	145
6.220000e+01	124	116	137
6.230000e+01	113	136	117
6.240000e+01	113	113	153
6.250000e+01	127	117	139
6.260000e+01	113	142	121
6.270000e+01	113	113	149
6.280000e+01	122	115	136
6.290000e+01	113	133	123
63	113	113	152
6.310000e+01	125	113	136
6.320000e+01	113	135	119
6.330000e+01	113	113	145
6.340000e+01	120	115	137
6.350000e+01	113	142	122
6.360000e+01	113	113	140
6.370000e+01	122	120	131
6.380000e+01	113	140	120
6.390000e+01	113	113	141
64	119	113	129
6.410000e+01	113	136	118
6.420000e+01	113	113	132
6.430000e+01	123	115	144
6.440000e+01	113	131	121
6.450000e+01	113	113	152
6.460000e+01	119	113	130
6.470000e+01	113	136	117
6.480000e+01	113	113	151
6.490000e+01	117	116	142
65	113	132	116
6.510000e+01	113	113	146
6.520000e+01	118	117	136
6.530000e+01	113	129	125
6.540000e+01	113	113	152
6.550000e+01	126	114	134
6.560000e+01	113	130	125
6.570000e+01	113	113	145
6.580000e+01	127	117	139
6.590000e+01	113	130	122
66	113	113	141
6.610000e+01	125	116	141
6.620000e+01	113	133	123
6.630000e+01	113	113	146
6.640000e+01	126	115	132
6.650000e+01	113	136	119
6.660000e+01	113	113	146
6.670000e+01	124	115	141
6.680000e+01	113	131	117
6.690000e+01	113	113	135
67	123	118	145
6.710000e+01	113	139	119
6.720000e+01	113	113	141
6.730000e+01	121	114	135
6.740000e+01	113	138	122
6.750000e+01	113	113	146
6.760000e+01	124	118	137
6.770000e+01	113	134	122
6.780000e+01	113	113	140
6.790000e+01	124	116	136
68	113	127	130
6.810000e+01	113	113	155
6.820000e+01	125	116	139
6.830000e+01	113	126	119
6.840000e+01	113	113	138
6.850000e+01	123	115	143
6.860000e+01	113	136	121
6.870000e+01	113	113	144
6.880000e+01	123	116	140
6.890000e+01	113	139	119
69	113	113	137
6.910000e+01	124	114	131
6.920000e+01	113	144	118
6.930000e+01	113	113	148
6.940000e+01	122	115	143
6.950000e+01	113	135	126
6.960000e+01	113	113	142
6.970000e+01	126	113	139
6.980000e+01	113	136	120
6.990000e+01	113	113	145
70	125	115	135
7.010000e+01	113	137	118
7.020000e+01	113	113	134
7.030000e+01	127	116	139
7.040000e+01	113	132	119
7.050000e+01	113	113	146
7.060000e+01	121	116	136
7.070000e+01	113	136	125
7.080000e+01	113	113	146
7.090000e+01	116	115	140
71	113	139	124
7.110000e+01	113	113	141
7.120000e+01	122	113	140
7.130000e+01	113	133	122
7.140000e+01	113	113	147
7.150000e+01	123	116	131
7.160000e+01	113	143	120
7.170000e+01	113	113	147
7.180000e+01	131	117	139
7.190000e+01	113	140	120
72	113	113	146
7.210000e+01	124	116	133
7.220000e+01	113	131	121
7.230000e+01	113	113	148
7.240000e+01	122	115	138
7.250000e+01	113	127	124
7.260000e+01	113	113	138
7.270000e+01	128	114	126
7.280000e+01	113	134	120
7.290000e+01	113	113	139
73	123	113	141
7.310000e+01	113	138	120
7.320000e+01	113	113	142
7.330000e+01	128	117	142
7.340000e+01	113	134	122
7.350000e+01	113	113	138
7.360000e+01	129	114	134
7.370000e+01	113	142	120
7.380000e+01	113	113	143
7.390000e+01	116	116	133
74	113	132	124
7.410000e+01	113	113	139
7.420000e+01	121	114	134
7.430000e+01	113	136	123
7.440000e+01	113	113	133
7.450000e+01	128	115	126
7.460000e+01	113	144	127
7.470000e+01	113	113	151
7.480000e+01	126	117	136
7.490000e+01	113	128	121
75	113	113	139
7.510000e+01	123	115	135
7.520000e+01	113	141	122
7.530000e+01	113	113	153
7.540000e+01	124	117	137
7.550000e+01	113	129	115
7.560000e+01	113	113	146
7.570000e+01	125	118	140
7.580000e+01	113	133	119
7.590000e+01	113	113	144
76	126	117	144
7.610000e+01	113	139	120
7.620000e+01	113	113	142
7.630000e+01	120	116	134
7.640000e+01	113	135	119
7.650000e+01	113	113	140
7.660000e+01	119	115	134
7.670000e+01	113	131	121
7.680000e+01	113	113	140
7.690000e+01	124	115	139
77	113	129	115
7.710000e+01	113	113	144
7.720000e+01	124	115	131
7.730000e+01	113	131	118
7.740000e+01	113	113	138
7.750000e+01	130	117	129
7.760000e+01	113	136	129
7.770000e+01	113	113	142
7.780000e+01	131	116	134
7.790000e+01	113	130	124
78	113	113	143
7.810000e+01	123	115	140
7.820000e+01	113	140	117
7.830000e+01	113	113	139
7.840000e+01	129	119	137
7.850000e+01	113	138	125
7.860000e+01	113	113	144
7.870000e+01	124	113	136
7.880000e+01	113	136	119
7.890000e+01	113	113	140
79	123	117	134
7.910000e+01	113	136	120
7.920000e+01	113	113	144
7.930000e+01	119	118	142
7.940000e+01	113	133	121
7.950000e+01	113	113	147
7.960000e+01	129	116	140
7.970000e+01	113	141	123
7.980000e+01	113	113	145
7.990000e+01	121	115	134
80	113	141	124
8.010000e+01	113	113	144
8.020000e+01	126	115	141
8.030000e+01	113	143	121
8.040000e+01	113	113	145
8.050000e+01	121	115	138
8.060000e+01	113	135	121
8.070000e+01	113	113	146
8.080000e+01	126	115	131
8.090000e+01	113	132	121
81	113	113	145
8.110000e+01	133	115	141
8.120000e+01	113	130	117
8.130000e+01	113	113	156
8.140000e+01	130	114	138
8.150000e+01	113	141	121
8.160000e+01	113	113	141
8.170000e+01	119	114	143
8.180000e+01	113	128	125
8.190000e+01	113	113	153
82	126	114	139
8.210000e+01	113	131	122
8.220000e+01	113	113	144
8.230000e+01	127	117	139
8.240000e+01	113	141	122
8.250000e+01	113	113	143
8.260000e+01	128	118	136
8.270000e+01	113	139	115
8.280000e+01	113	113	148
8.290000e+01	124	114	137
83	113	140	121
8.310000e+01	113	113	146
8.320000e+01	125	113	134
8.330000e+01	113	136	122
8.340000e+01	113	113	146
8.350000e+01	129	116	127
8.360000e+01	113	130	116
8.370000e+01	113	113	139
8.380000e+01	128	116	124
8.390000e+01	113	128	125
84	113	113	142
8.410000e+01	124	116	133
8.420000e+01	113	139	121
8.430000e+01	113	113	142
8.440000e+01	123	116	136
8.450000e+01	113	135	121
8.460000e+01	113	113	146
8.470000e+01	130	113	142
8.480000e+01	113	141	118
8.490000e+01	113	113	151
85	121	114	133
8.510000e+01	113	130	121
8.520000e+01	113	113	149
8.530000e+01	122	116	141
8.540000e+01	113	140	123
8.550000e+01	113	113	136
8.560000e+01	127	118	143
8.570000e+01	113	137	123
8.580000e+01	113	113	140
8.590000e+01	124	116	130
86	113	136	124
8.610000e+01	113	113	142
8.620000e+01	123	117	134
8.630000e+01	113	127	129
8.640000e+01	113	113	143
8.650000e+01	121	118	140
8.660000e+01	113	140	123
8.670000e+01	113	113	150
8.680000e+01	126	119	139
8.690000e+01	113	130	126
87	113	113	134
8.710000e+01	130	117	138
8.720000e+01	113	128	122
8.730000e+01	113	113	137
8.740000e+01	125	118	137
8.750000e+01	113	136	125
8.760000e+01	113	113	150
8.770000e+01	120	115	140
8.780000e+01	113	138	122
8.790000e+01	113	113	148
88	129	114	142
8.810000e+01	113	135	119
8.820000e+01	113	113	139
8.830000e+01	124	116	131
8.840000e+01	113	135	120
8.850000e+01	113	113	138
8.860000e+01	123	115	133
8.870000e+01	113	134	115
8.880000e+01	113	113	146
8.890000e+01	130	114	131
89	113	137	122
8.910000e+01	113	113	147
8.920000e+01	122	118	137
8.930000e+01	113	139	117
8.940000e+01	113	113	140
8.950000e+01	127	114	141
8.960000e+01	113	126	121
8.970000e+01	113	113	151
8.980000e+01	122	116	136
8.990000e+01	113	134	118
90	113	113	133
9.010000e+01	129	116	132
9.020000e+01	113	134	120
9.030000e+01	113	113	146
9.040000e+01	123	116	137
9.050000e+01	113	132	122
9.060000e+01	113	113	140
9.070000e+01	121	117	141
9.080000e+01	113	140	129
9.090000e+01	113	113	144
91	123	115	133
9.110000e+01	113	131	117
9.120000e+01	113	113	140
9.130000e+01	126	115	140
9.140000e+01	113	135	121
9.150000e+01	113	113	151
9.160000e+01	128	115	130
9.170000e+01	113	128	117
9.180000e+01	113	113	146
9.190000e+01	121	116	152
92	113	135	124
9.210000e+01	113	113	144
9.220000e+01	120	117	134
9.230000e+01	113	136	120
9.240000e+01	113	113	140
9.250000e+01	129	115	135
9.260000e+01	113	127	121
9.270000e+01	113	113	145
9.280000e+01	122	114	132
9.290000e+01	113	134	117
93	113	113	142
9.310000e+01	127	118	140
9.320000e+01	113	130	119
9.330000e+01	113	113	149
9.340000e+01	126	114	143
9.350000e+01	113	133	124
9.360000e+01	113	113	141
9.370000e+01	125	114	143
9.380000e+01	113	135	119
9.390000e+01	113	113	142
94	122	114	138
9.410000e+01	113	127	118
9.420000e+01	113	113	152
9.430000e+01	130	114	135
9.440000e+01	113	139	120
9.450000e+01	113	113	148
9.460000e+01	130	117	140
9.470000e+01	113	143	117
9.480000e+01	113	113	152
9.490000e+01	127	113	137
95	113	132	119
9.510000e+01	113	113	143
9.520000e+01	123	116	149
9.530000e+01	113	133	119
9.540000e+01	113	113	137
9.550000e+01	126	115	139
9.560000e+01	113	141	119
9.570000e+01	113	113	138
9.580000e+01	124	114	129
9.590000e+01	113	135	120
96	113	113	142
9.610000e+01	131	114	129
9.620000e+01	113	131	119
9.630000e+01	113	113	144
9.640000e+01	126	117	148
9.650000e+01	113	141	116
9.660000e+01	113	113	146
9.670000e+01	124	118	132
9.680000e+01	113	135	119
9.690000e+01	113	113	147
97	119	115	134
9.710000e+01	113	137	118
9.720000e+01	113	113	148
9.730000e+01	129	118	134
9.740000e+01	113	138	118
9.750000e+01	113	113	146
9.760000e+01	121	116	136
9.770000e+01	113	136	125
9.780000e+01	113	113	133
9.790000e+01	125	116	144
98	113	134	119
9.810000e+01	113	113	147
9.820000e+01	121	117	136
9.830000e+01	113	137	125
9.840000e+01	113	113	145
9.850000e+01	124	117	127
9.860000e+01	113	137	119
9.870000e+01	113	113	153
9.880000e+01	119	116	137
9.890000e+01	113	138	120
99	113	113	140
9.910000e+01	127	116	140
9.920000e+01	113	143	118
9.930000e+01	113	113	146
9.940000e+01	124	115	131
9.950000e+01	113	131	122
9.960000e+01	113	113	140
9.970000e+01	127	114	142
9.980000e+01	113	133	125
9.990000e+01	113	113	138
100	127	115	138
1.001000e+02	113	137	120
1.002000e+02	113	113	141
1.003000e+02	129	117	132
1.004000e+02	113	134	120
1.005000e+02	113	113	154
1.006000e+02	128	116	136
1.007000e+02	113	138	118
1.008000e+02	113	113	136
1.009000e+02	119	118	141
101	113	130	123
1.011000e+02	113	113	144
1.012000e+02	123	118	142
1.013000e+02	113	143	116
1.014000e+02	113	113	144
1.015000e+02	126	119	142
1.016000e+02	113	133	117
1.017000e+02	113	113	137
1.018000e+02	125	116	137
1.019000e+02	113	138	128
102	113	113	142
1.021000e+02	122	118	140
1.022000e+02	113	139	119
1.023000e+02	113	113	148
1.024000e+02	118	122	129
1.025000e+02	113	133	116
1.026000e+02	113	113	149
1.027000e+02	124	127	133
1.028000e+02	113	135	120
1.029000e+02	113	113	138
103	124	119	135
1.031000e+02	113	139	122
1.032000e+02	113	113	143
1.033000e+02	123	124	128
1.034000e+02	113	133	124
1.035000e+02	113	113	141
1.036000e+02	116	120	133
1.037000e+02	113	143	120
1.038000e+02	113	113	147
1.039000e+02	121	117	129
104	113	134	119
1.041000e+02	113	113	149
1.042000e+02	122	121	136
1.043000e+02	113	142	126
1.044000e+02	113	113	141
1.045000e+02	117	126	133
1.046000e+02	113	135	117
1.047000e+02	113	113	144
1.048000e+02	122	117	130
1.049000e+02	113	137	118
105	113	113	140
1.051000e+02	118	118	134
1.052000e+02	113	138	120
1.053000e+02	113	113	151
1.054000e+02	123	119	140
1.055000e+02	113	144	128
1.056000e+02	113	113	144
1.057000e+02	123	123	136
1.058000e+02	113	139	126
1.059000e+02	113	113	148
106	120	121	142
1.061000e+02	113	145	120
1.062000e+02	113	113	135
1.063000e+02	120	125	142
1.064000e+02	113	130	123
1.065000e+02	113	113	142
1.066000e+02	118	120	131
1.067000e+02	113	138	125
1.068000e+02	113	113	136
1.069000e+02	120	120	120
107	113	139	124
1.071000e+02	113	113	138
1.072000e+02	118	123	128
1.073000e+02	113	147	123
1.074000e+02	113	113	148
1.075000e+02	123	119	133
1.076000e+02	113	137	123
1.077000e+02	113	113	139
1.078000e+02	121	131	134
1.079000e+02	113	132	117
108	113	113	135
1.081000e+02	122	120	131
1.082000e+02	113	136	123
1.083000e+02	113	113	139
1.084000e+02	120	121	132
1.085000e+02	113	138	116
1.086000e+02	113	113	144
1.087000e+02	119	118	132
1.088000e+02	113	129	118
1.089000e+02	113	113	139
109	118	122	134
1.091000e+02	113	138	121
1.092000e+02	113	113	141
1.093000e+02	120	126	130
1.094000e+02	113	137	121
1.095000e+02	113	113	151
1.096000e+02	120	119	130
1.097000e+02	113	141	114
1.098000e+02	113	113	140
1.099000e+02	118	124	138
110	113	143	120
1.101000e+02	113	113	138
1.102000e+02	123	123	137
1.103000e+02	113	138	121
1.104000e+02	113	113	135
1.105000e+02	122	121	126
1.106000e+02	113	132	129
1.107000e+02	113	113	141
1.108000e+02	124	121	134
1.109000e+02	113	134	122
111	113	113	141
1.111000e+02	118	123	127
1.112000e+02	113	143	122
1.113000e+02	113	113	138
1.114000e+02	124	125	136
1.115000e+02	113	135	121
1.116000e+02	113	113	138
1.117000e+02	129	125	134
1.118000e+02	113	136	119
1.119000e+02	113	113	135
112	122	120	134
1.121000e+02	113	131	126
1.122000e+02	113	113	146
1.123000e+02	117	121	137
1.124000e+02	113	132	119
1.125000e+02	113	113	138
1.126000e+02	123	122	137
1.127000e+02	113	139	119
1.128000e+02	113	113	143
1.129000e+02	127	127	130
113	113	138	122
1.131000e+02	113	113	146
1.132000e+02	129	119	132
1.133000e+02	113	137	119
1.134000e+02	113	113	145
1.135000e+02	119	120	134
1.136000e+02	113	133	122
1.137000e+02	113	113	144
1.138000e+02	121	121	141
1.139000e+02	113	141	124
114	113	113	145
1.141000e+02	123	128	129
1.142000e+02	113	138	120
1.143000e+02	113	113	138
1.144000e+02	128	120	126
1.145000e+02	113	130	124
1.146000e+02	113	113	141
1.147000e+02	118	121	130
1.148000e+02	113	134	123
1.149000e+02	113	113	141
115	119	118	128
1.151000e+02	113	141	115
1.152000e+02	113	113	141
1.153000e+02	122	115	126
1.154000e+02	113	132	124
1.155000e+02	113	113	146
1.156000e+02	116	124	130
1.157000e+02	113	140	124
1.158000e+02	113	113	151
1.159000e+02	122	125	134
116	113	136	123
1.161000e+02	113	113	143
1.162000e+02	125	123	137
1.163000e+02	113	130	121
1.164000e+02	113	113	137
1.165000e+02	121	126	138
1.166000e+02	113	137	121
1.167000e+02	113	113	146
1.168000e+02	121	124	136
1.169000e+02	113	140	120
117	113	113	155
1.171000e+02	122	119	129
1.172000e+02	113	136	117
1.173000e+02	113	113	145
1.174000e+02	121	124	123
1.175000e+02	113	137	121
1.176000e+02	113	113	136
1.177000e+02	124	123	126
1.178000e+02	113	138	123
1.179000e+02	113	113	146
118	121	122	136
1.181000e+02	113	140	121
1.182000e+02	113	113	136
1.183000e+02	116	124	135
1.184000e+02	113	138	118
1.185000e+02	113	113	151
1.186000e+02	116	120	126
1.187000e+02	113	131	123
1.188000e+02	113	113	136
1.189000e+02	123	121	128
119	113	136	124
1.191000e+02	113	113	140
1.192000e+02	120	126	138
1.193000e+02	113	133	122
1.194000e+02	113	113	144
1.195000e+02	119	122	139
1.196000e+02	113	141	123
1.197000e+02	113	113	143
1.198000e+02	118	124	137
1.199000e+02	113	135	118
120	113	113	140
1.201000e+02	124	121	134
1.202000e+02	113	138	123
1.203000e+02	113	113	137
1.204000e+02	119	117	126
1.205000e+02	113	135	120
1.206000e+02	113	113	139
1.207000e+02	119	121	135
1.208000e+02	113	135	118
1.209000e+02	113	113	148
121	118	126	142
1.211000e+02	113	140	120
1.212000e+02	113	113	146
1.213000e+02	121	119	134
1.214000e+02	113	143	118
1.215000e+02	113	113	138
1.216000e+02	118	124	131
1.217000e+02	113	133	125
1.218000e+02	113	113	135
1.219000e+02	117	125	135
122	113	131	124
1.221000e+02	113	113	149
1.222000e+02	122	121	129
1.223000e+02	113	138	129
1.224000e+02	113	113	147
1.225000e+02	128	119	135
1.226000e+02	113	138	121
1.227000e+02	113	113	152
1.228000e+02	124	124	128
1.229000e+02	113	133	126
123	113	113	152
1.231000e+02	122	121	132
1.232000e+02	113	133	122
1.233000e+02	113	113	148
1.234000e+02	118	121	133
1.235000e+02	113	135	120
1.236000e+02	113	113	156
1.237000e+02	120	122	138
1.238000e+02	113	138	121
1.239000e+02	113	113	140
124	125	122	129
1.241000e+02	113	138	123
1.242000e+02	113	113	145
1.243000e+02	121	122	132
1.244000e+02	113	144	125
1.245000e+02	113	113	152
1.246000e+02	118	120	129
1.247000e+02	113	131	120
1.248000e+02	113	113	143
1.249000e+02	119	127	137
125	113	137	122
1.251000e+02	113	113	141
1.252000e+02	124	120	137
1.253000e+02	113	137	119
1.254000e+02	113	113	146
1.255000e+02	121	121	130
1.256000e+02	113	132	120
1.257000e+02	113	113	144
1.258000e+02	123	119	133
1.259000e+02	113	138	122
126	113	113	144
1.261000e+02	117	119	134
1.262000e+02	113	130	120
1.263000e+02	113	113	155
1.264000e+02	121	122	135
1.265000e+02	113	143	119
1.266000e+02	113	113	144
1.267000e+02	120	125	132
1.268000e+02	113	129	124
1.269000e+02	113	113	146
127	126	125	134
1.271000e+02	113	137	122
1.272000e+02	113	113	136
1.273000e+02	117	124	141
1.274000e+02	113	145	121
1.275000e+02	113	113	143
1.276000e+02	126	120	139
1.277000e+02	113	130	126
1.278000e+02	113	113	140
1.279000e+02	124	123	139
128	113	135	122
1.281000e+02	113	113	136
1.282000e+02	121	122	129
1.283000e+02	113	140	120
1.284000e+02	113	113	149
1.285000e+02	118	119	133
1.286000e+02	113	134	122
1.287000e+02	113	113	139
1.288000e+02	120	120	135
1.289000e+02	113	137	120
129	113	113	139
1.291000e+02	125	122	136
1.292000e+02	113	146	125
1.293000e+02	113	113	155
1.294000e+02	119	119	131
1.295000e+02	113	132	126
1.296000e+02	113	113	138
1.297000e+02	123	127	135
1.298000e+02	113	131	121
1.299000e+02	113	113	143
130	116	122	131
1.301000e+02	113	141	121
1.302000e+02	113	113	151
1.303000e+02	120	122	133
1.304000e+02	113	133	121
1.305000e+02	113	113	144
1.306000e+02	123	124	136
1.307000e+02	113	134	125
1.308000e+02	113	113	137
1.309000e+02	116	128	128
131	113	132	118
1.311000e+02	113	113	156
1.312000e+02	120	120	133
1.313000e+02	113	136	119
1.314000e+02	113	113	141
1.315000e+02	120	121	127
1.316000e+02	113	140	122
1.317000e+02	113	113	142
1.318000e+02	121	119	126
1.319000e+02	113	144	125
132	113	113	139
1.321000e+02	118	122	131
1.322000e+02	113	140	115
1.323000e+02	113	113	138
1.324000e+02	118	119	132
1.325000e+02	113	139	119
1.326000e+02	113	113	149
1.327000e+02	124	120	137
1.328000e+02	113	139	123
1.329000e+02	113	113	138
133	117	120	135
1.331000e+02	113	134	123
1.332000e+02	113	113	142
1.333000e+02	122	122	131
1.334000e+02	113	133	120
1.335000e+02	113	113	136
1.336000e+02	123	126	138
1.337000e+02	113	138	122
1.338000e+02	113	113	140
1.339000e+02	118	120	130
134	113	126	125
1.341000e+02	113	113	142
1.342000e+02	123	122	133
1.343000e+02	113	130	124
1.344000e+02	113	113	144
1.345000e+02	123	123	128
1.346000e+02	113	136	119
1.347000e+02	113	113	132
1.348000e+02	119	117	131
1.349000e+02	113	133	124
135	113	113	142
1.351000e+02	120	125	138
1.352000e+02	113	136	115
1.353000e+02	113	113	147
1.354000e+02	120	117	133
1.355000e+02	113	135	123
1.356000e+02	113	113	141
1.357000e+02	132	122	136
1.358000e+02	113	141	121
1.359000e+02	113	113	144
136	121	124	130
1.361000e+02	113	135	117
1.362000e+02	113	113	131
1.363000e+02	125	119	128
1.364000e+02	113	144	121
1.365000e+02	113	113	134
1.366000e+02	122	121	132
1.367000e+02	113	139	122
1.368000e+02	113	113	149
1.369000e+02	122	120	140
137	113	131	116
1.371000e+02	113	113	145
1.372000e+02	119	119	128
1.373000e+02	113	139	120
1.374000e+02	113	113	149
1.375000e+02	123	120	141
1.376000e+02	113	142	120
1.377000e+02	113	113	139
1.378000e+02	121	118	130
1.379000e+02	113	135	116
138	113	113	151
1.381000e+02	122	118	124
1.382000e+02	113	137	121
1.383000e+02	113	113	139
1.384000e+02	121	120	130
1.385000e+02	113	138	123
1.386000e+02	113	113	129
1.387000e+02	122	120	131
1.388000e+02	113	131	119
1.389000e+02	113	113	144
139	126	123	125
1.391000e+02	113	145	119
1.392000e+02	113	113	146
1.393000e+02	131	118	135
1.394000e+02	113	134	124
1.395000e+02	113	113	140
1.396000e+02	126	126	139
1.397000e+02	113	133	127
1.398000e+02	113	113	149
1.399000e+02	129	116	136
140	113	137	121
1.401000e+02	113	113	140
1.402000e+02	125	115	143
1.403000e+02	113	138	116
1.404000e+02	113	113	140
1.405000e+02	117	116	130
1.406000e+02	113	135	122
1.407000e+02	113	113	147
1.408000e+02	123	114	131
1.409000e+02	113	138	121
141	113	113	146
1.411000e+02	122	117	137
1.412000e+02	113	128	127
1.413000e+02	113	113	136
1.414000e+02	127	115	131
1.415000e+02	113	131	120
1.416000e+02	113	113	153
1.417000e+02	126	117	143
1.418000e+02	113	140	117
1.419000e+02	113	113	145
142	127	118	135
1.421000e+02	113	134	122
1.422000e+02	113	113	141
1.423000e+02	128	116	133
1.424000e+02	113	138	125
1.425000e+02	113	113	138
1.426000e+02	123	118	139
1.427000e+02	113	133	121
1.428000e+02	113	113	157
1.429000e+02	123	114	129
143	113	138	121
1.431000e+02	113	113	141
1.432000e+02	122	119	146
1.433000e+02	113	138	118
1.434000e+02	113	113	141
1.435000e+02	124	115	141
1.436000e+02	113	129	115
1.437000e+02	113	113	140
1.438000e+02	124	116	144
1.439000e+02	113	134	125
144	113	113	142
1.441000e+02	126	114	145
1.442000e+02	113	138	121
1.443000e+02	113	113	141
1.444000e+02	127	121	141
1.445000e+02	113	141	119
1.446000e+02	113	113	139
1.447000e+02	124	117	138
1.448000e+02	113	134	122
1.449000e+02	113	113	140
145	122	114	131
1.451000e+02	113	140	121
1.452000e+02	113	113	147
1.453000e+02	125	116	130
1.454000e+02	113	137	121
1.455000e+02	113	113	144
1.456000e+02	124	114	136
1.457000e+02	113	141	118
1.458000e+02	113	113	145
1.459000e+02	143	122	120
146	113	136	119
1.461000e+02	113	113	145
1.462000e+02	138	121	122
1.463000e+02	113	131	124
1.464000e+02	113	113	146
1.465000e+02	139	123	121
1.466000e+02	113	137	117
1.467000e+02	113	113	136
1.468000e+02	146	126	123
1.469000e+02	113	137	118
147	113	113	143
1.471000e+02	149	125	116
1.472000e+02	113	135	119
1.473000e+02	113	113	156
1.474000e+02	146	118	122
1.475000e+02	113	140	124
1.476000e+02	113	113	139
1.477000e+02	136	123	117
1.478000e+02	113	134	123
1.479000e+02	113	113	146
148	142	120	120
1.481000e+02	113	134	128
1.482000e+02	113	113	153
1.483000e+02	131	121	119
1.484000e+02	113	132	123
1.485000e+02	113	113	140
1.486000e+02	145	121	124
1.487000e+02	113	132	118
1.488000e+02	113	113	145
1.489000e+02	139	122	120
149	113	131	124
1.491000e+02	113	113	148
1.492000e+02	147	125	119
1.493000e+02	113	134	118
1.494000e+02	113	113	146
1.495000e+02	137	118	119
1.496000e+02	113	139	121
1.497000e+02	113	113	143
1.498000e+02	125	118	128
1.499000e+02	113	136	125
150	113	113	137
