coordinates 	125.76	155.05	253.76	155.05
time(s)	frame	Idon noise(photons)	Iacc noise(photons)	Idon ideal(photons)	Iacc ideal(photons)	FRET	FRET ideal	state sequence
1.000000e-01	1	7.368421e+00	4.210526e+01	1.080639e+01	3.241918e+01	8.510638e-01	7.500000e-01	4
2.000000e-01	2	2.105263e+01	3.368421e+01	1.080639e+01	3.241918e+01	6.153846e-01	7.500000e-01	4
3.000000e-01	3	1.473684e+01	3.157895e+01	1.080639e+01	3.241918e+01	6.818182e-01	7.500000e-01	4
4.000000e-01	4	8.421053e+00	2.947368e+01	1.080639e+01	3.241918e+01	7.777778e-01	7.500000e-01	4
5.000000e-01	5	1.894737e+01	3.894737e+01	1.080639e+01	3.241918e+01	6.727273e-01	7.500000e-01	4
6.000000e-01	6	1.368421e+01	2.210526e+01	1.080639e+01	3.241918e+01	6.176471e-01	7.500000e-01	4
7.000000e-01	7	4.210526e+00	2.736842e+01	1.080639e+01	3.241918e+01	8.666667e-01	7.500000e-01	4
8.000000e-01	8	1.578947e+01	4.105263e+01	1.080639e+01	3.241918e+01	7.222222e-01	7.500000e-01	4
9.000000e-01	9	1.368421e+01	4.631579e+01	1.080639e+01	3.241918e+01	7.719298e-01	7.500000e-01	4
1	10	1.789474e+01	1.684211e+01	1.080639e+01	3.241918e+01	4.848485e-01	7.500000e-01	4
1.100000e+00	11	1.578947e+01	3.473684e+01	1.080639e+01	3.241918e+01	6.875000e-01	7.500000e-01	4
1.200000e+00	12	9.473684e+00	2.631579e+01	1.080639e+01	3.241918e+01	7.352941e-01	7.500000e-01	4
1.300000e+00	13	8.421053e+00	5.052632e+01	1.080639e+01	3.241918e+01	8.571429e-01	7.500000e-01	4
1.400000e+00	14	1.789474e+01	6.105263e+01	1.080639e+01	3.241918e+01	7.733333e-01	7.500000e-01	4
1.500000e+00	15	6.315789e+00	4.421053e+01	1.080639e+01	3.241918e+01	8.750000e-01	7.500000e-01	4
1.600000e+00	16	1.894737e+01	2.947368e+01	1.080639e+01	3.241918e+01	6.086957e-01	7.500000e-01	4
1.700000e+00	17	1.263158e+01	3.368421e+01	1.080639e+01	3.241918e+01	7.272727e-01	7.500000e-01	4
1.800000e+00	18	6.315789e+00	2.421053e+01	1.080639e+01	3.241918e+01	7.931034e-01	7.500000e-01	4
1.900000e+00	19	1.578947e+01	3.157895e+01	1.080639e+01	3.241918e+01	6.666667e-01	7.500000e-01	4
2	20	1.157895e+01	5.157895e+01	1.080639e+01	3.241918e+01	8.166667e-01	7.500000e-01	4
2.100000e+00	21	1.052632e+01	1.578947e+01	1.080639e+01	3.241918e+01	6.000000e-01	7.500000e-01	4
2.200000e+00	22	1.263158e+01	3.368421e+01	1.080639e+01	3.241918e+01	7.272727e-01	7.500000e-01	4
2.300000e+00	23	8.421053e+00	4.736842e+01	1.080639e+01	3.241918e+01	8.490566e-01	7.500000e-01	4
2.400000e+00	24	7.368421e+00	3.684211e+01	1.080639e+01	3.241918e+01	8.333333e-01	7.500000e-01	4
2.500000e+00	25	1.473684e+01	3.263158e+01	1.080639e+01	3.241918e+01	6.888889e-01	7.500000e-01	4
2.600000e+00	26	1.263158e+01	2.526316e+01	1.080639e+01	3.241918e+01	6.666667e-01	7.500000e-01	4
2.700000e+00	27	1.789474e+01	2.947368e+01	1.080639e+01	3.241918e+01	6.222222e-01	7.500000e-01	4
2.800000e+00	28	1.578947e+01	3.473684e+01	1.080639e+01	3.241918e+01	6.875000e-01	7.500000e-01	4
2.900000e+00	29	1.789474e+01	2.631579e+01	1.080639e+01	3.241918e+01	5.952381e-01	7.500000e-01	4
3	30	1.263158e+01	4.526316e+01	1.080639e+01	3.241918e+01	7.818182e-01	7.500000e-01	4
3.100000e+00	31	1.894737e+01	3.578947e+01	1.080639e+01	3.241918e+01	6.538462e-01	7.500000e-01	4
3.200000e+00	32	1.157895e+01	2.947368e+01	1.080639e+01	3.241918e+01	7.179487e-01	7.500000e-01	4
3.300000e+00	33	2.210526e+01	2.842105e+01	1.080639e+01	3.241918e+01	5.625000e-01	7.500000e-01	4
3.400000e+00	34	1.894737e+01	2.631579e+01	1.080639e+01	3.241918e+01	5.813953e-01	7.500000e-01	4
3.500000e+00	35	2.105263e+01	5.368421e+01	1.080639e+01	3.241918e+01	7.183099e-01	7.500000e-01	4
3.600000e+00	36	9.473684e+00	3.263158e+01	1.080639e+01	3.241918e+01	7.750000e-01	7.500000e-01	4
3.700000e+00	37	2.842105e+01	3.263158e+01	1.080639e+01	3.241918e+01	5.344828e-01	7.500000e-01	4
3.800000e+00	38	1.684211e+01	5.263158e+01	1.080639e+01	3.241918e+01	7.575758e-01	7.500000e-01	4
3.900000e+00	39	1.684211e+01	3.473684e+01	1.080639e+01	3.241918e+01	6.734694e-01	7.500000e-01	4
4	40	1.894737e+01	3.578947e+01	1.080639e+01	3.241918e+01	6.538462e-01	7.500000e-01	4
4.100000e+00	41	4.210526e+00	2.421053e+01	1.080639e+01	3.241918e+01	8.518519e-01	7.500000e-01	4
4.200000e+00	42	8.421053e+00	4.210526e+01	1.080639e+01	3.241918e+01	8.333333e-01	7.500000e-01	4
4.300000e+00	43	2.421053e+01	2.421053e+01	1.080639e+01	3.241918e+01	5.000000e-01	7.500000e-01	4
4.400000e+00	44	1.684211e+01	40	1.080639e+01	3.241918e+01	7.037037e-01	7.500000e-01	4
4.500000e+00	45	1.263158e+01	4.105263e+01	1.080639e+01	3.241918e+01	7.647059e-01	7.500000e-01	4
4.600000e+00	46	1.684211e+01	3.789474e+01	1.080639e+01	3.241918e+01	6.923077e-01	7.500000e-01	4
4.700000e+00	47	1.789474e+01	1.894737e+01	1.080639e+01	3.241918e+01	5.142857e-01	7.500000e-01	4
4.800000e+00	48	1.263158e+01	3.368421e+01	1.080639e+01	3.241918e+01	7.272727e-01	7.500000e-01	4
4.900000e+00	49	2.736842e+01	2.105263e+01	1.080639e+01	3.241918e+01	4.347826e-01	7.500000e-01	4
5	50	1.894737e+01	4.105263e+01	1.080639e+01	3.241918e+01	6.842105e-01	7.500000e-01	4
5.100000e+00	51	20	4.105263e+01	1.080639e+01	3.241918e+01	6.724138e-01	7.500000e-01	4
5.200000e+00	52	1.263158e+01	3.368421e+01	1.080639e+01	3.241918e+01	7.272727e-01	7.500000e-01	4
5.300000e+00	53	6.315789e+00	4.105263e+01	1.080639e+01	3.241918e+01	8.666667e-01	7.500000e-01	4
5.400000e+00	54	20	3.684211e+01	1.080639e+01	3.241918e+01	6.481481e-01	7.500000e-01	4
5.500000e+00	55	1.052632e+01	3.789474e+01	1.080639e+01	3.241918e+01	7.826087e-01	7.500000e-01	4
5.600000e+00	56	1.157895e+01	4.210526e+01	1.080639e+01	3.241918e+01	7.843137e-01	7.500000e-01	4
5.700000e+00	57	1.789474e+01	2.736842e+01	1.080639e+01	3.241918e+01	6.046512e-01	7.500000e-01	4
5.800000e+00	58	1.157895e+01	3.684211e+01	1.080639e+01	3.241918e+01	7.608696e-01	7.500000e-01	4
5.900000e+00	59	1.684211e+01	3.578947e+01	1.080639e+01	3.241918e+01	6.800000e-01	7.500000e-01	4
6	60	7.368421e+00	3.684211e+01	1.080639e+01	3.241918e+01	8.333333e-01	7.500000e-01	4
6.100000e+00	61	1.263158e+01	2.210526e+01	1.080639e+01	3.241918e+01	6.363636e-01	7.500000e-01	4
6.200000e+00	62	1.052632e+01	4.315789e+01	1.080639e+01	3.241918e+01	8.039216e-01	7.500000e-01	4
6.300000e+00	63	1.052632e+01	3.473684e+01	1.080639e+01	3.241918e+01	7.674419e-01	7.500000e-01	4
6.400000e+00	64	1.578947e+01	4.315789e+01	1.080639e+01	3.241918e+01	7.321429e-01	7.500000e-01	4
6.500000e+00	65	2.210526e+01	2.736842e+01	1.080639e+01	3.241918e+01	5.531915e-01	7.500000e-01	4
6.600000e+00	66	2.105263e+01	2.105263e+01	1.080639e+01	3.241918e+01	5.000000e-01	7.500000e-01	4
6.700000e+00	67	8.421053e+00	2.842105e+01	1.080639e+01	3.241918e+01	7.714286e-01	7.500000e-01	4
6.800000e+00	68	1.894737e+01	6.736842e+01	1.080639e+01	3.241918e+01	7.804878e-01	7.500000e-01	4
6.900000e+00	69	1.263158e+01	3.052632e+01	1.080639e+01	3.241918e+01	7.073171e-01	7.500000e-01	4
7	70	1.473684e+01	2.736842e+01	1.080639e+01	3.241918e+01	6.500000e-01	7.500000e-01	4
7.100000e+00	71	1.789474e+01	3.789474e+01	1.080639e+01	3.241918e+01	6.792453e-01	7.500000e-01	4
7.200000e+00	72	1.368421e+01	3.789474e+01	1.080639e+01	3.241918e+01	7.346939e-01	7.500000e-01	4
7.300000e+00	73	1.894737e+01	3.157895e+01	1.080639e+01	3.241918e+01	6.250000e-01	7.500000e-01	4
7.400000e+00	74	1.052632e+01	5.157895e+01	1.080639e+01	3.241918e+01	8.305085e-01	7.500000e-01	4
7.500000e+00	75	5.263158e+00	3.578947e+01	1.080639e+01	3.241918e+01	8.717949e-01	7.500000e-01	4
7.600000e+00	76	1.578947e+01	3.368421e+01	1.080639e+01	3.241918e+01	6.808511e-01	7.500000e-01	4
7.700000e+00	77	1.578947e+01	2.842105e+01	1.080639e+01	3.241918e+01	6.428571e-01	7.500000e-01	4
7.800000e+00	78	6.315789e+00	2.105263e+01	1.080639e+01	3.241918e+01	7.692308e-01	7.500000e-01	4
7.900000e+00	79	9.473684e+00	4.315789e+01	1.080639e+01	3.241918e+01	8.200000e-01	7.500000e-01	4
8	80	1.157895e+01	4.315789e+01	1.080639e+01	3.241918e+01	7.884615e-01	7.500000e-01	4
8.100000e+00	81	1.368421e+01	2.947368e+01	1.080639e+01	3.241918e+01	6.829268e-01	7.500000e-01	4
8.200000e+00	82	8.421053e+00	2.315789e+01	1.080639e+01	3.241918e+01	7.333333e-01	7.500000e-01	4
8.300000e+00	83	1.157895e+01	2.631579e+01	1.080639e+01	3.241918e+01	6.944444e-01	7.500000e-01	4
8.400000e+00	84	2.105263e+01	40	1.080639e+01	3.241918e+01	6.551724e-01	7.500000e-01	4
8.500000e+00	85	1.684211e+01	3.052632e+01	1.080639e+01	3.241918e+01	6.444444e-01	7.500000e-01	4
8.600000e+00	86	1.263158e+01	3.578947e+01	1.080639e+01	3.241918e+01	7.391304e-01	7.500000e-01	4
8.700000e+00	87	2.210526e+01	3.894737e+01	1.080639e+01	3.241918e+01	6.379310e-01	7.500000e-01	4
8.800000e+00	88	2.631579e+01	3.684211e+01	1.080639e+01	3.241918e+01	5.833333e-01	7.500000e-01	4
8.900000e+00	89	1.368421e+01	2.526316e+01	1.080639e+01	3.241918e+01	6.486486e-01	7.500000e-01	4
9	90	3.052632e+01	5.368421e+01	1.080639e+01	3.241918e+01	6.375000e-01	7.500000e-01	4
9.100000e+00	91	1.894737e+01	2.421053e+01	1.080639e+01	3.241918e+01	5.609756e-01	7.500000e-01	4
9.200000e+00	92	1.578947e+01	3.894737e+01	1.080639e+01	3.241918e+01	7.115385e-01	7.500000e-01	4
9.300000e+00	93	2.105263e+01	4.105263e+01	1.080639e+01	3.241918e+01	6.610169e-01	7.500000e-01	4
9.400000e+00	94	1.263158e+01	4.526316e+01	1.080639e+01	3.241918e+01	7.818182e-01	7.500000e-01	4
9.500000e+00	95	1.894737e+01	6.631579e+01	1.080639e+01	3.241918e+01	7.777778e-01	7.500000e-01	4
9.600000e+00	96	1.263158e+01	3.368421e+01	1.080639e+01	3.241918e+01	7.272727e-01	7.500000e-01	4
9.700000e+00	97	1.894737e+01	4.736842e+01	1.080639e+01	3.241918e+01	7.142857e-01	7.500000e-01	4
9.800000e+00	98	1.157895e+01	4.421053e+01	1.080639e+01	3.241918e+01	7.924528e-01	7.500000e-01	4
9.900000e+00	99	1.473684e+01	4.105263e+01	1.080639e+01	3.241918e+01	7.358491e-01	7.500000e-01	4
10	100	1.578947e+01	2.315789e+01	1.080639e+01	3.241918e+01	5.945946e-01	7.500000e-01	4
