time at 532nm	frame at 532nm	I_1 at 532nm(counts)	discr.I_1 at 532nm(counts)	I_2 at 532nm(counts)	discr.I_2 at 532nm(counts)	time at 638nm	frame at 638nm	I_1 at 638nm(counts)	discr.I_1 at 638nm(counts)	I_2 at 638nm(counts)	discr.I_2 at 638nm(counts)	time at 532nm	frame at 532nm	FRET_1>2	discr.FRET_1>2	time at 532nm	frame at 532nm	S_1>2	discr.S_1>2	
5.000000e-02	1	3.402000e+02	9.111123e+02	5906	6.963237e+03	1.000000e-01	2	0	0	8593	7.181192e+03	5.000000e-02	1	9.455349e-01	8.842936e-01	5.000000e-02	1	4.209257e-01	5.230200e-01	
1.500000e-01	3	7.891000e+02	9.111123e+02	7174	6.963237e+03	2.000000e-01	4	0	0	6778	7.181192e+03	1.500000e-01	3	9.009054e-01	8.842936e-01	1.500000e-01	3	5.401971e-01	5.230200e-01	
2.500000e-01	5	1350	9.111123e+02	6886	6.963237e+03	3.000000e-01	6	0	0	8881	7.181192e+03	2.500000e-01	5	8.360855e-01	8.842936e-01	2.500000e-01	5	4.811591e-01	5.230200e-01	
3.500000e-01	7	9.610000e+01	9.111123e+02	6136	6.963237e+03	4.000000e-01	8	0	0	8304	7.181192e+03	3.500000e-01	7	9.845798e-01	8.842936e-01	3.500000e-01	7	4.287326e-01	5.230200e-01	
4.500000e-01	9	8.497000e+02	9.111123e+02	7489	6.963237e+03	5.000000e-01	10	0	0	6741	7.181192e+03	4.500000e-01	9	8.981016e-01	8.842936e-01	4.500000e-01	9	5.529752e-01	5.230200e-01	
5.500000e-01	11	1486	9.111123e+02	9161	6.963237e+03	6.000000e-01	12	0	0	6766	7.181192e+03	5.500000e-01	11	8.604302e-01	8.842936e-01	5.500000e-01	11	6.114397e-01	5.230200e-01	
6.500000e-01	13	-2.589000e+02	9.111123e+02	5975	6.963237e+03	7.000000e-01	14	0	0	7250	7.181192e+03	6.500000e-01	13	1.045293e+00	8.842936e-01	6.500000e-01	13	4.408496e-01	5.230200e-01	
7.500000e-01	15	1249	9.111123e+02	8183	6.963237e+03	8.000000e-01	16	0	0	7155	7.181192e+03	7.500000e-01	15	8.675785e-01	8.842936e-01	7.500000e-01	15	5.686381e-01	5.230200e-01	
8.500000e-01	17	2.695000e+02	9.111123e+02	6507	6.963237e+03	9.000000e-01	18	0	0	5436	7.181192e+03	8.500000e-01	17	9.602302e-01	8.842936e-01	8.500000e-01	17	5.548823e-01	5.230200e-01	
9.500000e-01	19	1020	9.111123e+02	7520	6.963237e+03	1	20	0	0	2674	7.181192e+03	9.500000e-01	19	8.805621e-01	8.842936e-01	9.500000e-01	19	7.615481e-01	5.230200e-01	
1.050000e+00	21	3.608000e+02	9.111123e+02	7298	6.963237e+03	1.100000e+00	22	0	0	7036	7.181192e+03	1.050000e+00	21	9.528908e-01	8.842936e-01	1.050000e+00	21	5.211912e-01	5.230200e-01	
1.150000e+00	23	1059	9.111123e+02	8090	6.963237e+03	1.200000e+00	24	0	0	6766	7.181192e+03	1.150000e+00	23	8.842496e-01	8.842936e-01	1.150000e+00	23	5.748665e-01	5.230200e-01	
1.250000e+00	25	2.822000e+02	9.111123e+02	7070	6.963237e+03	1.300000e+00	26	0	0	5910	7.181192e+03	1.250000e+00	25	9.616169e-01	8.842936e-01	1.250000e+00	25	5.543726e-01	5.230200e-01	
1.350000e+00	27	2012	9.111123e+02	7845	6.963237e+03	1.400000e+00	28	0	0	8024	7.181192e+03	1.350000e+00	27	7.958811e-01	8.842936e-01	1.350000e+00	27	5.512555e-01	5.230200e-01	
1.450000e+00	29	1069	9.111123e+02	5963	6.963237e+03	1.500000e+00	30	0	0	5372	7.181192e+03	1.450000e+00	29	8.479807e-01	8.842936e-01	1.450000e+00	29	5.669139e-01	5.230200e-01	
1.550000e+00	31	5.001000e+02	9.111123e+02	5665	6.963237e+03	1.600000e+00	32	0	0	9267	7.181192e+03	1.550000e+00	31	9.188821e-01	8.842936e-01	1.550000e+00	31	3.994984e-01	5.230200e-01	
1.650000e+00	33	7.027000e+02	9.111123e+02	6304	6.963237e+03	1.700000e+00	34	0	0	7083	7.181192e+03	1.650000e+00	33	8.997103e-01	8.842936e-01	1.650000e+00	33	4.972923e-01	5.230200e-01	
1.750000e+00	35	6.727000e+02	9.111123e+02	5704	6.963237e+03	1.800000e+00	36	0	0	8790	7.181192e+03	1.750000e+00	35	8.945066e-01	8.842936e-01	1.750000e+00	35	4.204408e-01	5.230200e-01	
1.850000e+00	37	-3.752000e+02	9.111123e+02	6737	6.963237e+03	1.900000e+00	38	0	0	8389	7.181192e+03	1.850000e+00	37	1.058977e+00	8.842936e-01	1.850000e+00	37	4.312851e-01	5.230200e-01	
1.950000e+00	39	2.798000e+02	9.111123e+02	6215	6.963237e+03	2	40	0	0	6164	7.181192e+03	1.950000e+00	39	9.569194e-01	8.842936e-01	1.950000e+00	39	5.130660e-01	5.230200e-01	
2.050000e+00	41	8.951000e+02	9.111123e+02	5831	6.963237e+03	2.100000e+00	42	0	0	6971	7.181192e+03	2.050000e+00	41	8.669214e-01	8.842936e-01	2.050000e+00	41	4.910602e-01	5.230200e-01	
2.150000e+00	43	1656	9.111123e+02	6780	6.963237e+03	2.200000e+00	44	0	0	6539	7.181192e+03	2.150000e+00	43	8.036984e-01	8.842936e-01	2.150000e+00	43	5.633389e-01	5.230200e-01	
2.250000e+00	45	991	9.111123e+02	6216	6.963237e+03	2.300000e+00	46	0	0	8713	7.181192e+03	2.250000e+00	45	8.624948e-01	8.842936e-01	2.250000e+00	45	4.527010e-01	5.230200e-01	
2.350000e+00	47	1585	9.111123e+02	7478	6.963237e+03	2.400000e+00	48	0	0	7564	7.181192e+03	2.350000e+00	47	8.251131e-01	8.842936e-01	2.350000e+00	47	5.450773e-01	5.230200e-01	
2.450000e+00	49	1693	9.111123e+02	5736	6.963237e+03	2.500000e+00	50	0	0	7265	7.181192e+03	2.450000e+00	49	7.721093e-01	8.842936e-01	2.450000e+00	49	5.055805e-01	5.230200e-01	
2.550000e+00	51	1.708000e+02	9.111123e+02	6287	6.963237e+03	2.600000e+00	52	0	0	6131	7.181192e+03	2.550000e+00	51	9.735514e-01	8.842936e-01	2.550000e+00	51	5.129798e-01	5.230200e-01	
2.650000e+00	53	1524	9.111123e+02	6578	6.963237e+03	2.700000e+00	54	0	0	6442	7.181192e+03	2.650000e+00	53	8.118983e-01	8.842936e-01	2.650000e+00	53	5.570682e-01	5.230200e-01	
2.750000e+00	55	1.008000e+02	9.111123e+02	5835	6.963237e+03	2.800000e+00	56	0	0	8126	7.181192e+03	2.750000e+00	55	9.830183e-01	8.842936e-01	2.750000e+00	55	4.221223e-01	5.230200e-01	
2.850000e+00	57	6.564000e+02	9.111123e+02	6217	6.963237e+03	2.900000e+00	58	0	0	5830	7.181192e+03	2.850000e+00	57	9.045014e-01	8.842936e-01	2.850000e+00	57	5.410677e-01	5.230200e-01	
2.950000e+00	59	1821	9.111123e+02	7795	6.963237e+03	3	60	0	0	6653	7.181192e+03	2.950000e+00	59	8.106281e-01	8.842936e-01	2.950000e+00	59	5.910628e-01	5.230200e-01	
3.050000e+00	61	1916	9.111123e+02	9095	6.963237e+03	3.100000e+00	62	0	0	6767	7.181192e+03	3.050000e+00	61	8.259922e-01	8.842936e-01	3.050000e+00	61	6.193610e-01	5.230200e-01	
3.150000e+00	63	8.275000e+02	9.111123e+02	6583	6.963237e+03	3.200000e+00	64	0	0	5471	7.181192e+03	3.150000e+00	63	8.883341e-01	8.842936e-01	3.150000e+00	63	5.752824e-01	5.230200e-01	
3.250000e+00	65	2121	9.111123e+02	6475	6.963237e+03	3.300000e+00	66	0	0	6805	7.181192e+03	3.250000e+00	65	7.532573e-01	8.842936e-01	3.250000e+00	65	5.581456e-01	5.230200e-01	
3.350000e+00	67	-1.192000e+02	9.111123e+02	7094	6.963237e+03	3.400000e+00	68	0	0	7627	7.181192e+03	3.350000e+00	67	1.017090e+00	8.842936e-01	3.350000e+00	67	4.776671e-01	5.230200e-01	
3.450000e+00	69	1667	9.111123e+02	5823	6.963237e+03	3.500000e+00	70	0	0	5652	7.181192e+03	3.450000e+00	69	7.774366e-01	8.842936e-01	3.450000e+00	69	5.699285e-01	5.230200e-01	
3.550000e+00	71	1485	9.111123e+02	7248	6.963237e+03	3.600000e+00	72	0	0	5313	7.181192e+03	3.550000e+00	71	8.299553e-01	8.842936e-01	3.550000e+00	71	6.217428e-01	5.230200e-01	
3.650000e+00	73	1316	9.111123e+02	7054	6.963237e+03	3.700000e+00	74	0	0	5388	7.181192e+03	3.650000e+00	73	8.427718e-01	8.842936e-01	3.650000e+00	73	6.083733e-01	5.230200e-01	
3.750000e+00	75	1330	9.111123e+02	7349	6.963237e+03	3.800000e+00	76	0	0	7362	7.181192e+03	3.750000e+00	75	8.467565e-01	8.842936e-01	3.750000e+00	75	5.410511e-01	5.230200e-01	
3.850000e+00	77	4.738000e+02	9.111123e+02	8025	6.963237e+03	3.900000e+00	78	0	0	8228	7.181192e+03	3.850000e+00	77	9.442510e-01	8.842936e-01	3.850000e+00	77	5.080948e-01	5.230200e-01	
3.950000e+00	79	9.237000e+02	9.111123e+02	7482	6.963237e+03	4	80	0	0	5873	7.181192e+03	3.950000e+00	79	8.901103e-01	8.842936e-01	3.950000e+00	79	5.886880e-01	5.230200e-01	
4.050000e+00	81	6.579000e+01	9.111123e+02	7523	6.963237e+03	4.100000e+00	82	0	0	7258	7.181192e+03	4.050000e+00	81	9.913306e-01	8.842936e-01	4.050000e+00	81	5.111401e-01	5.230200e-01	
4.150000e+00	83	7.167000e+02	9.111123e+02	5996	6.963237e+03	4.200000e+00	84	0	0	9583	7.181192e+03	4.150000e+00	83	8.932322e-01	8.842936e-01	4.150000e+00	83	4.119308e-01	5.230200e-01	
4.250000e+00	85	1921	9.111123e+02	6659	6.963237e+03	4.300000e+00	86	0	0	8754	7.181192e+03	4.250000e+00	85	7.761072e-01	8.842936e-01	4.250000e+00	85	4.949810e-01	5.230200e-01	
4.350000e+00	87	1286	9.111123e+02	6911	6.963237e+03	4.400000e+00	88	0	0	5721	7.181192e+03	4.350000e+00	87	8.431133e-01	8.842936e-01	4.350000e+00	87	5.889496e-01	5.230200e-01	
4.450000e+00	89	1996	9.111123e+02	7080	6.963237e+03	4.500000e+00	90	0	0	8669	7.181192e+03	4.450000e+00	89	7.800793e-01	8.842936e-01	4.450000e+00	89	5.114680e-01	5.230200e-01	
4.550000e+00	91	4.445000e+02	9.111123e+02	8869	6.963237e+03	4.600000e+00	92	0	0	6048	7.181192e+03	4.550000e+00	91	9.522736e-01	8.842936e-01	4.550000e+00	91	6.062884e-01	5.230200e-01	
4.650000e+00	93	1421	9.111123e+02	6669	6.963237e+03	4.700000e+00	94	0	0	8849	7.181192e+03	4.650000e+00	93	8.243511e-01	8.842936e-01	4.650000e+00	93	4.775961e-01	5.230200e-01	
4.750000e+00	95	1686	9.111123e+02	6862	6.963237e+03	4.800000e+00	96	0	0	7346	7.181192e+03	4.750000e+00	95	8.027609e-01	8.842936e-01	4.750000e+00	95	5.378130e-01	5.230200e-01	
4.850000e+00	97	8.773000e+02	9.111123e+02	6498	6.963237e+03	4.900000e+00	98	0	0	6697	7.181192e+03	4.850000e+00	97	8.810489e-01	8.842936e-01	4.850000e+00	97	5.241005e-01	5.230200e-01	
4.950000e+00	99	8.482000e+02	9.111123e+02	6551	6.963237e+03	5	100	0	0	5641	7.181192e+03	4.950000e+00	99	8.853660e-01	8.842936e-01	4.950000e+00	99	5.674146e-01	5.230200e-01	
5.050000e+00	101	1108	9.111123e+02	7260	6.963237e+03	5.100000e+00	102	0	0	7648	7.181192e+03	5.050000e+00	101	8.675908e-01	8.842936e-01	5.050000e+00	101	5.224775e-01	5.230200e-01	
5.150000e+00	103	1883	9.111123e+02	5833	6.963237e+03	5.200000e+00	104	0	0	8530	7.181192e+03	5.150000e+00	103	7.559616e-01	8.842936e-01	5.150000e+00	103	4.749477e-01	5.230200e-01	
5.250000e+00	105	6.061000e+02	9.111123e+02	7612	6.963237e+03	5.300000e+00	106	0	0	8925	7.181192e+03	5.250000e+00	105	9.262482e-01	8.842936e-01	5.250000e+00	105	4.793824e-01	5.230200e-01	
5.350000e+00	107	1.075000e+02	9.111123e+02	7350	6.963237e+03	5.400000e+00	108	0	0	6918	7.181192e+03	5.350000e+00	107	9.855850e-01	8.842936e-01	5.350000e+00	107	5.187646e-01	5.230200e-01	
5.450000e+00	109	9.371000e+02	9.111123e+02	8120	6.963237e+03	5.500000e+00	110	0	0	6927	7.181192e+03	5.450000e+00	109	8.965342e-01	8.842936e-01	5.450000e+00	109	5.666318e-01	5.230200e-01	
5.550000e+00	111	1443	9.111123e+02	7774	6.963237e+03	5.600000e+00	112	0	0	7690	7.181192e+03	5.550000e+00	111	8.434415e-01	8.842936e-01	5.550000e+00	111	5.451588e-01	5.230200e-01	
5.650000e+00	113	4.344000e+02	9.111123e+02	6308	6.963237e+03	5.700000e+00	114	0	0	6390	7.181192e+03	5.650000e+00	113	9.355719e-01	8.842936e-01	5.650000e+00	113	5.134172e-01	5.230200e-01	
5.750000e+00	115	2.345000e+02	9.111123e+02	8135	6.963237e+03	5.800000e+00	116	0	0	7176	7.181192e+03	5.750000e+00	115	9.719816e-01	8.842936e-01	5.750000e+00	115	5.383873e-01	5.230200e-01	
5.850000e+00	117	1192	9.111123e+02	7914	6.963237e+03	5.900000e+00	118	0	0	6720	7.181192e+03	5.850000e+00	117	8.690973e-01	8.842936e-01	5.850000e+00	117	5.753823e-01	5.230200e-01	
5.950000e+00	119	1226	9.111123e+02	6558	6.963237e+03	6	120	0	0	5821	7.181192e+03	5.950000e+00	119	8.424974e-01	8.842936e-01	5.950000e+00	119	5.721426e-01	5.230200e-01	
6.050000e+00	121	1230	9.111123e+02	4883	6.963237e+03	6.100000e+00	122	0	0	8905	7.181192e+03	6.050000e+00	121	7.987895e-01	8.842936e-01	6.050000e+00	121	4.070449e-01	5.230200e-01	
6.150000e+00	123	8.697000e+02	9.111123e+02	6178	6.963237e+03	6.200000e+00	124	0	0	6986	7.181192e+03	6.150000e+00	123	8.765980e-01	8.842936e-01	6.150000e+00	123	5.021983e-01	5.230200e-01	
6.250000e+00	125	1139	9.111123e+02	6705	6.963237e+03	6.300000e+00	126	0	0	5872	7.181192e+03	6.250000e+00	125	8.547935e-01	8.842936e-01	6.250000e+00	125	5.718868e-01	5.230200e-01	
6.350000e+00	127	2.049000e+02	9.111123e+02	7676	6.963237e+03	6.400000e+00	128	0	0	7169	7.181192e+03	6.350000e+00	127	9.740004e-01	8.842936e-01	6.350000e+00	127	5.236513e-01	5.230200e-01	
6.450000e+00	129	1.451000e+01	9.111123e+02	6460	6.963237e+03	6.500000e+00	130	0	0	5801	7.181192e+03	6.450000e+00	129	9.977589e-01	8.842936e-01	6.450000e+00	129	5.274331e-01	5.230200e-01	
6.550000e+00	131	1214	9.111123e+02	7364	6.963237e+03	6.600000e+00	132	0	0	6970	7.181192e+03	6.550000e+00	131	8.584752e-01	8.842936e-01	6.550000e+00	131	5.517108e-01	5.230200e-01	
6.650000e+00	133	6.017000e+02	9.111123e+02	8285	6.963237e+03	6.700000e+00	134	0	0	7649	7.181192e+03	6.650000e+00	133	9.322921e-01	8.842936e-01	6.650000e+00	133	5.374251e-01	5.230200e-01	
6.750000e+00	135	5.304000e+02	9.111123e+02	5199	6.963237e+03	6.800000e+00	136	0	0	6704	7.181192e+03	6.750000e+00	135	9.074249e-01	8.842936e-01	6.750000e+00	135	4.608072e-01	5.230200e-01	
6.850000e+00	137	6.619000e+02	9.111123e+02	4943	6.963237e+03	6.900000e+00	138	0	0	8782	7.181192e+03	6.850000e+00	137	8.819069e-01	8.842936e-01	6.850000e+00	137	3.895836e-01	5.230200e-01	
6.950000e+00	139	6.011000e+02	9.111123e+02	5613	6.963237e+03	7	140	0	0	6296	7.181192e+03	6.950000e+00	139	9.032684e-01	8.842936e-01	6.950000e+00	139	4.967266e-01	5.230200e-01	
7.050000e+00	141	886	9.111123e+02	6939	6.963237e+03	7.100000e+00	142	0	0	7905	7.181192e+03	7.050000e+00	141	8.867732e-01	8.842936e-01	7.050000e+00	141	4.974571e-01	5.230200e-01	
7.150000e+00	143	9.578000e+02	9.111123e+02	7222	6.963237e+03	7.200000e+00	144	0	0	8422	7.181192e+03	7.150000e+00	143	8.829067e-01	8.842936e-01	7.150000e+00	143	4.927056e-01	5.230200e-01	
7.250000e+00	145	2013	9.111123e+02	6195	6.963237e+03	7.300000e+00	146	0	0	7672	7.181192e+03	7.250000e+00	145	7.547515e-01	8.842936e-01	7.250000e+00	145	5.168766e-01	5.230200e-01	
7.350000e+00	147	5913	5.066889e+03	1119	2.390483e+03	7.400000e+00	148	0	0	5993	7.181192e+03	7.350000e+00	147	1.591297e-01	3.205530e-01	7.350000e+00	147	5.398848e-01	5.094333e-01	
7.450000e+00	149	6934	5.066889e+03	5.467000e+02	2.390483e+03	7.500000e+00	150	0	0	7044	7.181192e+03	7.450000e+00	149	7.308140e-02	3.205530e-01	7.450000e+00	149	5.150330e-01	5.094333e-01	
7.550000e+00	151	5193	5.066889e+03	1125	2.390483e+03	7.600000e+00	152	0	0	7538	7.181192e+03	7.550000e+00	151	1.780627e-01	3.205530e-01	7.550000e+00	151	4.559758e-01	5.094333e-01	
7.650000e+00	153	6860	5.066889e+03	1024	2.390483e+03	7.700000e+00	154	0	0	8040	7.181192e+03	7.650000e+00	153	1.298833e-01	3.205530e-01	7.650000e+00	153	4.951017e-01	5.094333e-01	
7.750000e+00	155	7252	5.066889e+03	1326	2.390483e+03	7.800000e+00	156	0	0	6198	7.181192e+03	7.750000e+00	155	1.545815e-01	3.205530e-01	7.750000e+00	155	5.805360e-01	5.094333e-01	
7.850000e+00	157	6965	5.066889e+03	6.872000e+02	2.390483e+03	7.900000e+00	158	0	0	5426	7.181192e+03	7.850000e+00	157	8.980424e-02	3.205530e-01	7.850000e+00	157	5.851111e-01	5.094333e-01	
7.950000e+00	159	7013	5.066889e+03	4.771000e+02	2.390483e+03	8	160	0	0	6263	7.181192e+03	7.950000e+00	159	6.369741e-02	3.205530e-01	7.950000e+00	159	5.446118e-01	5.094333e-01	
8.050000e+00	161	6526	5.066889e+03	9.739000e+02	2.390483e+03	8.100000e+00	162	0	0	8129	7.181192e+03	8.050000e+00	161	1.298551e-01	3.205530e-01	8.050000e+00	161	4.798738e-01	5.094333e-01	
8.150000e+00	163	5848	5.066889e+03	2.718000e+02	2.390483e+03	8.200000e+00	164	0	0	5906	7.181192e+03	8.150000e+00	163	4.441322e-02	3.205530e-01	8.150000e+00	163	5.088892e-01	5.094333e-01	
8.250000e+00	165	6483	5.066889e+03	8.935000e+02	2.390483e+03	8.300000e+00	166	0	0	8380	7.181192e+03	8.250000e+00	165	1.211279e-01	3.205530e-01	8.250000e+00	165	4.681560e-01	5.094333e-01	
8.350000e+00	167	4573	5.066889e+03	3566	2.390483e+03	8.400000e+00	168	0	0	6319	7.181192e+03	8.350000e+00	167	4.381374e-01	3.205530e-01	8.350000e+00	167	5.629409e-01	5.094333e-01	
8.450000e+00	169	4414	5.066889e+03	3160	2.390483e+03	8.500000e+00	170	0	0	7045	7.181192e+03	8.450000e+00	169	4.172168e-01	3.205530e-01	8.450000e+00	169	5.180929e-01	5.094333e-01	
8.550000e+00	171	3304	5.066889e+03	4559	2.390483e+03	8.600000e+00	172	0	0	7793	7.181192e+03	8.550000e+00	171	5.798041e-01	3.205530e-01	8.550000e+00	171	5.022356e-01	5.094333e-01	
8.650000e+00	173	3308	5.066889e+03	4356	2.390483e+03	8.700000e+00	174	0	0	9229	7.181192e+03	8.650000e+00	173	5.683716e-01	3.205530e-01	8.650000e+00	173	4.536790e-01	5.094333e-01	
8.750000e+00	175	3150	5.066889e+03	4215	2.390483e+03	8.800000e+00	176	0	0	7127	7.181192e+03	8.750000e+00	175	5.723014e-01	3.205530e-01	8.750000e+00	175	5.082114e-01	5.094333e-01	
8.850000e+00	177	3732	5.066889e+03	3943	2.390483e+03	8.900000e+00	178	0	0	6402	7.181192e+03	8.850000e+00	177	5.137459e-01	3.205530e-01	8.850000e+00	177	5.452156e-01	5.094333e-01	
8.950000e+00	179	3024	5.066889e+03	2988	2.390483e+03	9	180	0	0	7086	7.181192e+03	8.950000e+00	179	4.970060e-01	3.205530e-01	8.950000e+00	179	4.590014e-01	5.094333e-01	
9.050000e+00	181	2784	5.066889e+03	5823	2.390483e+03	9.100000e+00	182	0	0	7553	7.181192e+03	9.050000e+00	181	6.765423e-01	3.205530e-01	9.050000e+00	181	5.326114e-01	5.094333e-01	
9.150000e+00	183	3624	5.066889e+03	2549	2.390483e+03	9.200000e+00	184	0	0	7918	7.181192e+03	9.150000e+00	183	4.129273e-01	3.205530e-01	9.150000e+00	183	4.380810e-01	5.094333e-01	
9.250000e+00	185	4963	5.066889e+03	4579	2.390483e+03	9.300000e+00	186	0	0	6759	7.181192e+03	9.250000e+00	185	4.798784e-01	3.205530e-01	9.250000e+00	185	5.853629e-01	5.094333e-01	
9.350000e+00	187	2566	5.066889e+03	4806	2.390483e+03	9.400000e+00	188	0	0	6832	7.181192e+03	9.350000e+00	187	6.519262e-01	3.205530e-01	9.350000e+00	187	5.190087e-01	5.094333e-01	
9.450000e+00	189	3461	5.066889e+03	3617	2.390483e+03	9.500000e+00	190	0	0	8247	7.181192e+03	9.450000e+00	189	5.110201e-01	3.205530e-01	9.450000e+00	189	4.618597e-01	5.094333e-01	
9.550000e+00	191	2991	5.066889e+03	4955	2.390483e+03	9.600000e+00	192	0	0	7926	7.181192e+03	9.550000e+00	191	6.235842e-01	3.205530e-01	9.550000e+00	191	5.006300e-01	5.094333e-01	
9.650000e+00	193	4109	5.066889e+03	4740	2.390483e+03	9.700000e+00	194	0	0	7834	7.181192e+03	9.650000e+00	193	5.356537e-01	3.205530e-01	9.650000e+00	193	5.304202e-01	5.094333e-01	
9.750000e+00	195	3071	5.066889e+03	3834	2.390483e+03	9.800000e+00	196	0	0	6972	7.181192e+03	9.750000e+00	195	5.552498e-01	3.205530e-01	9.750000e+00	195	4.975859e-01	5.094333e-01	
9.850000e+00	197	1921	9.111123e+02	6260	6.963237e+03	9.900000e+00	198	0	0	6461	7.181192e+03	9.850000e+00	197	7.651876e-01	8.842936e-01	9.850000e+00	197	5.587351e-01	5.230200e-01	
9.950000e+00	199	8.042000e+02	9.111123e+02	7756	6.963237e+03	10	200	0	0	6699	7.181192e+03	9.950000e+00	199	9.060536e-01	8.842936e-01	9.950000e+00	199	5.609862e-01	5.230200e-01	
1.005000e+01	201	395	9.111123e+02	7870	6.963237e+03	1.010000e+01	202	0	0	5756	7.181192e+03	1.005000e+01	201	9.522081e-01	8.842936e-01	1.005000e+01	201	5.894729e-01	5.230200e-01	
1.015000e+01	203	7.778000e+02	9.111123e+02	7281	6.963237e+03	1.020000e+01	204	0	0	8032	7.181192e+03	1.015000e+01	203	9.034844e-01	8.842936e-01	1.015000e+01	203	5.008328e-01	5.230200e-01	
1.025000e+01	205	-4.805000e+02	9.111123e+02	6980	6.963237e+03	1.030000e+01	206	0	0	6882	7.181192e+03	1.025000e+01	205	1.073929e+00	8.842936e-01	1.025000e+01	205	4.857079e-01	5.230200e-01	
1.035000e+01	207	7.551000e+02	9.111123e+02	5514	6.963237e+03	1.040000e+01	208	0	0	8445	7.181192e+03	1.035000e+01	207	8.795521e-01	8.842936e-01	1.035000e+01	207	4.260607e-01	5.230200e-01	
1.045000e+01	209	7.491000e+02	9.111123e+02	7047	6.963237e+03	1.050000e+01	210	0	0	7474	7.181192e+03	1.045000e+01	209	9.039135e-01	8.842936e-01	1.045000e+01	209	5.105468e-01	5.230200e-01	
1.055000e+01	211	1403	9.111123e+02	5723	6.963237e+03	1.060000e+01	212	0	0	7465	7.181192e+03	1.055000e+01	211	8.031154e-01	8.842936e-01	1.055000e+01	211	4.883832e-01	5.230200e-01	
1.065000e+01	213	9.401000e+02	9.111123e+02	6248	6.963237e+03	1.070000e+01	214	0	0	4307	7.181192e+03	1.065000e+01	213	8.692144e-01	8.842936e-01	1.065000e+01	213	6.253186e-01	5.230200e-01	
1.075000e+01	215	8.792000e+02	9.111123e+02	8550	6.963237e+03	1.080000e+01	216	0	0	7763	7.181192e+03	1.075000e+01	215	9.067577e-01	8.842936e-01	1.075000e+01	215	5.484580e-01	5.230200e-01	
1.085000e+01	217	1760	9.111123e+02	7551	6.963237e+03	1.090000e+01	218	0	0	7750	7.181192e+03	1.085000e+01	217	8.109763e-01	8.842936e-01	1.085000e+01	217	5.457476e-01	5.230200e-01	
1.095000e+01	219	820	9.111123e+02	7470	6.963237e+03	11	220	0	0	8427	7.181192e+03	1.095000e+01	219	9.010856e-01	8.842936e-01	1.095000e+01	219	4.959024e-01	5.230200e-01	
1.105000e+01	221	4.961000e+02	9.111123e+02	5672	6.963237e+03	1.110000e+01	222	0	0	7956	7.181192e+03	1.105000e+01	221	9.195700e-01	8.842936e-01	1.105000e+01	221	4.367075e-01	5.230200e-01	
1.115000e+01	223	9.103000e+02	9.111123e+02	6744	6.963237e+03	1.120000e+01	224	0	0	7801	7.181192e+03	1.115000e+01	223	8.810734e-01	8.842936e-01	1.115000e+01	223	4.952541e-01	5.230200e-01	
1.125000e+01	225	7.615000e+02	9.111123e+02	6859	6.963237e+03	1.130000e+01	226	0	0	6714	7.181192e+03	1.125000e+01	225	9.000722e-01	8.842936e-01	1.125000e+01	225	5.316195e-01	5.230200e-01	
1.135000e+01	227	1775	9.111123e+02	7019	6.963237e+03	1.140000e+01	228	0	0	7229	7.181192e+03	1.135000e+01	227	7.981578e-01	8.842936e-01	1.135000e+01	227	5.488360e-01	5.230200e-01	
1.145000e+01	229	833	9.111123e+02	7104	6.963237e+03	1.150000e+01	230	0	0	7644	7.181192e+03	1.145000e+01	229	8.950485e-01	8.842936e-01	1.145000e+01	229	5.094025e-01	5.230200e-01	
1.155000e+01	231	5.411000e+02	9.111123e+02	8516	6.963237e+03	1.160000e+01	232	0	0	6651	7.181192e+03	1.155000e+01	231	9.402568e-01	8.842936e-01	1.155000e+01	231	5.765879e-01	5.230200e-01	
1.165000e+01	233	1272	9.111123e+02	5044	6.963237e+03	1.170000e+01	234	0	0	6937	7.181192e+03	1.165000e+01	233	7.986067e-01	8.842936e-01	1.165000e+01	233	4.765713e-01	5.230200e-01	
1.175000e+01	235	314	9.111123e+02	6494	6.963237e+03	1.180000e+01	236	0	0	9614	7.181192e+03	1.175000e+01	235	9.538778e-01	8.842936e-01	1.175000e+01	235	4.145658e-01	5.230200e-01	
1.185000e+01	237	1570	9.111123e+02	7422	6.963237e+03	1.190000e+01	238	0	0	8033	7.181192e+03	1.185000e+01	237	8.254004e-01	8.842936e-01	1.185000e+01	237	5.281645e-01	5.230200e-01	
1.195000e+01	239	3.587000e+02	9.111123e+02	7353	6.963237e+03	12	240	0	0	8758	7.181192e+03	1.195000e+01	239	9.534863e-01	8.842936e-01	1.195000e+01	239	4.682356e-01	5.230200e-01	
1.205000e+01	241	1743	9.111123e+02	5093	6.963237e+03	1.210000e+01	242	0	0	7633	7.181192e+03	1.205000e+01	241	7.450263e-01	8.842936e-01	1.205000e+01	241	4.724584e-01	5.230200e-01	
1.215000e+01	243	-2.698000e+02	9.111123e+02	6713	6.963237e+03	1.220000e+01	244	0	0	6077	7.181192e+03	1.215000e+01	243	1.041874e+00	8.842936e-01	1.215000e+01	243	5.146244e-01	5.230200e-01	
1.225000e+01	245	1458	9.111123e+02	7065	6.963237e+03	1.230000e+01	246	0	0	5698	7.181192e+03	1.225000e+01	245	8.289335e-01	8.842936e-01	1.225000e+01	245	5.993249e-01	5.230200e-01	
1.235000e+01	247	-1.419000e+01	9.111123e+02	8026	6.963237e+03	1.240000e+01	248	0	0	7429	7.181192e+03	1.235000e+01	247	1.001771e+00	8.842936e-01	1.235000e+01	247	5.188724e-01	5.230200e-01	
1.245000e+01	249	651	9.111123e+02	6435	6.963237e+03	1.250000e+01	250	0	0	7429	7.181192e+03	1.245000e+01	249	9.081287e-01	8.842936e-01	1.245000e+01	249	4.881846e-01	5.230200e-01	
1.255000e+01	251	5.455000e+02	9.111123e+02	8306	6.963237e+03	1.260000e+01	252	0	0	6160	7.181192e+03	1.255000e+01	251	9.383720e-01	8.842936e-01	1.255000e+01	251	5.896479e-01	5.230200e-01	
1.265000e+01	253	-5.032000e+02	9.111123e+02	6726	6.963237e+03	1.270000e+01	254	0	0	7910	7.181192e+03	1.265000e+01	253	1.080864e+00	8.842936e-01	1.265000e+01	253	4.403091e-01	5.230200e-01	
1.275000e+01	255	3.716000e+02	9.111123e+02	7180	6.963237e+03	1.280000e+01	256	0	0	6164	7.181192e+03	1.275000e+01	255	9.507919e-01	8.842936e-01	1.275000e+01	255	5.505847e-01	5.230200e-01	
1.285000e+01	257	-2.416000e+02	9.111123e+02	7510	6.963237e+03	1.290000e+01	258	0	0	6491	7.181192e+03	1.285000e+01	257	1.033240e+00	8.842936e-01	1.285000e+01	257	5.282498e-01	5.230200e-01	
1.295000e+01	259	1408	9.111123e+02	6075	6.963237e+03	13	260	0	0	7967	7.181192e+03	1.295000e+01	259	8.118402e-01	8.842936e-01	1.295000e+01	259	4.843366e-01	5.230200e-01	
1.305000e+01	261	7.697000e+02	9.111123e+02	7047	6.963237e+03	1.310000e+01	262	0	0	9107	7.181192e+03	1.305000e+01	261	9.015313e-01	8.842936e-01	1.305000e+01	261	4.618789e-01	5.230200e-01	
1.315000e+01	263	1396	9.111123e+02	6144	6.963237e+03	1.320000e+01	264	0	0	8054	7.181192e+03	1.315000e+01	263	8.148541e-01	8.842936e-01	1.315000e+01	263	4.835193e-01	5.230200e-01	
1.325000e+01	265	1123	9.111123e+02	8178	6.963237e+03	1.330000e+01	266	0	0	7186	7.181192e+03	1.325000e+01	265	8.792603e-01	8.842936e-01	1.325000e+01	265	5.641414e-01	5.230200e-01	
1.335000e+01	267	3.535000e+02	9.111123e+02	5356	6.963237e+03	1.340000e+01	268	0	0	9336	7.181192e+03	1.335000e+01	267	9.380856e-01	8.842936e-01	1.335000e+01	267	3.794822e-01	5.230200e-01	
1.345000e+01	269	8.139000e+02	9.111123e+02	7934	6.963237e+03	1.350000e+01	270	0	0	6370	7.181192e+03	1.345000e+01	269	9.069605e-01	8.842936e-01	1.345000e+01	269	5.786452e-01	5.230200e-01	
1.355000e+01	271	4.143000e+02	9.111123e+02	7585	6.963237e+03	1.360000e+01	272	0	0	5844	7.181192e+03	1.355000e+01	271	9.482080e-01	8.842936e-01	1.355000e+01	271	5.778463e-01	5.230200e-01	
1.365000e+01	273	8.082000e+02	9.111123e+02	7979	6.963237e+03	1.370000e+01	274	0	0	7459	7.181192e+03	1.365000e+01	273	9.080253e-01	8.842936e-01	1.365000e+01	273	5.408773e-01	5.230200e-01	
1.375000e+01	275	1951	9.111123e+02	8072	6.963237e+03	1.380000e+01	276	0	0	8755	7.181192e+03	1.375000e+01	275	8.053477e-01	8.842936e-01	1.375000e+01	275	5.337629e-01	5.230200e-01	
1.385000e+01	277	6.357000e+02	9.111123e+02	8618	6.963237e+03	1.390000e+01	278	0	0	7983	7.181192e+03	1.385000e+01	277	9.313032e-01	8.842936e-01	1.385000e+01	277	5.368603e-01	5.230200e-01	
1.395000e+01	279	1495	9.111123e+02	7543	6.963237e+03	14	280	0	0	8693	7.181192e+03	1.395000e+01	279	8.345873e-01	8.842936e-01	1.395000e+01	279	5.097287e-01	5.230200e-01	
1.405000e+01	281	408	9.111123e+02	9099	6.963237e+03	1.410000e+01	282	0	0	6638	7.181192e+03	1.405000e+01	281	9.570843e-01	8.842936e-01	1.405000e+01	281	5.888510e-01	5.230200e-01	
1.415000e+01	283	1519	9.111123e+02	6135	6.963237e+03	1.420000e+01	284	0	0	5845	7.181192e+03	1.415000e+01	283	8.015417e-01	8.842936e-01	1.415000e+01	283	5.670050e-01	5.230200e-01	
1.425000e+01	285	1147	9.111123e+02	8897	6.963237e+03	1.430000e+01	286	0	0	7138	7.181192e+03	1.425000e+01	285	8.858025e-01	8.842936e-01	1.425000e+01	285	5.845652e-01	5.230200e-01	
1.435000e+01	287	1209	9.111123e+02	6808	6.963237e+03	1.440000e+01	288	0	0	7550	7.181192e+03	1.435000e+01	287	8.491955e-01	8.842936e-01	1.435000e+01	287	5.149997e-01	5.230200e-01	
1.445000e+01	289	1982	9.111123e+02	7360	6.963237e+03	1.450000e+01	290	0	0	7105	7.181192e+03	1.445000e+01	289	7.878399e-01	8.842936e-01	1.445000e+01	289	5.680063e-01	5.230200e-01	
1.455000e+01	291	3.343000e+01	9.111123e+02	8311	6.963237e+03	1.460000e+01	292	0	0	6204	7.181192e+03	1.455000e+01	291	9.959937e-01	8.842936e-01	1.455000e+01	291	5.735622e-01	5.230200e-01	
1.465000e+01	293	2.736000e+02	9.111123e+02	6749	6.963237e+03	1.470000e+01	294	0	0	8748	7.181192e+03	1.465000e+01	293	9.610401e-01	8.842936e-01	1.465000e+01	293	4.452969e-01	5.230200e-01	
1.475000e+01	295	-4.182000e+02	9.111123e+02	5430	6.963237e+03	1.480000e+01	296	0	0	5232	7.181192e+03	1.475000e+01	295	1.083443e+00	8.842936e-01	1.475000e+01	295	4.892520e-01	5.230200e-01	
1.485000e+01	297	3015	5.066889e+03	3570	2.390483e+03	1.490000e+01	298	0	0	7062	7.181192e+03	1.485000e+01	297	5.421412e-01	3.205530e-01	1.485000e+01	297	4.825236e-01	5.094333e-01	
1.495000e+01	299	3300	5.066889e+03	4067	2.390483e+03	15	300	0	0	6291	7.181192e+03	1.495000e+01	299	5.520565e-01	3.205530e-01	1.495000e+01	299	5.393908e-01	5.094333e-01	
1.505000e+01	301	2775	5.066889e+03	6387	2.390483e+03	1.510000e+01	302	0	0	6883	7.181192e+03	1.505000e+01	301	6.971185e-01	3.205530e-01	1.505000e+01	301	5.710190e-01	5.094333e-01	
1.515000e+01	303	2882	5.066889e+03	4038	2.390483e+03	1.520000e+01	304	0	0	8375	7.181192e+03	1.515000e+01	303	5.835260e-01	3.205530e-01	1.515000e+01	303	4.524354e-01	5.094333e-01	
1.525000e+01	305	3622	5.066889e+03	3812	2.390483e+03	1.530000e+01	306	0	0	5777	7.181192e+03	1.525000e+01	305	5.127791e-01	3.205530e-01	1.525000e+01	305	5.627129e-01	5.094333e-01	
1.535000e+01	307	2819	5.066889e+03	2919	2.390483e+03	1.540000e+01	308	0	0	7277	7.181192e+03	1.535000e+01	307	5.087138e-01	3.205530e-01	1.535000e+01	307	4.408759e-01	5.094333e-01	
1.545000e+01	309	4281	5.066889e+03	4530	2.390483e+03	1.550000e+01	310	0	0	6909	7.181192e+03	1.545000e+01	309	5.141301e-01	3.205530e-01	1.545000e+01	309	5.604962e-01	5.094333e-01	
1.555000e+01	311	3842	5.066889e+03	4500	2.390483e+03	1.560000e+01	312	0	0	7774	7.181192e+03	1.555000e+01	311	5.394390e-01	3.205530e-01	1.555000e+01	311	5.176222e-01	5.094333e-01	
1.565000e+01	313	3730	5.066889e+03	4000	2.390483e+03	1.570000e+01	314	0	0	6857	7.181192e+03	1.565000e+01	313	5.174644e-01	3.205530e-01	1.565000e+01	313	5.299239e-01	5.094333e-01	
1.575000e+01	315	3757	5.066889e+03	3843	2.390483e+03	1.580000e+01	316	0	0	6834	7.181192e+03	1.575000e+01	315	5.056579e-01	3.205530e-01	1.575000e+01	315	5.265346e-01	5.094333e-01	
1.585000e+01	317	2429	5.066889e+03	3208	2.390483e+03	1.590000e+01	318	0	0	5609	7.181192e+03	1.585000e+01	317	5.690970e-01	3.205530e-01	1.585000e+01	317	5.012449e-01	5.094333e-01	
1.595000e+01	319	3295	5.066889e+03	3051	2.390483e+03	16	320	0	0	6515	7.181192e+03	1.595000e+01	319	4.807753e-01	3.205530e-01	1.595000e+01	319	4.934297e-01	5.094333e-01	
1.605000e+01	321	3770	5.066889e+03	4110	2.390483e+03	1.610000e+01	322	0	0	7369	7.181192e+03	1.605000e+01	321	5.215736e-01	3.205530e-01	1.605000e+01	321	5.167552e-01	5.094333e-01	
1.615000e+01	323	1400	9.111123e+02	7075	6.963237e+03	1.620000e+01	324	0	0	7754	7.181192e+03	1.615000e+01	323	8.348083e-01	8.842936e-01	1.615000e+01	323	5.222133e-01	5.230200e-01	
1.625000e+01	325	1741	9.111123e+02	8019	6.963237e+03	1.630000e+01	326	0	0	9054	7.181192e+03	1.625000e+01	325	8.216189e-01	8.842936e-01	1.625000e+01	325	5.187626e-01	5.230200e-01	
1.635000e+01	327	1075	9.111123e+02	6873	6.963237e+03	1.640000e+01	328	0	0	7135	7.181192e+03	1.635000e+01	327	8.647458e-01	8.842936e-01	1.635000e+01	327	5.269509e-01	5.230200e-01	
1.645000e+01	329	1004	9.111123e+02	7005	6.963237e+03	1.650000e+01	330	0	0	8808	7.181192e+03	1.645000e+01	329	8.746410e-01	8.842936e-01	1.645000e+01	329	4.762443e-01	5.230200e-01	
1.655000e+01	331	8.228000e+02	9.111123e+02	6824	6.963237e+03	1.660000e+01	332	0	0	6250	7.181192e+03	1.655000e+01	331	8.923994e-01	8.842936e-01	1.655000e+01	331	5.502562e-01	5.230200e-01	
1.665000e+01	333	5630	5.066889e+03	1450	2.390483e+03	1.670000e+01	334	0	0	8302	7.181192e+03	1.665000e+01	333	2.048023e-01	3.205530e-01	1.665000e+01	333	4.602782e-01	5.094333e-01	
1.675000e+01	335	6433	5.066889e+03	1571	2.390483e+03	1.680000e+01	336	0	0	6865	7.181192e+03	1.675000e+01	335	1.962769e-01	3.205530e-01	1.675000e+01	335	5.383012e-01	5.094333e-01	
1.685000e+01	337	6991	5.066889e+03	1.747000e+02	2.390483e+03	1.690000e+01	338	0	0	7144	7.181192e+03	1.685000e+01	337	2.438003e-02	3.205530e-01	1.685000e+01	337	5.007582e-01	5.094333e-01	
1.695000e+01	339	6578	5.066889e+03	-4.791000e+02	2.390483e+03	17	340	0	0	7358	7.181192e+03	1.695000e+01	339	-7.855515e-02	3.205530e-01	1.695000e+01	339	4.532173e-01	5.094333e-01	
1.705000e+01	341	6434	5.066889e+03	1564	2.390483e+03	1.710000e+01	342	0	0	6957	7.181192e+03	1.705000e+01	341	1.955489e-01	3.205530e-01	1.705000e+01	341	5.348044e-01	5.094333e-01	
1.715000e+01	343	5867	5.066889e+03	9.694000e+02	2.390483e+03	1.720000e+01	344	0	0	6495	7.181192e+03	1.715000e+01	343	1.417998e-01	3.205530e-01	1.715000e+01	343	5.128044e-01	5.094333e-01	
1.725000e+01	345	6530	5.066889e+03	3.631000e+02	2.390483e+03	1.730000e+01	346	0	0	6047	7.181192e+03	1.725000e+01	345	5.267586e-02	3.205530e-01	1.725000e+01	345	5.326929e-01	5.094333e-01	
1.735000e+01	347	5610	5.066889e+03	376	2.390483e+03	1.740000e+01	348	0	0	8146	7.181192e+03	1.735000e+01	347	6.281323e-02	3.205530e-01	1.735000e+01	347	4.235777e-01	5.094333e-01	
1.745000e+01	349	7554	5.066889e+03	1903	2.390483e+03	1.750000e+01	350	0	0	9201	7.181192e+03	1.745000e+01	349	2.012266e-01	3.205530e-01	1.745000e+01	349	5.068603e-01	5.094333e-01	
1.755000e+01	351	6789	5.066889e+03	1147	2.390483e+03	1.760000e+01	352	0	0	9843	7.181192e+03	1.755000e+01	351	1.445313e-01	3.205530e-01	1.755000e+01	351	4.463693e-01	5.094333e-01	
1.765000e+01	353	6582	5.066889e+03	1164	2.390483e+03	1.770000e+01	354	0	0	7506	7.181192e+03	1.765000e+01	353	1.502711e-01	3.205530e-01	1.765000e+01	353	5.078678e-01	5.094333e-01	
1.775000e+01	355	7143	5.066889e+03	1484	2.390483e+03	1.780000e+01	356	0	0	6704	7.181192e+03	1.775000e+01	355	1.720181e-01	3.205530e-01	1.775000e+01	355	5.627161e-01	5.094333e-01	
1.785000e+01	357	5763	5.066889e+03	1147	2.390483e+03	1.790000e+01	358	0	0	9428	7.181192e+03	1.785000e+01	357	1.659913e-01	3.205530e-01	1.785000e+01	357	4.229404e-01	5.094333e-01	
1.795000e+01	359	7164	5.066889e+03	5.392000e+02	2.390483e+03	18	360	0	0	4775	7.181192e+03	1.795000e+01	359	6.999688e-02	3.205530e-01	1.795000e+01	359	6.173326e-01	5.094333e-01	
1.805000e+01	361	7219	5.066889e+03	9.471000e+02	2.390483e+03	1.810000e+01	362	0	0	7916	7.181192e+03	1.805000e+01	361	1.159795e-01	3.205530e-01	1.805000e+01	361	5.077757e-01	5.094333e-01	
1.815000e+01	363	6207	5.066889e+03	3.215000e+01	2.390483e+03	1.820000e+01	364	0	0	6564	7.181192e+03	1.815000e+01	363	5.152946e-03	3.205530e-01	1.815000e+01	363	4.873137e-01	5.094333e-01	
1.825000e+01	365	8024	5.066889e+03	6.069000e+02	2.390483e+03	1.830000e+01	366	0	0	9454	7.181192e+03	1.825000e+01	365	7.031712e-02	3.205530e-01	1.825000e+01	365	4.772434e-01	5.094333e-01	
1.835000e+01	367	8067	5.066889e+03	8.502000e+02	2.390483e+03	1.840000e+01	368	0	0	8063	7.181192e+03	1.835000e+01	367	9.534383e-02	3.205530e-01	1.835000e+01	367	5.251528e-01	5.094333e-01	
1.845000e+01	369	5538	5.066889e+03	3.333000e+02	2.390483e+03	1.850000e+01	370	0	0	6916	7.181192e+03	1.845000e+01	369	5.676767e-02	3.205530e-01	1.845000e+01	369	4.591509e-01	5.094333e-01	
1.855000e+01	371	3162	5.066889e+03	4413	2.390483e+03	1.860000e+01	372	0	0	6892	7.181192e+03	1.855000e+01	371	5.825743e-01	3.205530e-01	1.855000e+01	371	5.236054e-01	5.094333e-01	
1.865000e+01	373	2561	5.066889e+03	5352	6.963237e+03	1.870000e+01	374	0	0	7495	7.181192e+03	1.865000e+01	373	6.763554e-01	3.205530e-01	1.865000e+01	373	5.135644e-01	6.261999e-01	
1.875000e+01	375	1424	9.111123e+02	6479	6.963237e+03	1.880000e+01	376	0	0	7281	7.181192e+03	1.875000e+01	375	8.198153e-01	8.842936e-01	1.875000e+01	375	5.204821e-01	6.261999e-01	
1.885000e+01	377	9.272000e+02	9.111123e+02	7587	6.963237e+03	1.890000e+01	378	0	0	8776	7.181192e+03	1.885000e+01	377	8.910996e-01	8.842936e-01	1.885000e+01	377	4.924292e-01	6.261999e-01	
1.895000e+01	379	1283	9.111123e+02	7389	6.963237e+03	19	380	0	0	5980	7.181192e+03	1.895000e+01	379	8.520526e-01	8.842936e-01	1.895000e+01	379	5.918646e-01	6.261999e-01	
1.905000e+01	381	-1.066000e+01	9.111123e+02	7408	6.963237e+03	1.910000e+01	382	0	0	7170	7.181192e+03	1.905000e+01	381	1.001441e+00	8.842936e-01	1.905000e+01	381	5.078031e-01	6.261999e-01	
1.915000e+01	383	8.852000e+02	9.111123e+02	6516	6.963237e+03	1.920000e+01	384	0	0	7488	7.181192e+03	1.915000e+01	383	8.803978e-01	8.842936e-01	1.915000e+01	383	4.970851e-01	6.261999e-01	
1.925000e+01	385	6.868000e+02	9.111123e+02	5662	6.963237e+03	1.930000e+01	386	0	0	8761	7.181192e+03	1.925000e+01	385	8.918221e-01	8.842936e-01	1.925000e+01	385	4.201776e-01	6.261999e-01	
1.935000e+01	387	1059	9.111123e+02	5533	6.963237e+03	1.940000e+01	388	0	0	6066	7.181192e+03	1.935000e+01	387	8.393507e-01	8.842936e-01	1.935000e+01	387	5.207774e-01	6.261999e-01	
1.945000e+01	389	1456	9.111123e+02	6482	6.963237e+03	1.950000e+01	390	0	0	5140	7.181192e+03	1.945000e+01	389	8.165785e-01	8.842936e-01	1.945000e+01	389	6.069735e-01	6.261999e-01	
1.955000e+01	391	1.002000e+02	9.111123e+02	8161	6.963237e+03	1.960000e+01	392	0	0	6646	7.181192e+03	1.955000e+01	391	9.878710e-01	8.842936e-01	1.955000e+01	391	5.541752e-01	6.261999e-01	
1.965000e+01	393	1417	9.111123e+02	7209	6.963237e+03	1.970000e+01	394	0	0	7986	7.181192e+03	1.965000e+01	393	8.357292e-01	8.842936e-01	1.965000e+01	393	5.192632e-01	6.261999e-01	
1.975000e+01	395	1608	9.111123e+02	6747	6.963237e+03	1.980000e+01	396	0	0	6181	7.181192e+03	1.975000e+01	395	8.075404e-01	8.842936e-01	1.975000e+01	395	5.747799e-01	6.261999e-01	
1.985000e+01	397	-3.730000e+00	9.111123e+02	7810	6.963237e+03	1.990000e+01	398	0	0	8400	7.181192e+03	1.985000e+01	397	1.000478e+00	8.842936e-01	1.985000e+01	397	4.816821e-01	6.261999e-01	
1.995000e+01	399	-2.093000e+02	9.111123e+02	6952	6.963237e+03	20	400	0	0	8358	7.181192e+03	1.995000e+01	399	1.031041e+00	8.842936e-01	1.995000e+01	399	4.465157e-01	6.261999e-01	
2.005000e+01	401	2.093000e+02	9.111123e+02	8141	6.963237e+03	2.010000e+01	402	0	0	7068	7.181192e+03	2.005000e+01	401	9.749350e-01	8.842936e-01	2.005000e+01	401	5.415837e-01	6.261999e-01	
2.015000e+01	403	1006	9.111123e+02	6043	6.963237e+03	2.020000e+01	404	0	0	6614	7.181192e+03	2.015000e+01	403	8.572847e-01	8.842936e-01	2.015000e+01	403	5.159189e-01	6.261999e-01	
2.025000e+01	405	5212	5.066889e+03	1800	2.390483e+03	2.030000e+01	406	0	0	6764	7.181192e+03	2.025000e+01	405	2.567028e-01	3.205530e-01	2.025000e+01	405	5.090012e-01	5.094333e-01	
2.035000e+01	407	7141	5.066889e+03	3.616000e+02	2.390483e+03	2.040000e+01	408	0	0	6693	7.181192e+03	2.035000e+01	407	4.819663e-02	3.205530e-01	2.035000e+01	407	5.285159e-01	5.094333e-01	
2.045000e+01	409	7489	5.066889e+03	4.142000e+02	2.390483e+03	2.050000e+01	410	0	0	6729	7.181192e+03	2.045000e+01	409	5.240915e-02	3.205530e-01	2.045000e+01	409	5.401238e-01	5.094333e-01	
2.055000e+01	411	5948	5.066889e+03	2909	2.390483e+03	2.060000e+01	412	0	0	7527	7.181192e+03	2.055000e+01	411	3.284408e-01	3.205530e-01	2.055000e+01	411	5.405884e-01	5.094333e-01	
2.065000e+01	413	1433	9.111123e+02	6955	6.963237e+03	2.070000e+01	414	0	0	6231	7.181192e+03	2.065000e+01	413	8.291607e-01	8.842936e-01	2.065000e+01	413	5.737739e-01	5.230200e-01	
2.075000e+01	415	2154	9.111123e+02	6100	6.963237e+03	2.080000e+01	416	0	0	6352	7.181192e+03	2.075000e+01	415	7.390356e-01	8.842936e-01	2.075000e+01	415	5.651102e-01	5.230200e-01	
2.085000e+01	417	1710	9.111123e+02	6678	6.963237e+03	2.090000e+01	418	0	0	5698	7.181192e+03	2.085000e+01	417	7.961373e-01	8.842936e-01	2.085000e+01	417	5.954849e-01	5.230200e-01	
2.095000e+01	419	442	9.111123e+02	6874	6.963237e+03	21	420	0	0	5570	7.181192e+03	2.095000e+01	419	9.395845e-01	8.842936e-01	2.095000e+01	419	5.677479e-01	5.230200e-01	
2.105000e+01	421	1442	9.111123e+02	7947	6.963237e+03	2.110000e+01	422	0	0	5681	7.181192e+03	2.105000e+01	421	8.464160e-01	8.842936e-01	2.105000e+01	421	6.230259e-01	5.230200e-01	
2.115000e+01	423	1252	9.111123e+02	7324	6.963237e+03	2.120000e+01	424	0	0	7536	7.181192e+03	2.115000e+01	423	8.540112e-01	8.842936e-01	2.115000e+01	423	5.322741e-01	5.230200e-01	
2.125000e+01	425	2.212000e+02	9.111123e+02	8461	6.963237e+03	2.130000e+01	426	0	0	8008	7.181192e+03	2.125000e+01	425	9.745226e-01	8.842936e-01	2.125000e+01	425	5.201975e-01	5.230200e-01	
2.135000e+01	427	2279	9.111123e+02	7002	6.963237e+03	2.140000e+01	428	0	0	5962	7.181192e+03	2.135000e+01	427	7.544446e-01	0	2.135000e+01	427	6.088696e-01	0	
