time at 532nm	frame at 532nm	I_1 at 532nm(counts)	discr.I_1 at 532nm(counts)	I_2 at 532nm(counts)	discr.I_2 at 532nm(counts)	time at 638nm	frame at 638nm	I_1 at 638nm(counts)	discr.I_1 at 638nm(counts)	I_2 at 638nm(counts)	discr.I_2 at 638nm(counts)	time at 532nm	frame at 532nm	FRET_1>2	discr.FRET_1>2	time at 532nm	frame at 532nm	S_1>2	discr.S_1>2	
5.000000e-02	1	7084	5.942927e+03	1263	6.616454e+02	1.000000e-01	2	0	0	9710	8.665511e+03	5.000000e-02	1	1.513118e-01	1.001799e-01	5.000000e-02	1	4.622584e-01	4.325171e-01	
1.500000e-01	3	7080	5.942927e+03	1427	6.616454e+02	2.000000e-01	4	0	0	6070	8.665511e+03	1.500000e-01	3	1.677442e-01	1.001799e-01	1.500000e-01	3	5.835906e-01	4.325171e-01	
2.500000e-01	5	7035	5.942927e+03	1161	6.616454e+02	3.000000e-01	6	0	0	6628	8.665511e+03	2.500000e-01	5	1.416545e-01	1.001799e-01	2.500000e-01	5	5.528872e-01	4.325171e-01	
3.500000e-01	7	7048	5.942927e+03	2256	6.616454e+02	4.000000e-01	8	0	0	9597	8.665511e+03	3.500000e-01	7	2.424764e-01	1.001799e-01	3.500000e-01	7	4.922491e-01	4.325171e-01	
4.500000e-01	9	8081	5.942927e+03	1053	6.616454e+02	5.000000e-01	10	0	0	9979	8.665511e+03	4.500000e-01	9	1.152836e-01	1.001799e-01	4.500000e-01	9	4.778946e-01	4.325171e-01	
5.500000e-01	11	9062	5.942927e+03	9.971000e+02	6.616454e+02	6.000000e-01	12	0	0	8723	8.665511e+03	5.500000e-01	11	9.912418e-02	1.001799e-01	5.500000e-01	11	5.355684e-01	4.325171e-01	
6.500000e-01	13	7930	5.942927e+03	2.651000e+02	6.616454e+02	7.000000e-01	14	0	0	10990	8.665511e+03	6.500000e-01	13	3.234860e-02	1.001799e-01	6.500000e-01	13	4.271596e-01	4.325171e-01	
7.500000e-01	15	8704	5.942927e+03	1494	6.616454e+02	8.000000e-01	16	0	0	7221	8.665511e+03	7.500000e-01	15	1.464993e-01	1.001799e-01	7.500000e-01	15	5.854527e-01	4.325171e-01	
8.500000e-01	17	8810	5.942927e+03	2.134000e+02	6.616454e+02	9.000000e-01	18	0	0	9345	8.665511e+03	8.500000e-01	17	2.364962e-02	1.001799e-01	8.500000e-01	17	4.912458e-01	4.325171e-01	
9.500000e-01	19	8490	5.942927e+03	-5.301000e+01	6.616454e+02	1	20	0	0	9519	8.665511e+03	9.500000e-01	19	-6.283046e-03	1.001799e-01	9.500000e-01	19	4.698705e-01	4.325171e-01	
1.050000e+00	21	7240	5.942927e+03	3.819000e+01	6.616454e+02	1.100000e+00	22	0	0	6993	8.665511e+03	1.050000e+00	21	5.247184e-03	1.001799e-01	1.050000e+00	21	5.099918e-01	4.325171e-01	
1.150000e+00	23	6862	5.942927e+03	-6.174000e+02	6.616454e+02	1.200000e+00	24	0	0	8886	8.665511e+03	1.150000e+00	23	-9.886942e-02	1.001799e-01	1.150000e+00	23	4.127133e-01	4.325171e-01	
1.250000e+00	25	8319	5.942927e+03	1989	6.616454e+02	1.300000e+00	26	0	0	7086	8.665511e+03	1.250000e+00	25	1.929569e-01	1.001799e-01	1.250000e+00	25	5.926181e-01	4.325171e-01	
1.350000e+00	27	6921	5.942927e+03	6.192000e+02	6.616454e+02	1.400000e+00	28	0	0	8830	8.665511e+03	1.350000e+00	27	8.211984e-02	1.001799e-01	1.350000e+00	27	4.606052e-01	4.325171e-01	
1.450000e+00	29	4564	5.942927e+03	3449	4.599103e+03	1.500000e+00	30	0	0	7448	8.665511e+03	1.450000e+00	29	4.304256e-01	1.001799e-01	1.450000e+00	29	5.182718e-01	5.488485e-01	
1.550000e+00	31	1.724000e+02	8.413317e+02	7052	7.815162e+03	1.600000e+00	32	0	0	8562	8.665511e+03	1.550000e+00	31	9.761364e-01	9.028092e-01	1.550000e+00	31	4.576344e-01	5.488485e-01	
1.650000e+00	33	1638	8.413317e+02	8011	7.815162e+03	1.700000e+00	34	0	0	8303	8.665511e+03	1.650000e+00	33	8.302415e-01	9.028092e-01	1.650000e+00	33	5.374889e-01	5.488485e-01	
1.750000e+00	35	2.481000e+02	8.413317e+02	7211	7.815162e+03	1.800000e+00	36	0	0	10620	8.665511e+03	1.750000e+00	35	9.667386e-01	9.028092e-01	1.750000e+00	35	4.125814e-01	5.488485e-01	
1.850000e+00	37	1910	8.413317e+02	7808	7.815162e+03	1.900000e+00	38	0	0	9344	8.665511e+03	1.850000e+00	37	8.034575e-01	9.028092e-01	1.850000e+00	37	5.098101e-01	5.488485e-01	
1.950000e+00	39	6.098000e+02	8.413317e+02	8945	7.815162e+03	2	40	0	0	8539	8.665511e+03	1.950000e+00	39	9.361787e-01	9.028092e-01	1.950000e+00	39	5.280704e-01	5.488485e-01	
2.050000e+00	41	9.552000e+02	8.413317e+02	8304	7.815162e+03	2.100000e+00	42	0	0	10400	8.665511e+03	2.050000e+00	41	8.968377e-01	9.028092e-01	2.050000e+00	41	4.709856e-01	5.488485e-01	
2.150000e+00	43	-9.881000e+01	8.413317e+02	8882	7.815162e+03	2.200000e+00	44	0	0	9812	8.665511e+03	2.150000e+00	43	1.011250e+00	9.028092e-01	2.150000e+00	43	4.723367e-01	5.488485e-01	
2.250000e+00	45	4.799000e+02	8.413317e+02	7139	7.815162e+03	2.300000e+00	46	0	0	9130	8.665511e+03	2.250000e+00	45	9.370119e-01	9.028092e-01	2.250000e+00	45	4.548896e-01	5.488485e-01	
2.350000e+00	47	3.665000e+01	8.413317e+02	9824	7.815162e+03	2.400000e+00	48	0	0	8376	8.665511e+03	2.350000e+00	47	9.962832e-01	9.028092e-01	2.350000e+00	47	5.407051e-01	5.488485e-01	
2.450000e+00	49	1188	8.413317e+02	10280	7.815162e+03	2.500000e+00	50	0	0	9183	8.665511e+03	2.450000e+00	49	8.964074e-01	9.028092e-01	2.450000e+00	49	5.553242e-01	5.488485e-01	
2.550000e+00	51	1511	8.413317e+02	7897	7.815162e+03	2.600000e+00	52	0	0	8849	8.665511e+03	2.550000e+00	51	8.393920e-01	9.028092e-01	2.550000e+00	51	5.153092e-01	5.488485e-01	
2.650000e+00	53	-6.548000e+02	8.413317e+02	7246	7.815162e+03	2.700000e+00	54	0	0	8715	8.665511e+03	2.650000e+00	53	1.099345e+00	9.028092e-01	2.650000e+00	53	4.306229e-01	5.488485e-01	
2.750000e+00	55	-290	8.413317e+02	8146	7.815162e+03	2.800000e+00	56	0	0	9238	8.665511e+03	2.750000e+00	55	1.036914e+00	9.028092e-01	2.750000e+00	55	4.595765e-01	5.488485e-01	
2.850000e+00	57	-5.373000e+02	8.413317e+02	8591	7.815162e+03	2.900000e+00	58	0	0	7742	8.665511e+03	2.850000e+00	57	1.066715e+00	9.028092e-01	2.850000e+00	57	5.098666e-01	5.488485e-01	
2.950000e+00	59	2566	8.413317e+02	8921	7.815162e+03	3	60	0	0	8028	8.665511e+03	2.950000e+00	59	7.766170e-01	9.028092e-01	2.950000e+00	59	5.886241e-01	5.488485e-01	
3.050000e+00	61	1877	8.413317e+02	7548	7.815162e+03	3.100000e+00	62	0	0	8370	8.665511e+03	3.050000e+00	61	8.008488e-01	9.028092e-01	3.050000e+00	61	5.296432e-01	5.488485e-01	
3.150000e+00	63	6.665000e+02	8.413317e+02	8458	7.815162e+03	3.200000e+00	64	0	0	7423	8.665511e+03	3.150000e+00	63	9.269549e-01	9.028092e-01	3.150000e+00	63	5.514126e-01	5.488485e-01	
3.250000e+00	65	1.577000e+02	8.413317e+02	6063	7.815162e+03	3.300000e+00	66	0	0	9066	8.665511e+03	3.250000e+00	65	9.746492e-01	9.028092e-01	3.250000e+00	65	4.069354e-01	5.488485e-01	
3.350000e+00	67	1383	8.413317e+02	7572	7.815162e+03	3.400000e+00	68	0	0	9627	8.665511e+03	3.350000e+00	67	8.455611e-01	9.028092e-01	3.350000e+00	67	4.819180e-01	5.488485e-01	
3.450000e+00	69	7.676000e+02	8.413317e+02	8161	7.815162e+03	3.500000e+00	70	0	0	9116	8.665511e+03	3.450000e+00	69	9.140291e-01	9.028092e-01	3.450000e+00	69	4.948073e-01	5.488485e-01	
3.550000e+00	71	-6.751000e+02	8.413317e+02	9959	7.815162e+03	3.600000e+00	72	0	0	8127	8.665511e+03	3.550000e+00	71	1.072717e+00	9.028092e-01	3.550000e+00	71	5.332234e-01	5.488485e-01	
3.650000e+00	73	1154	8.413317e+02	6337	7.815162e+03	3.700000e+00	74	0	0	11100	8.665511e+03	3.650000e+00	73	8.459485e-01	9.028092e-01	3.650000e+00	73	4.029369e-01	5.488485e-01	
3.750000e+00	75	-4.799000e+02	8.413317e+02	8680	7.815162e+03	3.800000e+00	76	0	0	9369	8.665511e+03	3.750000e+00	75	1.058524e+00	9.028092e-01	3.750000e+00	75	4.667342e-01	5.488485e-01	
3.850000e+00	77	5.132000e+02	8.413317e+02	8228	7.815162e+03	3.900000e+00	78	0	0	9435	8.665511e+03	3.850000e+00	77	9.412895e-01	9.028092e-01	3.850000e+00	77	4.809146e-01	5.488485e-01	
3.950000e+00	79	9.092000e+02	8.413317e+02	6980	7.815162e+03	4	80	0	0	8510	8.665511e+03	3.950000e+00	79	8.847538e-01	9.028092e-01	3.950000e+00	79	4.810722e-01	5.488485e-01	
4.050000e+00	81	1092	8.413317e+02	7917	7.815162e+03	4.100000e+00	82	0	0	7567	8.665511e+03	4.050000e+00	81	8.787879e-01	9.028092e-01	4.050000e+00	81	5.434966e-01	5.488485e-01	
4.150000e+00	83	8.618000e+02	8.413317e+02	9163	7.815162e+03	4.200000e+00	84	0	0	10900	8.665511e+03	4.150000e+00	83	9.140332e-01	9.028092e-01	4.150000e+00	83	4.790870e-01	5.488485e-01	
4.250000e+00	85	1069	8.413317e+02	6418	7.815162e+03	4.300000e+00	86	0	0	10560	8.665511e+03	4.250000e+00	85	8.572192e-01	9.028092e-01	4.250000e+00	85	4.148612e-01	5.488485e-01	
4.350000e+00	87	7.628000e+02	8.413317e+02	7926	7.815162e+03	4.400000e+00	88	0	0	8429	8.665511e+03	4.350000e+00	87	9.122088e-01	9.028092e-01	4.350000e+00	87	5.075886e-01	5.488485e-01	
4.450000e+00	89	2840	8.413317e+02	9384	7.815162e+03	4.500000e+00	90	0	0	9151	8.665511e+03	4.450000e+00	89	7.676702e-01	9.028092e-01	4.450000e+00	89	5.718830e-01	5.488485e-01	
4.550000e+00	91	2.962000e+02	8.413317e+02	8214	7.815162e+03	4.600000e+00	92	0	0	6520	8.665511e+03	4.550000e+00	91	9.651947e-01	9.028092e-01	4.550000e+00	91	5.662067e-01	5.488485e-01	
4.650000e+00	93	1619	8.413317e+02	9950	7.815162e+03	4.700000e+00	94	0	0	10110	8.665511e+03	4.650000e+00	93	8.600570e-01	9.028092e-01	4.650000e+00	93	5.336501e-01	5.488485e-01	
4.750000e+00	95	9.483000e+02	8.413317e+02	7811	7.815162e+03	4.800000e+00	96	0	0	8967	8.665511e+03	4.750000e+00	95	8.917379e-01	9.028092e-01	4.750000e+00	95	4.941415e-01	5.488485e-01	
4.850000e+00	97	4.084000e+02	8.413317e+02	6450	7.815162e+03	4.900000e+00	98	0	0	7794	8.665511e+03	4.850000e+00	97	9.404526e-01	9.028092e-01	4.850000e+00	97	4.680735e-01	5.488485e-01	
4.950000e+00	99	1.782000e+02	8.413317e+02	5153	7.815162e+03	5	100	0	0	10090	8.665511e+03	4.950000e+00	99	9.665741e-01	9.028092e-01	4.950000e+00	99	3.457059e-01	5.488485e-01	
5.050000e+00	101	1621	8.413317e+02	6524	7.815162e+03	5.100000e+00	102	0	0	6230	8.665511e+03	5.050000e+00	101	8.009822e-01	9.028092e-01	5.050000e+00	101	5.666087e-01	5.488485e-01	
5.150000e+00	103	5.334000e+02	8.413317e+02	9008	7.815162e+03	5.200000e+00	104	0	0	8332	8.665511e+03	5.150000e+00	103	9.440963e-01	9.028092e-01	5.150000e+00	103	5.338324e-01	5.488485e-01	
5.250000e+00	105	8.341000e+02	8.413317e+02	8353	7.815162e+03	5.300000e+00	106	0	0	8820	8.665511e+03	5.250000e+00	105	9.092097e-01	9.028092e-01	5.250000e+00	105	5.101932e-01	5.488485e-01	
5.350000e+00	107	9.797000e+02	8.413317e+02	7526	7.815162e+03	5.400000e+00	108	0	0	9139	8.665511e+03	5.350000e+00	107	8.848184e-01	9.028092e-01	5.350000e+00	107	4.820541e-01	5.488485e-01	
5.450000e+00	109	-386	8.413317e+02	7552	7.815162e+03	5.500000e+00	110	0	0	7922	8.665511e+03	5.450000e+00	109	1.053865e+00	9.028092e-01	5.450000e+00	109	4.749470e-01	5.488485e-01	
5.550000e+00	111	1099	8.413317e+02	8517	7.815162e+03	5.600000e+00	112	0	0	9095	8.665511e+03	5.550000e+00	111	8.857113e-01	9.028092e-01	5.550000e+00	111	5.139223e-01	5.488485e-01	
5.650000e+00	113	3.188000e+02	8.413317e+02	7585	7.815162e+03	5.700000e+00	114	0	0	7876	8.665511e+03	5.650000e+00	113	9.596650e-01	9.028092e-01	5.650000e+00	113	5.008809e-01	5.488485e-01	
5.750000e+00	115	1592	8.413317e+02	9254	7.815162e+03	5.800000e+00	116	0	0	9233	8.665511e+03	5.750000e+00	115	8.532178e-01	9.028092e-01	5.750000e+00	115	5.401663e-01	5.488485e-01	
5.850000e+00	117	-6.045000e+02	8.413317e+02	7279	7.815162e+03	5.900000e+00	118	0	0	10510	8.665511e+03	5.850000e+00	117	1.090569e+00	9.028092e-01	5.850000e+00	117	3.884023e-01	5.488485e-01	
5.950000e+00	119	1661	8.413317e+02	7392	7.815162e+03	6	120	0	0	10100	8.665511e+03	5.950000e+00	119	8.165249e-01	9.028092e-01	5.950000e+00	119	4.726675e-01	5.488485e-01	
6.050000e+00	121	2371	8.413317e+02	6141	7.815162e+03	6.100000e+00	122	0	0	8869	8.665511e+03	6.050000e+00	121	7.214521e-01	9.028092e-01	6.050000e+00	121	4.897302e-01	5.488485e-01	
6.150000e+00	123	9.286000e+02	8.413317e+02	9195	7.815162e+03	6.200000e+00	124	0	0	7441	8.665511e+03	6.150000e+00	123	9.082737e-01	9.028092e-01	6.150000e+00	123	5.763638e-01	5.488485e-01	
6.250000e+00	125	1958	8.413317e+02	6703	7.815162e+03	6.300000e+00	126	0	0	10730	8.665511e+03	6.250000e+00	125	7.739291e-01	9.028092e-01	6.250000e+00	125	4.466505e-01	5.488485e-01	
6.350000e+00	127	7.944000e+02	8.413317e+02	8019	7.815162e+03	6.400000e+00	128	0	0	8390	8.665511e+03	6.350000e+00	127	9.098645e-01	9.028092e-01	6.350000e+00	127	5.123057e-01	5.488485e-01	
6.450000e+00	129	2183	8.413317e+02	7069	7.815162e+03	6.500000e+00	130	0	0	9285	8.665511e+03	6.450000e+00	129	7.640510e-01	9.028092e-01	6.450000e+00	129	4.991099e-01	5.488485e-01	
6.550000e+00	131	-4.761000e+02	8.413317e+02	5983	7.815162e+03	6.600000e+00	132	0	0	8453	8.665511e+03	6.550000e+00	131	1.086455e+00	9.028092e-01	6.550000e+00	131	3.944799e-01	5.488485e-01	
6.650000e+00	133	346	8.413317e+02	6683	7.815162e+03	6.700000e+00	134	0	0	10860	8.665511e+03	6.650000e+00	133	9.507754e-01	9.028092e-01	6.650000e+00	133	3.929230e-01	5.488485e-01	
6.750000e+00	135	8.902000e+02	8.413317e+02	8943	7.815162e+03	6.800000e+00	136	0	0	10670	8.665511e+03	6.750000e+00	135	9.094700e-01	9.028092e-01	6.750000e+00	135	4.795934e-01	5.488485e-01	
6.850000e+00	137	-5.454000e+02	8.413317e+02	9359	7.815162e+03	6.900000e+00	138	0	0	10650	8.665511e+03	6.850000e+00	137	1.061882e+00	9.028092e-01	6.850000e+00	137	4.528248e-01	5.488485e-01	
6.950000e+00	139	5.624000e+02	8.413317e+02	7643	7.815162e+03	7	140	0	0	9181	8.665511e+03	6.950000e+00	139	9.314598e-01	9.028092e-01	6.950000e+00	139	4.719436e-01	5.488485e-01	
7.050000e+00	141	1303	8.413317e+02	8504	7.815162e+03	7.100000e+00	142	0	0	8537	8.665511e+03	7.050000e+00	141	8.671357e-01	9.028092e-01	7.050000e+00	141	5.346162e-01	5.488485e-01	
7.150000e+00	143	3.131000e+02	8.413317e+02	6979	7.815162e+03	7.200000e+00	144	0	0	8072	8.665511e+03	7.150000e+00	143	9.570631e-01	9.028092e-01	7.150000e+00	143	4.746194e-01	5.488485e-01	
7.250000e+00	145	5.031000e+02	8.413317e+02	5869	7.815162e+03	7.300000e+00	146	0	0	9184	8.665511e+03	7.250000e+00	145	9.210464e-01	9.028092e-01	7.250000e+00	145	4.096207e-01	5.488485e-01	
7.350000e+00	147	-4.174000e+02	8.413317e+02	6391	7.815162e+03	7.400000e+00	148	0	0	6979	8.665511e+03	7.350000e+00	147	1.069874e+00	9.028092e-01	7.350000e+00	147	4.611893e-01	5.488485e-01	
7.450000e+00	149	-130	8.413317e+02	8700	7.815162e+03	7.500000e+00	150	0	0	7944	8.665511e+03	7.450000e+00	149	1.015169e+00	9.028092e-01	7.450000e+00	149	5.189536e-01	5.488485e-01	
7.550000e+00	151	1563	8.413317e+02	6822	7.815162e+03	7.600000e+00	152	0	0	9397	8.665511e+03	7.550000e+00	151	8.135957e-01	9.028092e-01	7.550000e+00	151	4.715443e-01	5.488485e-01	
7.650000e+00	153	1803	8.413317e+02	7975	7.815162e+03	7.700000e+00	154	0	0	9109	8.665511e+03	7.650000e+00	153	8.156065e-01	9.028092e-01	7.650000e+00	153	5.177106e-01	5.488485e-01	
7.750000e+00	155	2.482000e+02	8.413317e+02	6012	7.815162e+03	7.800000e+00	156	0	0	6659	8.665511e+03	7.750000e+00	155	9.603527e-01	9.028092e-01	7.750000e+00	155	4.845656e-01	5.488485e-01	
7.850000e+00	157	7.217000e+02	8.413317e+02	6341	7.815162e+03	7.900000e+00	158	0	0	9019	8.665511e+03	7.850000e+00	157	8.978153e-01	9.028092e-01	7.850000e+00	157	4.391762e-01	5.488485e-01	
7.950000e+00	159	1309	8.413317e+02	8950	7.815162e+03	8	160	0	0	9189	8.665511e+03	7.950000e+00	159	8.724047e-01	9.028092e-01	7.950000e+00	159	5.275093e-01	5.488485e-01	
8.050000e+00	161	3.835000e+02	8.413317e+02	8955	7.815162e+03	8.100000e+00	162	0	0	7789	8.665511e+03	8.050000e+00	161	9.589334e-01	9.028092e-01	8.050000e+00	161	5.452343e-01	5.488485e-01	
8.150000e+00	163	1907	8.413317e+02	5949	7.815162e+03	8.200000e+00	164	0	0	8382	8.665511e+03	8.150000e+00	163	7.572556e-01	9.028092e-01	8.150000e+00	163	4.838034e-01	5.488485e-01	
8.250000e+00	165	1982	8.413317e+02	9598	7.815162e+03	8.300000e+00	166	0	0	6883	8.665511e+03	8.250000e+00	165	8.288428e-01	9.028092e-01	8.250000e+00	165	6.272003e-01	5.488485e-01	
8.350000e+00	167	3.141000e+02	8.413317e+02	7582	7.815162e+03	8.400000e+00	168	0	0	10390	8.665511e+03	8.350000e+00	167	9.602209e-01	9.028092e-01	8.350000e+00	167	4.318089e-01	5.488485e-01	
8.450000e+00	169	8.465000e+02	8.413317e+02	8266	7.815162e+03	8.500000e+00	170	0	0	7970	8.665511e+03	8.450000e+00	169	9.071056e-01	9.028092e-01	8.450000e+00	169	5.334407e-01	5.488485e-01	
8.550000e+00	171	9.737000e+02	8.413317e+02	6766	7.815162e+03	8.600000e+00	172	0	0	10290	8.665511e+03	8.550000e+00	171	8.741941e-01	9.028092e-01	8.550000e+00	171	4.292750e-01	5.488485e-01	
8.650000e+00	173	1615	8.413317e+02	7253	7.815162e+03	8.700000e+00	174	0	0	8817	8.665511e+03	8.650000e+00	173	8.178845e-01	9.028092e-01	8.650000e+00	173	5.014419e-01	5.488485e-01	
8.750000e+00	175	-2.998000e+02	8.413317e+02	8683	7.815162e+03	8.800000e+00	176	0	0	7084	8.665511e+03	8.750000e+00	175	1.035762e+00	9.028092e-01	8.750000e+00	175	5.419986e-01	5.488485e-01	
8.850000e+00	177	2094	8.413317e+02	8287	7.815162e+03	8.900000e+00	178	0	0	7779	8.665511e+03	8.850000e+00	177	7.982853e-01	9.028092e-01	8.850000e+00	177	5.716410e-01	5.488485e-01	
8.950000e+00	179	9.438000e+02	8.413317e+02	6090	7.815162e+03	9	180	0	0	9431	8.665511e+03	8.950000e+00	179	8.658193e-01	9.028092e-01	8.950000e+00	179	4.272023e-01	5.488485e-01	
9.050000e+00	181	1091	8.413317e+02	6550	7.815162e+03	9.100000e+00	182	0	0	7575	8.665511e+03	9.050000e+00	181	8.572176e-01	9.028092e-01	9.050000e+00	181	5.021688e-01	5.488485e-01	
9.150000e+00	183	8.143000e+02	8.413317e+02	9279	7.815162e+03	9.200000e+00	184	0	0	7927	8.665511e+03	9.150000e+00	183	9.193227e-01	9.028092e-01	9.150000e+00	183	5.601072e-01	5.488485e-01	
9.250000e+00	185	733	8.413317e+02	8006	7.815162e+03	9.300000e+00	186	0	0	7843	8.665511e+03	9.250000e+00	185	9.161231e-01	9.028092e-01	9.250000e+00	185	5.270172e-01	5.488485e-01	
9.350000e+00	187	1448	8.413317e+02	8215	7.815162e+03	9.400000e+00	188	0	0	7379	8.665511e+03	9.350000e+00	187	8.501501e-01	9.028092e-01	9.350000e+00	187	5.670109e-01	5.488485e-01	
9.450000e+00	189	-9.894000e+01	8.413317e+02	6786	7.815162e+03	9.500000e+00	190	0	0	9579	8.665511e+03	9.450000e+00	189	1.014796e+00	9.028092e-01	9.450000e+00	189	4.111051e-01	5.488485e-01	
9.550000e+00	191	8.247000e+02	8.413317e+02	7006	7.815162e+03	9.600000e+00	192	0	0	7426	8.665511e+03	9.550000e+00	191	8.946837e-01	9.028092e-01	9.550000e+00	191	5.132630e-01	5.488485e-01	
9.650000e+00	193	8.481000e+02	8.413317e+02	4916	4.599103e+03	9.700000e+00	194	0	0	9225	8.665511e+03	9.650000e+00	193	8.528651e-01	9.028092e-01	9.650000e+00	193	3.845528e-01	3.856838e-01	
9.750000e+00	195	1217	8.413317e+02	4600	4.599103e+03	9.800000e+00	196	0	0	8498	8.665511e+03	9.750000e+00	195	7.907856e-01	9.028092e-01	9.750000e+00	195	4.063570e-01	3.856838e-01	
9.850000e+00	197	1658	8.413317e+02	8390	7.815162e+03	9.900000e+00	198	0	0	7731	8.665511e+03	9.850000e+00	197	8.349920e-01	9.028092e-01	9.850000e+00	197	5.651611e-01	4.997397e-01	
9.950000e+00	199	4.087000e+01	8.413317e+02	9769	7.815162e+03	10	200	0	0	7197	8.665511e+03	9.950000e+00	199	9.958338e-01	9.028092e-01	9.950000e+00	199	5.768181e-01	4.997397e-01	
1.005000e+01	201	1497	8.413317e+02	9357	7.815162e+03	1.010000e+01	202	0	0	9277	8.665511e+03	1.005000e+01	201	8.620785e-01	9.028092e-01	1.005000e+01	201	5.391684e-01	4.997397e-01	
1.015000e+01	203	-4.623000e+02	8.413317e+02	6672	7.815162e+03	1.020000e+01	204	0	0	6071	8.665511e+03	1.015000e+01	203	1.074448e+00	9.028092e-01	1.015000e+01	203	5.056471e-01	4.997397e-01	
1.025000e+01	205	1611	8.413317e+02	8410	7.815162e+03	1.030000e+01	206	0	0	7341	8.665511e+03	1.025000e+01	205	8.392376e-01	9.028092e-01	1.025000e+01	205	5.771800e-01	4.997397e-01	
1.035000e+01	207	3.716000e+02	8.413317e+02	7739	7.815162e+03	1.040000e+01	208	0	0	8666	8.665511e+03	1.035000e+01	207	9.541834e-01	9.028092e-01	1.035000e+01	207	4.834472e-01	4.997397e-01	
1.045000e+01	209	3135	5.942927e+03	3856	4.599103e+03	1.050000e+01	210	0	0	10170	8.665511e+03	1.045000e+01	209	5.515663e-01	4.362635e-01	1.045000e+01	209	4.073772e-01	5.488485e-01	
1.055000e+01	211	5923	5.942927e+03	2174	4.599103e+03	1.060000e+01	212	0	0	8165	8.665511e+03	1.055000e+01	211	2.684945e-01	4.362635e-01	1.055000e+01	211	4.979092e-01	5.488485e-01	
1.065000e+01	213	3045	5.942927e+03	5111	4.599103e+03	1.070000e+01	214	0	0	9193	8.665511e+03	1.065000e+01	213	6.266552e-01	4.362635e-01	1.065000e+01	213	4.701136e-01	5.488485e-01	
1.075000e+01	215	2838	5.942927e+03	5757	4.599103e+03	1.080000e+01	216	0	0	9960	8.665511e+03	1.075000e+01	215	6.698080e-01	4.362635e-01	1.075000e+01	215	4.632175e-01	5.488485e-01	
1.085000e+01	217	2594	5.942927e+03	4286	4.599103e+03	1.090000e+01	218	0	0	8563	8.665511e+03	1.085000e+01	217	6.229651e-01	4.362635e-01	1.085000e+01	217	4.455093e-01	5.488485e-01	
1.095000e+01	219	2706	5.942927e+03	4755	4.599103e+03	11	220	0	0	10400	8.665511e+03	1.095000e+01	219	6.373140e-01	4.362635e-01	1.095000e+01	219	4.177258e-01	5.488485e-01	
1.105000e+01	221	2830	5.942927e+03	5048	4.599103e+03	1.110000e+01	222	0	0	7471	8.665511e+03	1.105000e+01	221	6.407718e-01	4.362635e-01	1.105000e+01	221	5.132582e-01	5.488485e-01	
1.115000e+01	223	4659	5.942927e+03	5990	4.599103e+03	1.120000e+01	224	0	0	9057	8.665511e+03	1.115000e+01	223	5.624941e-01	4.362635e-01	1.115000e+01	223	5.403938e-01	5.488485e-01	
1.125000e+01	225	3902	5.942927e+03	3896	4.599103e+03	1.130000e+01	226	0	0	9605	8.665511e+03	1.125000e+01	225	4.996153e-01	4.362635e-01	1.125000e+01	225	4.480837e-01	5.488485e-01	
1.135000e+01	227	2995	5.942927e+03	5294	4.599103e+03	1.140000e+01	228	0	0	7681	8.665511e+03	1.135000e+01	227	6.386778e-01	4.362635e-01	1.135000e+01	227	5.190357e-01	5.488485e-01	
1.145000e+01	229	4866	5.942927e+03	5067	4.599103e+03	1.150000e+01	230	0	0	9143	8.665511e+03	1.145000e+01	229	5.101178e-01	4.362635e-01	1.145000e+01	229	5.207066e-01	5.488485e-01	
1.155000e+01	231	4692	5.942927e+03	4545	4.599103e+03	1.160000e+01	232	0	0	8656	8.665511e+03	1.155000e+01	231	4.920429e-01	4.362635e-01	1.155000e+01	231	5.162354e-01	5.488485e-01	
1.165000e+01	233	3569	5.942927e+03	4884	4.599103e+03	1.170000e+01	234	0	0	9372	8.665511e+03	1.165000e+01	233	5.777830e-01	4.362635e-01	1.165000e+01	233	4.742216e-01	5.488485e-01	
1.175000e+01	235	4574	5.942927e+03	4139	4.599103e+03	1.180000e+01	236	0	0	10240	8.665511e+03	1.175000e+01	235	4.750373e-01	4.362635e-01	1.175000e+01	235	4.597161e-01	5.488485e-01	
1.185000e+01	237	1679	5.942927e+03	5467	4.599103e+03	1.190000e+01	238	0	0	9723	8.665511e+03	1.185000e+01	237	7.650434e-01	4.362635e-01	1.185000e+01	237	4.236173e-01	5.488485e-01	
1.195000e+01	239	2860	5.942927e+03	5979	7.815162e+03	12	240	0	0	8579	8.665511e+03	1.195000e+01	239	6.764340e-01	4.362635e-01	1.195000e+01	239	5.074635e-01	6.135540e-01	
1.205000e+01	241	8.507000e+02	5.942927e+03	8941	7.815162e+03	1.210000e+01	242	0	0	6678	8.665511e+03	1.205000e+01	241	9.131203e-01	4.362635e-01	1.205000e+01	241	5.945281e-01	6.135540e-01	
1.215000e+01	243	6438	5.942927e+03	3440	4.599103e+03	1.220000e+01	244	0	0	8464	8.665511e+03	1.215000e+01	243	3.482486e-01	4.362635e-01	1.215000e+01	243	5.385454e-01	5.488485e-01	
1.225000e+01	245	7600	5.942927e+03	-493	6.616454e+02	1.230000e+01	246	0	0	6468	8.665511e+03	1.225000e+01	245	-6.936823e-02	4.362635e-01	1.225000e+01	245	5.235359e-01	5.488485e-01	
1.235000e+01	247	9491	5.942927e+03	9.908000e+02	6.616454e+02	1.240000e+01	248	0	0	5673	8.665511e+03	1.235000e+01	247	9.452575e-02	4.362635e-01	1.235000e+01	247	6.488350e-01	5.488485e-01	
1.245000e+01	249	8174	5.942927e+03	7.455000e+02	6.616454e+02	1.250000e+01	250	0	0	6566	8.665511e+03	1.245000e+01	249	8.358092e-02	4.362635e-01	1.245000e+01	249	5.759904e-01	5.488485e-01	
1.255000e+01	251	9064	5.942927e+03	-6.424000e+02	6.616454e+02	1.260000e+01	252	0	0	10180	8.665511e+03	1.255000e+01	251	-7.628004e-02	4.362635e-01	1.255000e+01	251	4.527352e-01	5.488485e-01	
1.265000e+01	253	6969	5.942927e+03	1484	6.616454e+02	1.270000e+01	254	0	0	9993	8.665511e+03	1.265000e+01	253	1.755590e-01	4.362635e-01	1.265000e+01	253	4.582565e-01	5.488485e-01	
1.275000e+01	255	7179	5.942927e+03	7.727000e+02	6.616454e+02	1.280000e+01	256	0	0	7651	8.665511e+03	1.275000e+01	255	9.717419e-02	4.362635e-01	1.275000e+01	255	5.096362e-01	5.488485e-01	
1.285000e+01	257	6880	5.942927e+03	2180	6.616454e+02	1.290000e+01	258	0	0	7553	8.665511e+03	1.285000e+01	257	2.406181e-01	4.362635e-01	1.285000e+01	257	5.453560e-01	5.488485e-01	
1.295000e+01	259	8143	5.942927e+03	-3.870000e+01	6.616454e+02	13	260	0	0	10770	8.665511e+03	1.295000e+01	259	-4.775243e-03	4.362635e-01	1.295000e+01	259	4.293828e-01	5.488485e-01	
1.305000e+01	261	8814	5.942927e+03	1.149000e+02	6.616454e+02	1.310000e+01	262	0	0	10820	8.665511e+03	1.305000e+01	261	1.286833e-02	4.362635e-01	1.305000e+01	261	4.521214e-01	5.488485e-01	
1.315000e+01	263	8200	5.942927e+03	-2.782000e+02	6.616454e+02	1.320000e+01	264	0	0	9745	8.665511e+03	1.315000e+01	263	-3.511828e-02	4.362635e-01	1.315000e+01	263	4.484004e-01	5.488485e-01	
1.325000e+01	265	7505	5.942927e+03	1451	6.616454e+02	1.330000e+01	266	0	0	6664	8.665511e+03	1.325000e+01	265	1.620143e-01	4.362635e-01	1.325000e+01	265	5.733675e-01	5.488485e-01	
1.335000e+01	267	7114	5.942927e+03	7.613000e+02	6.616454e+02	1.340000e+01	268	0	0	9199	8.665511e+03	1.335000e+01	267	9.666933e-02	4.362635e-01	1.335000e+01	267	4.612371e-01	5.488485e-01	
1.345000e+01	269	6129	5.942927e+03	-3.556000e+01	6.616454e+02	1.350000e+01	270	0	0	6809	8.665511e+03	1.345000e+01	269	-5.835784e-03	4.362635e-01	1.345000e+01	269	4.722704e-01	5.488485e-01	
1.355000e+01	271	6159	5.942927e+03	7.161000e+01	6.616454e+02	1.360000e+01	272	0	0	10760	8.665511e+03	1.355000e+01	271	1.149326e-02	4.362635e-01	1.355000e+01	271	3.667090e-01	5.488485e-01	
1.365000e+01	273	8046	5.942927e+03	5.688000e+02	6.616454e+02	1.370000e+01	274	0	0	9972	8.665511e+03	1.365000e+01	273	6.602591e-02	4.362635e-01	1.365000e+01	273	4.634902e-01	5.488485e-01	
1.375000e+01	275	6698	5.942927e+03	915	6.616454e+02	1.380000e+01	276	0	0	8922	8.665511e+03	1.375000e+01	275	1.201892e-01	4.362635e-01	1.375000e+01	275	4.604173e-01	5.488485e-01	
1.385000e+01	277	-5.518000e+02	8.413317e+02	8913	7.815162e+03	1.390000e+01	278	0	0	10520	8.665511e+03	1.385000e+01	277	1.065995e+00	9.028092e-01	1.385000e+01	277	4.428320e-01	4.997397e-01	
1.395000e+01	279	-1.412000e+02	8.413317e+02	6761	7.815162e+03	14	280	0	0	8420	8.665511e+03	1.395000e+01	279	1.021330e+00	9.028092e-01	1.395000e+01	279	4.401521e-01	4.997397e-01	
1.405000e+01	281	1728	8.413317e+02	8234	7.815162e+03	1.410000e+01	282	0	0	7842	8.665511e+03	1.405000e+01	281	8.265409e-01	9.028092e-01	1.405000e+01	281	5.595372e-01	4.997397e-01	
1.415000e+01	283	8.968000e+02	8.413317e+02	8390	7.815162e+03	1.420000e+01	284	0	0	8844	8.665511e+03	1.415000e+01	283	9.034328e-01	9.028092e-01	1.415000e+01	283	5.122113e-01	4.997397e-01	
1.425000e+01	285	2822	8.413317e+02	10070	7.815162e+03	1.430000e+01	286	0	0	8655	8.665511e+03	1.425000e+01	285	7.811046e-01	9.028092e-01	1.425000e+01	285	5.983200e-01	4.997397e-01	
1.435000e+01	287	1753	8.413317e+02	7798	7.815162e+03	1.440000e+01	288	0	0	6940	8.665511e+03	1.435000e+01	287	8.164590e-01	9.028092e-01	1.435000e+01	287	5.791644e-01	4.997397e-01	
1.445000e+01	289	1032	8.413317e+02	7724	7.815162e+03	1.450000e+01	290	0	0	10970	8.665511e+03	1.445000e+01	289	8.821380e-01	9.028092e-01	1.445000e+01	289	4.438812e-01	4.997397e-01	
1.455000e+01	291	9.811000e+02	8.413317e+02	8369	7.815162e+03	1.460000e+01	292	0	0	9597	8.665511e+03	1.455000e+01	291	8.950706e-01	9.028092e-01	1.455000e+01	291	4.934845e-01	4.997397e-01	
1.465000e+01	293	1.203000e+02	8.413317e+02	6499	7.815162e+03	1.470000e+01	294	0	0	6781	8.665511e+03	1.465000e+01	293	9.818259e-01	9.028092e-01	1.465000e+01	293	4.939666e-01	4.997397e-01	
1.475000e+01	295	-8.838000e+02	8.413317e+02	7174	7.815162e+03	1.480000e+01	296	0	0	9155	8.665511e+03	1.475000e+01	295	1.140504e+00	9.028092e-01	1.475000e+01	295	4.072592e-01	4.997397e-01	
1.485000e+01	297	1549	8.413317e+02	10320	7.815162e+03	1.490000e+01	298	0	0	10510	8.665511e+03	1.485000e+01	297	8.694920e-01	9.028092e-01	1.485000e+01	297	5.303633e-01	4.997397e-01	
1.495000e+01	299	4.883000e+01	8.413317e+02	7809	7.815162e+03	15	300	0	0	7451	8.665511e+03	1.495000e+01	299	9.937858e-01	9.028092e-01	1.495000e+01	299	5.132874e-01	4.997397e-01	
1.505000e+01	301	1344	8.413317e+02	8239	7.815162e+03	1.510000e+01	302	0	0	8720	8.665511e+03	1.505000e+01	301	8.597516e-01	9.028092e-01	1.505000e+01	301	5.235754e-01	4.997397e-01	
1.515000e+01	303	1.792000e+02	8.413317e+02	7021	7.815162e+03	1.520000e+01	304	0	0	9463	8.665511e+03	1.515000e+01	303	9.751118e-01	9.028092e-01	1.515000e+01	303	4.321019e-01	4.997397e-01	
1.525000e+01	305	1375	8.413317e+02	8452	7.815162e+03	1.530000e+01	306	0	0	8151	8.665511e+03	1.525000e+01	305	8.600794e-01	9.028092e-01	1.525000e+01	305	5.466125e-01	4.997397e-01	
1.535000e+01	307	4.930000e+01	8.413317e+02	7840	7.815162e+03	1.540000e+01	308	0	0	7360	8.665511e+03	1.535000e+01	307	9.937510e-01	9.028092e-01	1.535000e+01	307	5.173549e-01	4.997397e-01	
1.545000e+01	309	8.078000e+02	8.413317e+02	8329	7.815162e+03	1.550000e+01	310	0	0	9478	8.665511e+03	1.545000e+01	309	9.115883e-01	9.028092e-01	1.545000e+01	309	4.908352e-01	4.997397e-01	
1.555000e+01	311	-7.032000e+01	8.413317e+02	6163	7.815162e+03	1.560000e+01	312	0	0	7507	8.665511e+03	1.555000e+01	311	1.011542e+00	9.028092e-01	1.555000e+01	311	4.480017e-01	4.997397e-01	
1.565000e+01	313	5.996000e+02	8.413317e+02	6757	7.815162e+03	1.570000e+01	314	0	0	7533	8.665511e+03	1.565000e+01	313	9.184950e-01	9.028092e-01	1.565000e+01	313	4.940764e-01	4.997397e-01	
1.575000e+01	315	6.345000e+02	8.413317e+02	5876	7.815162e+03	1.580000e+01	316	0	0	8885	8.665511e+03	1.575000e+01	315	9.025420e-01	9.028092e-01	1.575000e+01	315	4.228833e-01	4.997397e-01	
1.585000e+01	317	6.582000e+02	8.413317e+02	9129	7.815162e+03	1.590000e+01	318	0	0	9683	8.665511e+03	1.585000e+01	317	9.327489e-01	9.028092e-01	1.585000e+01	317	5.026759e-01	4.997397e-01	
1.595000e+01	319	9.177000e+02	8.413317e+02	7046	7.815162e+03	16	320	0	0	7905	8.665511e+03	1.595000e+01	319	8.847646e-01	9.028092e-01	1.595000e+01	319	5.018496e-01	4.997397e-01	
1.605000e+01	321	2353	8.413317e+02	6056	7.815162e+03	1.610000e+01	322	0	0	8953	8.665511e+03	1.605000e+01	321	7.201808e-01	9.028092e-01	1.605000e+01	321	4.843336e-01	4.997397e-01	
1.615000e+01	323	7.104000e+02	8.413317e+02	8460	7.815162e+03	1.620000e+01	324	0	0	10750	8.665511e+03	1.615000e+01	323	9.225334e-01	9.028092e-01	1.615000e+01	323	4.603522e-01	4.997397e-01	
1.625000e+01	325	9.241000e+02	8.413317e+02	7893	7.815162e+03	1.630000e+01	326	0	0	7456	8.665511e+03	1.625000e+01	325	8.951923e-01	9.028092e-01	1.625000e+01	325	5.418206e-01	4.997397e-01	
1.635000e+01	327	2470	8.413317e+02	6711	7.815162e+03	1.640000e+01	328	0	0	10110	8.665511e+03	1.635000e+01	327	7.309661e-01	9.028092e-01	1.635000e+01	327	4.759214e-01	4.997397e-01	
1.645000e+01	329	4.484000e+02	8.413317e+02	7000	7.815162e+03	1.650000e+01	330	0	0	7299	8.665511e+03	1.645000e+01	329	9.397992e-01	9.028092e-01	1.645000e+01	329	5.050653e-01	4.997397e-01	
1.655000e+01	331	1530	8.413317e+02	8848	7.815162e+03	1.660000e+01	332	0	0	7887	8.665511e+03	1.655000e+01	331	8.525728e-01	9.028092e-01	1.655000e+01	331	5.681905e-01	4.997397e-01	
1.665000e+01	333	1.381000e+02	8.413317e+02	7290	7.815162e+03	1.670000e+01	334	0	0	9181	8.665511e+03	1.665000e+01	333	9.814084e-01	9.028092e-01	1.665000e+01	333	4.472307e-01	4.997397e-01	
1.675000e+01	335	-2.353000e+02	8.413317e+02	8350	7.815162e+03	1.680000e+01	336	0	0	10830	8.665511e+03	1.675000e+01	335	1.028997e+00	9.028092e-01	1.675000e+01	335	4.283362e-01	4.997397e-01	
1.685000e+01	337	1840	8.413317e+02	9787	7.815162e+03	1.690000e+01	338	0	0	4752	8.665511e+03	1.685000e+01	337	8.417477e-01	9.028092e-01	1.685000e+01	337	7.098724e-01	4.997397e-01	
1.695000e+01	339	4.424000e+02	8.413317e+02	7869	7.815162e+03	17	340	0	0	9999	8.665511e+03	1.695000e+01	339	9.467719e-01	9.028092e-01	1.695000e+01	339	4.539169e-01	4.997397e-01	
1.705000e+01	341	4.146000e+02	8.413317e+02	9231	7.815162e+03	1.710000e+01	342	0	0	8418	8.665511e+03	1.705000e+01	341	9.570167e-01	9.028092e-01	1.705000e+01	341	5.339799e-01	4.997397e-01	
1.715000e+01	343	1129	8.413317e+02	9115	7.815162e+03	1.720000e+01	344	0	0	6126	8.665511e+03	1.715000e+01	343	8.897891e-01	9.028092e-01	1.715000e+01	343	6.257789e-01	4.997397e-01	
1.725000e+01	345	1547	8.413317e+02	6364	7.815162e+03	1.730000e+01	346	0	0	9350	8.665511e+03	1.725000e+01	345	8.044495e-01	9.028092e-01	1.725000e+01	345	4.583164e-01	4.997397e-01	
1.735000e+01	347	1139	8.413317e+02	7848	7.815162e+03	1.740000e+01	348	0	0	10080	8.665511e+03	1.735000e+01	347	8.732614e-01	9.028092e-01	1.735000e+01	347	4.713379e-01	4.997397e-01	
1.745000e+01	349	1134	8.413317e+02	6192	7.815162e+03	1.750000e+01	350	0	0	9160	8.665511e+03	1.745000e+01	349	8.452088e-01	9.028092e-01	1.745000e+01	349	4.443770e-01	4.997397e-01	
1.755000e+01	351	4.146000e+02	8.413317e+02	8115	7.815162e+03	1.760000e+01	352	0	0	10300	8.665511e+03	1.755000e+01	351	9.513928e-01	9.028092e-01	1.755000e+01	351	4.529889e-01	4.997397e-01	
1.765000e+01	353	3.914000e+02	8.413317e+02	7163	7.815162e+03	1.770000e+01	354	0	0	8069	8.665511e+03	1.765000e+01	353	9.481891e-01	9.028092e-01	1.765000e+01	353	4.835311e-01	4.997397e-01	
1.775000e+01	355	4.734000e+02	8.413317e+02	9372	7.815162e+03	1.780000e+01	356	0	0	10100	8.665511e+03	1.775000e+01	355	9.519166e-01	9.028092e-01	1.775000e+01	355	4.936176e-01	4.997397e-01	
1.785000e+01	357	1380	8.413317e+02	7129	7.815162e+03	1.790000e+01	358	0	0	11410	8.665511e+03	1.785000e+01	357	8.378188e-01	9.028092e-01	1.785000e+01	357	4.271801e-01	4.997397e-01	
1.795000e+01	359	1041	8.413317e+02	5920	7.815162e+03	18	360	0	0	10260	8.665511e+03	1.795000e+01	359	8.504525e-01	9.028092e-01	1.795000e+01	359	4.042158e-01	4.997397e-01	
1.805000e+01	361	1239	8.413317e+02	7688	7.815162e+03	1.810000e+01	362	0	0	10720	8.665511e+03	1.805000e+01	361	8.612076e-01	9.028092e-01	1.805000e+01	361	4.543696e-01	4.997397e-01	
1.815000e+01	363	2178	8.413317e+02	8978	7.815162e+03	1.820000e+01	364	0	0	8438	8.665511e+03	1.815000e+01	363	8.047687e-01	9.028092e-01	1.815000e+01	363	5.693580e-01	4.997397e-01	
1.825000e+01	365	1218	8.413317e+02	8014	7.815162e+03	1.830000e+01	366	0	0	8790	8.665511e+03	1.825000e+01	365	8.680676e-01	9.028092e-01	1.825000e+01	365	5.122628e-01	4.997397e-01	
1.835000e+01	367	1097	8.413317e+02	7754	7.815162e+03	1.840000e+01	368	0	0	6355	8.665511e+03	1.835000e+01	367	8.760592e-01	9.028092e-01	1.835000e+01	367	5.820729e-01	4.997397e-01	
1.845000e+01	369	3543	5.942927e+03	6374	7.815162e+03	1.850000e+01	370	0	0	9427	8.665511e+03	1.845000e+01	369	6.427347e-01	9.028092e-01	1.845000e+01	369	5.126654e-01	6.135540e-01	
1.855000e+01	371	6453	5.942927e+03	-2.768000e+02	6.616454e+02	1.860000e+01	372	0	0	8785	8.665511e+03	1.855000e+01	371	-4.481720e-02	1.001799e-01	1.855000e+01	371	4.128145e-01	6.135540e-01	
1.865000e+01	373	8652	5.942927e+03	1157	6.616454e+02	1.870000e+01	374	0	0	7298	8.665511e+03	1.865000e+01	373	1.179529e-01	1.001799e-01	1.865000e+01	373	5.733910e-01	6.135540e-01	
1.875000e+01	375	8385	5.942927e+03	8.012000e+02	6.616454e+02	1.880000e+01	376	0	0	8141	8.665511e+03	1.875000e+01	375	8.721778e-02	1.001799e-01	1.875000e+01	375	5.301607e-01	6.135540e-01	
1.885000e+01	377	7030	5.942927e+03	-2.433000e+02	6.616454e+02	1.890000e+01	378	0	0	9692	8.665511e+03	1.885000e+01	377	-3.584953e-02	1.001799e-01	1.885000e+01	377	4.118468e-01	6.135540e-01	
1.895000e+01	379	6809	5.942927e+03	8.824000e+02	6.616454e+02	19	380	0	0	8485	8.665511e+03	1.895000e+01	379	1.147255e-01	1.001799e-01	1.895000e+01	379	4.754704e-01	6.135540e-01	
1.905000e+01	381	5245	5.942927e+03	5.414000e+02	6.616454e+02	1.910000e+01	382	0	0	8588	8.665511e+03	1.905000e+01	381	9.356422e-02	1.001799e-01	1.905000e+01	381	4.025490e-01	6.135540e-01	
1.915000e+01	383	5641	5.942927e+03	9.179000e+02	6.616454e+02	1.920000e+01	384	0	0	6911	8.665511e+03	1.915000e+01	383	1.399472e-01	1.001799e-01	1.915000e+01	383	4.869301e-01	6.135540e-01	
1.925000e+01	385	8675	5.942927e+03	1.543000e+02	6.616454e+02	1.930000e+01	386	0	0	9533	8.665511e+03	1.925000e+01	385	1.747590e-02	1.001799e-01	1.925000e+01	385	4.808385e-01	6.135540e-01	
1.935000e+01	387	7850	5.942927e+03	2027	6.616454e+02	1.940000e+01	388	0	0	9792	8.665511e+03	1.935000e+01	387	2.052243e-01	1.001799e-01	1.935000e+01	387	5.021608e-01	6.135540e-01	
1.945000e+01	389	7736	5.942927e+03	5.352000e+02	6.616454e+02	1.950000e+01	390	0	0	7994	8.665511e+03	1.945000e+01	389	6.470645e-02	1.001799e-01	1.945000e+01	389	5.085213e-01	6.135540e-01	
1.955000e+01	391	8425	5.942927e+03	1.824000e+02	6.616454e+02	1.960000e+01	392	0	0	8300	8.665511e+03	1.955000e+01	391	2.119107e-02	1.001799e-01	1.955000e+01	391	5.090907e-01	6.135540e-01	
1.965000e+01	393	8600	5.942927e+03	8.186000e+01	6.616454e+02	1.970000e+01	394	0	0	8629	8.665511e+03	1.965000e+01	393	9.428855e-03	1.001799e-01	1.965000e+01	393	5.015268e-01	6.135540e-01	
1.975000e+01	395	9207	5.942927e+03	244	6.616454e+02	1.980000e+01	396	0	0	8929	8.665511e+03	1.975000e+01	395	2.581737e-02	1.001799e-01	1.975000e+01	395	5.142002e-01	6.135540e-01	
1.985000e+01	397	8393	5.942927e+03	7.358000e+02	6.616454e+02	1.990000e+01	398	0	0	8423	8.665511e+03	1.985000e+01	397	8.060205e-02	1.001799e-01	1.985000e+01	397	5.201062e-01	6.135540e-01	
1.995000e+01	399	8479	5.942927e+03	1002	6.616454e+02	20	400	0	0	6588	8.665511e+03	1.995000e+01	399	1.056851e-01	1.001799e-01	1.995000e+01	399	5.900180e-01	6.135540e-01	
2.005000e+01	401	6492	5.942927e+03	1020	6.616454e+02	2.010000e+01	402	0	0	9063	8.665511e+03	2.005000e+01	401	1.357827e-01	1.001799e-01	2.005000e+01	401	4.532127e-01	6.135540e-01	
2.015000e+01	403	4772	5.942927e+03	3987	4.599103e+03	2.020000e+01	404	0	0	8098	8.665511e+03	2.015000e+01	403	4.551889e-01	1.001799e-01	2.015000e+01	403	5.196061e-01	5.488485e-01	
2.025000e+01	405	3580	5.942927e+03	5126	4.599103e+03	2.030000e+01	406	0	0	8628	8.665511e+03	2.025000e+01	405	5.887893e-01	1.001799e-01	2.025000e+01	405	5.022499e-01	5.488485e-01	
2.035000e+01	407	5140	5.942927e+03	5069	4.599103e+03	2.040000e+01	408	0	0	10020	8.665511e+03	2.035000e+01	407	4.965227e-01	1.001799e-01	2.035000e+01	407	5.046715e-01	5.488485e-01	
2.045000e+01	409	2687	5.942927e+03	5125	4.599103e+03	2.050000e+01	410	0	0	9743	8.665511e+03	2.045000e+01	409	6.560420e-01	1.001799e-01	2.045000e+01	409	4.450014e-01	5.488485e-01	
2.055000e+01	411	5379	5.942927e+03	3816	4.599103e+03	2.060000e+01	412	0	0	7186	8.665511e+03	2.055000e+01	411	4.150082e-01	1.001799e-01	2.055000e+01	411	5.613210e-01	5.488485e-01	
2.065000e+01	413	4888	5.942927e+03	3600	4.599103e+03	2.070000e+01	414	0	0	7526	8.665511e+03	2.065000e+01	413	4.241282e-01	1.001799e-01	2.065000e+01	413	5.300362e-01	5.488485e-01	
2.075000e+01	415	4492	5.942927e+03	4246	4.599103e+03	2.080000e+01	416	0	0	8068	8.665511e+03	2.075000e+01	415	4.859236e-01	1.001799e-01	2.075000e+01	415	5.199334e-01	5.488485e-01	
2.085000e+01	417	2540	5.942927e+03	4816	4.599103e+03	2.090000e+01	418	0	0	9515	8.665511e+03	2.085000e+01	417	6.547036e-01	1.001799e-01	2.085000e+01	417	4.360145e-01	5.488485e-01	
2.095000e+01	419	5006	5.942927e+03	4590	4.599103e+03	21	420	0	0	7691	8.665511e+03	2.095000e+01	419	4.783243e-01	1.001799e-01	2.095000e+01	419	5.550992e-01	5.488485e-01	
2.105000e+01	421	4967	5.942927e+03	3995	4.599103e+03	2.110000e+01	422	0	0	7075	8.665511e+03	2.105000e+01	421	4.457710e-01	1.001799e-01	2.105000e+01	421	5.588327e-01	5.488485e-01	
2.115000e+01	423	4915	5.942927e+03	5281	4.599103e+03	2.120000e+01	424	0	0	9620	8.665511e+03	2.115000e+01	423	5.179482e-01	1.001799e-01	2.115000e+01	423	5.145337e-01	5.488485e-01	
2.125000e+01	425	3822	5.942927e+03	4459	4.599103e+03	2.130000e+01	426	0	0	5877	8.665511e+03	2.125000e+01	425	5.384615e-01	1.001799e-01	2.125000e+01	425	5.848990e-01	5.488485e-01	
2.135000e+01	427	5624	5.942927e+03	5267	4.599103e+03	2.140000e+01	428	0	0	10350	8.665511e+03	2.135000e+01	427	4.836103e-01	1.001799e-01	2.135000e+01	427	5.127348e-01	5.488485e-01	
2.145000e+01	429	3365	5.942927e+03	4788	4.599103e+03	2.150000e+01	430	0	0	7567	8.665511e+03	2.145000e+01	429	5.872685e-01	1.001799e-01	2.145000e+01	429	5.186387e-01	5.488485e-01	
2.155000e+01	431	4254	5.942927e+03	3496	4.599103e+03	2.160000e+01	432	0	0	6029	8.665511e+03	2.155000e+01	431	4.510968e-01	1.001799e-01	2.155000e+01	431	5.624501e-01	5.488485e-01	
2.165000e+01	433	4492	5.942927e+03	5116	4.599103e+03	2.170000e+01	434	0	0	10060	8.665511e+03	2.165000e+01	433	5.324729e-01	1.001799e-01	2.165000e+01	433	4.885093e-01	5.488485e-01	
2.175000e+01	435	3455	5.942927e+03	5015	4.599103e+03	2.180000e+01	436	0	0	8268	8.665511e+03	2.175000e+01	435	5.920897e-01	1.001799e-01	2.175000e+01	435	5.060342e-01	5.488485e-01	
2.185000e+01	437	4719	5.942927e+03	4625	4.599103e+03	2.190000e+01	438	0	0	5902	8.665511e+03	2.185000e+01	437	4.949700e-01	1.001799e-01	2.185000e+01	437	6.128821e-01	5.488485e-01	
2.195000e+01	439	4192	5.942927e+03	4792	4.599103e+03	22	440	0	0	6770	8.665511e+03	2.195000e+01	439	5.333927e-01	1.001799e-01	2.195000e+01	439	5.702679e-01	5.488485e-01	
2.205000e+01	441	3637	5.942927e+03	5482	4.599103e+03	2.210000e+01	442	0	0	7957	8.665511e+03	2.205000e+01	441	6.011624e-01	0	2.205000e+01	441	5.340244e-01	0	
