time at 532nm	frame at 532nm	I_1 at 532nm(counts)	discr.I_1 at 532nm(counts)	I_2 at 532nm(counts)	discr.I_2 at 532nm(counts)	time at 638nm	frame at 638nm	I_1 at 638nm(counts)	discr.I_1 at 638nm(counts)	I_2 at 638nm(counts)	discr.I_2 at 638nm(counts)	time at 532nm	frame at 532nm	FRET_1>2	discr.FRET_1>2	time at 532nm	frame at 532nm	S_1>2	discr.S_1>2	
5.000000e-02	1	1468	8.734842e+02	8486	7.415389e+03	1.000000e-01	2	0	0	8267	7.882760e+03	5.000000e-02	1	8.525216e-01	8.946197e-01	5.000000e-02	1	5.462927e-01	5.125564e-01	
1.500000e-01	3	4.222000e+02	8.734842e+02	6029	7.415389e+03	2.000000e-01	4	0	0	7317	7.882760e+03	1.500000e-01	3	9.345548e-01	8.946197e-01	1.500000e-01	3	4.685580e-01	5.125564e-01	
2.500000e-01	5	1428	8.734842e+02	7368	7.415389e+03	3.000000e-01	6	0	0	8376	7.882760e+03	2.500000e-01	5	8.376535e-01	8.946197e-01	2.500000e-01	5	5.122292e-01	5.125564e-01	
3.500000e-01	7	2.217000e+02	8.734842e+02	7699	7.415389e+03	4.000000e-01	8	0	0	7275	7.882760e+03	3.500000e-01	7	9.720100e-01	8.946197e-01	3.500000e-01	7	5.212461e-01	5.125564e-01	
4.500000e-01	9	1887	8.734842e+02	7702	7.415389e+03	5.000000e-01	10	0	0	6500	7.882760e+03	4.500000e-01	9	8.032120e-01	8.946197e-01	4.500000e-01	9	5.959973e-01	5.125564e-01	
5.500000e-01	11	5.645000e+02	8.734842e+02	7288	7.415389e+03	6.000000e-01	12	0	0	9591	7.882760e+03	5.500000e-01	11	9.281121e-01	8.946197e-01	5.500000e-01	11	4.501677e-01	5.125564e-01	
6.500000e-01	13	5.806000e+02	8.734842e+02	7152	7.415389e+03	7.000000e-01	14	0	0	8501	7.882760e+03	6.500000e-01	13	9.249153e-01	8.946197e-01	6.500000e-01	13	4.763330e-01	5.125564e-01	
7.500000e-01	15	7.189000e+02	8.734842e+02	6962	7.415389e+03	8.000000e-01	16	0	0	9423	7.882760e+03	7.500000e-01	15	9.064042e-01	8.946197e-01	7.500000e-01	15	4.490730e-01	5.125564e-01	
8.500000e-01	17	7.501000e+02	8.734842e+02	7822	7.415389e+03	9.000000e-01	18	0	0	6235	7.882760e+03	8.500000e-01	17	9.124952e-01	8.946197e-01	8.500000e-01	17	5.789182e-01	5.125564e-01	
9.500000e-01	19	941	8.734842e+02	7003	7.415389e+03	1	20	0	0	8207	7.882760e+03	9.500000e-01	19	8.815458e-01	8.946197e-01	9.500000e-01	19	4.918581e-01	5.125564e-01	
1.050000e+00	21	1470	8.734842e+02	8026	7.415389e+03	1.100000e+00	22	0	0	6342	7.882760e+03	1.050000e+00	21	8.451980e-01	8.946197e-01	1.050000e+00	21	5.995707e-01	5.125564e-01	
1.150000e+00	23	3.351000e+01	8.734842e+02	6263	7.415389e+03	1.200000e+00	24	0	0	7709	7.882760e+03	1.150000e+00	23	9.946780e-01	8.946197e-01	1.150000e+00	23	4.495738e-01	5.125564e-01	
1.250000e+00	25	2.344000e+02	8.734842e+02	8336	7.415389e+03	1.300000e+00	26	0	0	8290	7.882760e+03	1.250000e+00	25	9.726501e-01	8.946197e-01	1.250000e+00	25	5.083153e-01	5.125564e-01	
1.350000e+00	27	4.235000e+02	8.734842e+02	6635	7.415389e+03	1.400000e+00	28	0	0	7871	7.882760e+03	1.350000e+00	27	9.400014e-01	8.946197e-01	1.350000e+00	27	4.727888e-01	5.125564e-01	
1.450000e+00	29	1530	8.734842e+02	6950	7.415389e+03	1.500000e+00	30	0	0	6763	7.882760e+03	1.450000e+00	29	8.195755e-01	8.946197e-01	1.450000e+00	29	5.563209e-01	5.125564e-01	
1.550000e+00	31	2.728000e+02	8.734842e+02	7580	7.415389e+03	1.600000e+00	32	0	0	8553	7.882760e+03	1.550000e+00	31	9.652608e-01	8.946197e-01	1.550000e+00	31	4.786600e-01	5.125564e-01	
1.650000e+00	33	1267	8.734842e+02	8754	7.415389e+03	1.700000e+00	34	0	0	8370	7.882760e+03	1.650000e+00	33	8.735655e-01	8.946197e-01	1.650000e+00	33	5.448861e-01	5.125564e-01	
1.750000e+00	35	-4.692000e+02	8.734842e+02	7057	7.415389e+03	1.800000e+00	36	0	0	10230	7.882760e+03	1.750000e+00	35	1.071223e+00	8.946197e-01	1.750000e+00	35	3.917159e-01	5.125564e-01	
1.850000e+00	37	1368	8.734842e+02	6178	7.415389e+03	1.900000e+00	38	0	0	8964	7.882760e+03	1.850000e+00	37	8.187119e-01	8.946197e-01	1.850000e+00	37	4.570563e-01	5.125564e-01	
1.950000e+00	39	1459	8.734842e+02	6144	7.415389e+03	2	40	0	0	7461	7.882760e+03	1.950000e+00	39	8.081021e-01	8.946197e-01	1.950000e+00	39	5.047132e-01	5.125564e-01	
2.050000e+00	41	-1.272000e+02	8.734842e+02	7144	7.415389e+03	2.100000e+00	42	0	0	6054	7.882760e+03	2.050000e+00	41	1.018128e+00	8.946197e-01	2.050000e+00	41	5.368302e-01	5.125564e-01	
2.150000e+00	43	1046	8.734842e+02	6868	7.415389e+03	2.200000e+00	44	0	0	10530	7.882760e+03	2.150000e+00	43	8.678292e-01	8.946197e-01	2.150000e+00	43	4.290826e-01	5.125564e-01	
2.250000e+00	45	7.961000e+02	8.734842e+02	8695	7.415389e+03	2.300000e+00	46	0	0	6369	7.882760e+03	2.250000e+00	45	9.161214e-01	8.946197e-01	2.250000e+00	45	5.984262e-01	5.125564e-01	
2.350000e+00	47	7.039000e+02	8.734842e+02	7382	7.415389e+03	2.400000e+00	48	0	0	8558	7.882760e+03	2.350000e+00	47	9.129472e-01	8.946197e-01	2.350000e+00	47	4.858176e-01	5.125564e-01	
2.450000e+00	49	8.056000e+02	8.734842e+02	6283	7.415389e+03	2.500000e+00	50	0	0	9005	7.882760e+03	2.450000e+00	49	8.863527e-01	8.946197e-01	2.450000e+00	49	4.404608e-01	5.125564e-01	
2.550000e+00	51	9.784000e+02	8.734842e+02	9319	7.415389e+03	2.600000e+00	52	0	0	7141	7.882760e+03	2.550000e+00	51	9.049857e-01	8.946197e-01	2.550000e+00	51	5.905014e-01	5.125564e-01	
2.650000e+00	53	1582	8.734842e+02	7312	7.415389e+03	2.700000e+00	54	0	0	8230	7.882760e+03	2.650000e+00	53	8.221273e-01	8.946197e-01	2.650000e+00	53	5.193880e-01	5.125564e-01	
2.750000e+00	55	1109	8.734842e+02	7997	7.415389e+03	2.800000e+00	56	0	0	7094	7.882760e+03	2.750000e+00	55	8.782122e-01	8.946197e-01	2.750000e+00	55	5.620988e-01	5.125564e-01	
2.850000e+00	57	-5.413000e+02	8.734842e+02	8692	7.415389e+03	2.900000e+00	58	0	0	7051	7.882760e+03	2.850000e+00	57	1.066411e+00	8.946197e-01	2.850000e+00	57	5.361703e-01	5.125564e-01	
2.950000e+00	59	1.395000e+02	8.734842e+02	7123	7.415389e+03	3	60	0	0	6915	7.882760e+03	2.950000e+00	59	9.807917e-01	8.946197e-01	2.950000e+00	59	5.122553e-01	5.125564e-01	
3.050000e+00	61	1197	8.734842e+02	9337	7.415389e+03	3.100000e+00	62	0	0	9246	7.882760e+03	3.050000e+00	61	8.863680e-01	8.946197e-01	3.050000e+00	61	5.325581e-01	5.125564e-01	
3.150000e+00	63	9.525000e+02	8.734842e+02	6488	7.415389e+03	3.200000e+00	64	0	0	7929	7.882760e+03	3.150000e+00	63	8.719844e-01	8.946197e-01	3.150000e+00	63	4.841081e-01	5.125564e-01	
3.250000e+00	65	2.962000e+02	8.734842e+02	7084	7.415389e+03	3.300000e+00	66	0	0	9619	7.882760e+03	3.250000e+00	65	9.598656e-01	8.946197e-01	3.250000e+00	65	4.341498e-01	5.125564e-01	
3.350000e+00	67	-1.263000e+02	8.734842e+02	8724	7.415389e+03	3.400000e+00	68	0	0	8699	7.882760e+03	3.350000e+00	67	1.014690e+00	8.946197e-01	3.350000e+00	67	4.970717e-01	5.125564e-01	
3.450000e+00	69	8.121000e+02	8.734842e+02	6503	7.415389e+03	3.500000e+00	70	0	0	9558	7.882760e+03	3.450000e+00	69	8.889831e-01	8.946197e-01	3.450000e+00	69	4.335362e-01	5.125564e-01	
3.550000e+00	71	8.442000e+02	8.734842e+02	7573	7.415389e+03	3.600000e+00	72	0	0	7511	7.882760e+03	3.550000e+00	71	8.997054e-01	8.946197e-01	3.550000e+00	71	5.284464e-01	5.125564e-01	
3.650000e+00	73	1522	8.734842e+02	6407	7.415389e+03	3.700000e+00	74	0	0	7884	7.882760e+03	3.650000e+00	73	8.080464e-01	8.946197e-01	3.650000e+00	73	5.014229e-01	5.125564e-01	
3.750000e+00	75	1567	8.734842e+02	8428	7.415389e+03	3.800000e+00	76	0	0	7796	7.882760e+03	3.750000e+00	75	8.432216e-01	8.946197e-01	3.750000e+00	75	5.618009e-01	5.125564e-01	
3.850000e+00	77	5.502000e+01	8.734842e+02	5662	7.415389e+03	3.900000e+00	78	0	0	8184	7.882760e+03	3.850000e+00	77	9.903761e-01	8.946197e-01	3.850000e+00	77	4.112662e-01	5.125564e-01	
3.950000e+00	79	1615	8.734842e+02	5854	7.415389e+03	4	80	0	0	8198	7.882760e+03	3.950000e+00	79	7.837729e-01	8.946197e-01	3.950000e+00	79	4.767345e-01	5.125564e-01	
4.050000e+00	81	1504	8.734842e+02	7248	7.415389e+03	4.100000e+00	82	0	0	7474	7.882760e+03	4.050000e+00	81	8.281536e-01	8.946197e-01	4.050000e+00	81	5.393812e-01	5.125564e-01	
4.150000e+00	83	7.652000e+02	8.734842e+02	7257	7.415389e+03	4.200000e+00	84	0	0	7931	7.882760e+03	4.150000e+00	83	9.046147e-01	8.946197e-01	4.150000e+00	83	5.028584e-01	5.125564e-01	
4.250000e+00	85	-4.473000e+02	8.734842e+02	7944	7.415389e+03	4.300000e+00	86	0	0	8276	7.882760e+03	4.250000e+00	85	1.059666e+00	8.946197e-01	4.250000e+00	85	4.752959e-01	5.125564e-01	
4.350000e+00	87	1.738000e+02	8.734842e+02	6787	7.415389e+03	4.400000e+00	88	0	0	8826	7.882760e+03	4.350000e+00	87	9.750316e-01	8.946197e-01	4.350000e+00	87	4.409253e-01	5.125564e-01	
4.450000e+00	89	1441	8.734842e+02	7789	7.415389e+03	4.500000e+00	90	0	0	7810	7.882760e+03	4.450000e+00	89	8.438787e-01	8.946197e-01	4.450000e+00	89	5.416667e-01	5.125564e-01	
4.550000e+00	91	4.559000e+02	8.734842e+02	9838	7.415389e+03	4.600000e+00	92	0	0	6987	7.882760e+03	4.550000e+00	91	9.557116e-01	8.946197e-01	4.550000e+00	91	5.956808e-01	5.125564e-01	
4.650000e+00	93	8.725000e+02	8.734842e+02	5378	7.415389e+03	4.700000e+00	94	0	0	8787	7.882760e+03	4.650000e+00	93	8.604112e-01	8.946197e-01	4.650000e+00	93	4.156608e-01	5.125564e-01	
4.750000e+00	95	8.885000e+02	8.734842e+02	6716	7.415389e+03	4.800000e+00	96	0	0	8124	7.882760e+03	4.750000e+00	95	8.831613e-01	8.946197e-01	4.750000e+00	95	4.834854e-01	5.125564e-01	
4.850000e+00	97	8.819000e+02	8.734842e+02	7515	7.415389e+03	4.900000e+00	98	0	0	8995	7.882760e+03	4.850000e+00	97	8.949731e-01	8.946197e-01	4.850000e+00	97	4.828052e-01	5.125564e-01	
4.950000e+00	99	1516	8.734842e+02	7755	7.415389e+03	5	100	0	0	8885	7.882760e+03	4.950000e+00	99	8.364793e-01	8.946197e-01	4.950000e+00	99	5.106301e-01	5.125564e-01	
5.050000e+00	101	-7.629000e+02	8.734842e+02	8524	7.415389e+03	5.100000e+00	102	0	0	7592	7.882760e+03	5.050000e+00	101	1.098298e+00	8.946197e-01	5.050000e+00	101	5.055070e-01	5.125564e-01	
5.150000e+00	103	8.052000e+02	8.734842e+02	8268	7.415389e+03	5.200000e+00	104	0	0	8562	7.882760e+03	5.150000e+00	103	9.112551e-01	8.946197e-01	5.150000e+00	103	5.144937e-01	5.125564e-01	
5.250000e+00	105	-6.689000e+02	8.734842e+02	6727	7.415389e+03	5.300000e+00	106	0	0	8084	7.882760e+03	5.250000e+00	105	1.110414e+00	8.946197e-01	5.250000e+00	105	4.283734e-01	5.125564e-01	
5.350000e+00	107	2.179000e+02	8.734842e+02	6333	7.415389e+03	5.400000e+00	108	0	0	7122	7.882760e+03	5.350000e+00	107	9.667374e-01	8.946197e-01	5.350000e+00	107	4.791156e-01	5.125564e-01	
5.450000e+00	109	-3.516000e+02	8.734842e+02	7452	7.415389e+03	5.500000e+00	110	0	0	6204	7.882760e+03	5.450000e+00	109	1.049518e+00	8.946197e-01	5.450000e+00	109	5.336881e-01	5.125564e-01	
5.550000e+00	111	1767	8.734842e+02	5256	7.415389e+03	5.600000e+00	112	0	0	6857	7.882760e+03	5.550000e+00	111	7.483981e-01	8.946197e-01	5.550000e+00	111	5.059798e-01	5.125564e-01	
5.650000e+00	113	1886	8.734842e+02	5668	7.415389e+03	5.700000e+00	114	0	0	7786	7.882760e+03	5.650000e+00	113	7.503310e-01	8.946197e-01	5.650000e+00	113	4.924381e-01	5.125564e-01	
5.750000e+00	115	1095	8.734842e+02	7261	7.415389e+03	5.800000e+00	116	0	0	6794	7.882760e+03	5.750000e+00	115	8.689564e-01	8.946197e-01	5.750000e+00	115	5.515512e-01	5.125564e-01	
5.850000e+00	117	6.966000e+02	8.734842e+02	8012	7.415389e+03	5.900000e+00	118	0	0	7012	7.882760e+03	5.850000e+00	117	9.200101e-01	8.946197e-01	5.850000e+00	117	5.539610e-01	5.125564e-01	
5.950000e+00	119	6.503000e+02	8.734842e+02	5744	7.415389e+03	6	120	0	0	8493	7.882760e+03	5.950000e+00	119	8.983000e-01	8.946197e-01	5.950000e+00	119	4.295137e-01	5.125564e-01	
6.050000e+00	121	1591	8.734842e+02	8303	7.415389e+03	6.100000e+00	122	0	0	9542	7.882760e+03	6.050000e+00	121	8.391955e-01	8.946197e-01	6.050000e+00	121	5.090554e-01	5.125564e-01	
6.150000e+00	123	4.066000e+02	8.734842e+02	7462	7.415389e+03	6.200000e+00	124	0	0	7733	7.882760e+03	6.150000e+00	123	9.483263e-01	8.946197e-01	6.150000e+00	123	5.043457e-01	5.125564e-01	
6.250000e+00	125	5.116000e+02	8.734842e+02	7780	7.415389e+03	6.300000e+00	126	0	0	9532	7.882760e+03	6.250000e+00	125	9.382990e-01	8.946197e-01	6.250000e+00	125	4.652034e-01	5.125564e-01	
6.350000e+00	127	2014	8.734842e+02	6395	7.415389e+03	6.400000e+00	128	0	0	8815	7.882760e+03	6.350000e+00	127	7.604947e-01	8.946197e-01	6.350000e+00	127	4.882141e-01	5.125564e-01	
6.450000e+00	129	1.752000e+02	8.734842e+02	8137	7.415389e+03	6.500000e+00	130	0	0	7192	7.882760e+03	6.450000e+00	129	9.789225e-01	8.946197e-01	6.450000e+00	129	5.361257e-01	5.125564e-01	
6.550000e+00	131	8.565000e+02	8.734842e+02	9610	7.415389e+03	6.600000e+00	132	0	0	9590	7.882760e+03	6.550000e+00	131	9.181675e-01	8.946197e-01	6.550000e+00	131	5.218508e-01	5.125564e-01	
6.650000e+00	133	8.885000e+02	8.734842e+02	6381	7.415389e+03	6.700000e+00	134	0	0	8939	7.882760e+03	6.650000e+00	133	8.777770e-01	8.946197e-01	6.650000e+00	133	4.484992e-01	5.125564e-01	
6.750000e+00	135	1678	8.734842e+02	8490	7.415389e+03	6.800000e+00	136	0	0	8756	7.882760e+03	6.750000e+00	135	8.349725e-01	8.946197e-01	6.750000e+00	135	5.373071e-01	5.125564e-01	
6.850000e+00	137	1.954000e+02	8.734842e+02	7091	7.415389e+03	6.900000e+00	138	0	0	8209	7.882760e+03	6.850000e+00	137	9.731829e-01	8.946197e-01	6.850000e+00	137	4.702299e-01	5.125564e-01	
6.950000e+00	139	7.575000e+02	8.734842e+02	8665	7.415389e+03	7	140	0	0	6736	7.882760e+03	6.950000e+00	139	9.196073e-01	8.946197e-01	6.950000e+00	139	5.831296e-01	5.125564e-01	
7.050000e+00	141	1628	8.734842e+02	8055	7.415389e+03	7.100000e+00	142	0	0	7403	7.882760e+03	7.050000e+00	141	8.318703e-01	8.946197e-01	7.050000e+00	141	5.667213e-01	5.125564e-01	
7.150000e+00	143	1146	8.734842e+02	7638	7.415389e+03	7.200000e+00	144	0	0	8505	7.882760e+03	7.150000e+00	143	8.695355e-01	8.946197e-01	7.150000e+00	143	5.080687e-01	5.125564e-01	
7.250000e+00	145	1615	8.734842e+02	7634	7.415389e+03	7.300000e+00	146	0	0	6752	7.882760e+03	7.250000e+00	145	8.253865e-01	8.946197e-01	7.250000e+00	145	5.780264e-01	5.125564e-01	
7.350000e+00	147	1735	8.734842e+02	8406	7.415389e+03	7.400000e+00	148	0	0	7769	7.882760e+03	7.350000e+00	147	8.289123e-01	8.946197e-01	7.350000e+00	147	5.662200e-01	5.125564e-01	
7.450000e+00	149	1159	8.734842e+02	7355	7.415389e+03	7.500000e+00	150	0	0	7367	7.882760e+03	7.450000e+00	149	8.638713e-01	8.946197e-01	7.450000e+00	149	5.361123e-01	5.125564e-01	
7.550000e+00	151	1506	8.734842e+02	7895	7.415389e+03	7.600000e+00	152	0	0	10570	7.882760e+03	7.550000e+00	151	8.398043e-01	8.946197e-01	7.550000e+00	151	4.707326e-01	5.125564e-01	
7.650000e+00	153	942	8.734842e+02	8401	7.415389e+03	7.700000e+00	154	0	0	8759	7.882760e+03	7.650000e+00	153	8.991759e-01	8.946197e-01	7.650000e+00	153	5.161308e-01	5.125564e-01	
7.750000e+00	155	5.999000e+02	8.734842e+02	7951	7.415389e+03	7.800000e+00	156	0	0	7181	7.882760e+03	7.750000e+00	155	9.298436e-01	8.946197e-01	7.750000e+00	155	5.435389e-01	5.125564e-01	
7.850000e+00	157	4.066000e+02	8.734842e+02	5668	7.415389e+03	7.900000e+00	158	0	0	8062	7.882760e+03	7.850000e+00	157	9.330656e-01	8.946197e-01	7.850000e+00	157	4.297073e-01	5.125564e-01	
7.950000e+00	159	1109	8.734842e+02	6254	7.415389e+03	8	160	0	0	8467	7.882760e+03	7.950000e+00	159	8.493820e-01	8.946197e-01	7.950000e+00	159	4.651295e-01	5.125564e-01	
8.050000e+00	161	6.558000e+02	8.734842e+02	7515	7.415389e+03	8.100000e+00	162	0	0	9818	7.882760e+03	8.050000e+00	161	9.197386e-01	8.946197e-01	8.050000e+00	161	4.542160e-01	5.125564e-01	
8.150000e+00	163	6.095000e+02	8.734842e+02	7210	7.415389e+03	8.200000e+00	164	0	0	8649	7.882760e+03	8.150000e+00	163	9.220538e-01	8.946197e-01	8.150000e+00	163	4.748156e-01	5.125564e-01	
8.250000e+00	165	1024	8.734842e+02	7008	7.415389e+03	8.300000e+00	166	0	0	5995	7.882760e+03	8.250000e+00	165	8.725100e-01	8.946197e-01	8.250000e+00	165	5.726100e-01	5.125564e-01	
8.350000e+00	167	8.224000e+02	8.734842e+02	7386	7.415389e+03	8.400000e+00	168	0	0	7765	7.882760e+03	8.350000e+00	167	8.998100e-01	8.946197e-01	8.350000e+00	167	5.138793e-01	5.125564e-01	
8.450000e+00	169	-3.745000e+02	8.734842e+02	7701	7.415389e+03	8.500000e+00	170	0	0	7348	7.882760e+03	8.450000e+00	169	1.051116e+00	8.946197e-01	8.450000e+00	169	4.992674e-01	5.125564e-01	
8.550000e+00	171	5.331000e+02	8.734842e+02	7710	7.415389e+03	8.600000e+00	172	0	0	7458	7.882760e+03	8.550000e+00	171	9.353277e-01	8.946197e-01	8.550000e+00	171	5.250014e-01	5.125564e-01	
8.650000e+00	173	1252	8.734842e+02	8139	7.415389e+03	8.700000e+00	174	0	0	8246	7.882760e+03	8.650000e+00	173	8.666809e-01	8.946197e-01	8.650000e+00	173	5.324602e-01	5.125564e-01	
8.750000e+00	175	1331	8.734842e+02	7348	7.415389e+03	8.800000e+00	176	0	0	8581	7.882760e+03	8.750000e+00	175	8.466413e-01	8.946197e-01	8.750000e+00	175	5.028389e-01	5.125564e-01	
8.850000e+00	177	6.254000e+02	8.734842e+02	5470	7.415389e+03	8.900000e+00	178	0	0	6291	7.882760e+03	8.850000e+00	177	8.973980e-01	8.946197e-01	8.850000e+00	177	4.921042e-01	5.125564e-01	
8.950000e+00	179	-1.976000e+02	8.734842e+02	8057	7.415389e+03	9	180	0	0	7620	7.882760e+03	8.950000e+00	179	1.025142e+00	8.946197e-01	8.950000e+00	179	5.077329e-01	5.125564e-01	
9.050000e+00	181	1388	8.734842e+02	8108	7.415389e+03	9.100000e+00	182	0	0	7735	7.882760e+03	9.050000e+00	181	8.538332e-01	8.946197e-01	9.050000e+00	181	5.510998e-01	5.125564e-01	
9.150000e+00	183	1100	8.734842e+02	7995	7.415389e+03	9.200000e+00	184	0	0	8076	7.882760e+03	9.150000e+00	183	8.790544e-01	8.946197e-01	9.150000e+00	183	5.296721e-01	5.125564e-01	
9.250000e+00	185	1049	8.734842e+02	7450	7.415389e+03	9.300000e+00	186	0	0	7586	7.882760e+03	9.250000e+00	185	8.765737e-01	8.946197e-01	9.250000e+00	185	5.283805e-01	5.125564e-01	
9.350000e+00	187	1322	8.734842e+02	5971	7.415389e+03	9.400000e+00	188	0	0	7447	7.882760e+03	9.350000e+00	187	8.187303e-01	8.946197e-01	9.350000e+00	187	4.947761e-01	5.125564e-01	
9.450000e+00	189	9.974000e+02	8.734842e+02	8920	7.415389e+03	9.500000e+00	190	0	0	8818	7.882760e+03	9.450000e+00	189	8.994293e-01	8.946197e-01	9.450000e+00	189	5.293402e-01	5.125564e-01	
9.550000e+00	191	-6.219000e+02	8.734842e+02	8099	7.415389e+03	9.600000e+00	192	0	0	7871	7.882760e+03	9.550000e+00	191	1.083174e+00	8.946197e-01	9.550000e+00	191	4.871678e-01	5.125564e-01	
9.650000e+00	193	7.131000e+02	8.734842e+02	7328	7.415389e+03	9.700000e+00	194	0	0	8918	7.882760e+03	9.650000e+00	193	9.113181e-01	8.946197e-01	9.650000e+00	193	4.741466e-01	5.125564e-01	
9.750000e+00	195	1565	8.734842e+02	7233	7.415389e+03	9.800000e+00	196	0	0	8075	7.882760e+03	9.750000e+00	195	8.221187e-01	8.946197e-01	9.750000e+00	195	5.214248e-01	5.125564e-01	
9.850000e+00	197	5.098000e+02	8.734842e+02	7592	7.415389e+03	9.900000e+00	198	0	0	7292	7.882760e+03	9.850000e+00	197	9.370757e-01	8.946197e-01	9.850000e+00	197	5.263028e-01	5.125564e-01	
9.950000e+00	199	2.352000e+02	8.734842e+02	6413	7.415389e+03	10	200	0	0	6578	7.882760e+03	9.950000e+00	199	9.646220e-01	8.946197e-01	9.950000e+00	199	5.026538e-01	5.125564e-01	
1.005000e+01	201	976	8.734842e+02	6742	7.415389e+03	1.010000e+01	202	0	0	8217	7.882760e+03	1.005000e+01	201	8.735424e-01	8.946197e-01	1.005000e+01	201	4.843426e-01	5.125564e-01	
1.015000e+01	203	8.227000e+02	8.734842e+02	6178	7.415389e+03	1.020000e+01	204	0	0	9418	7.882760e+03	1.015000e+01	203	8.824832e-01	8.946197e-01	1.015000e+01	203	4.263858e-01	5.125564e-01	
1.025000e+01	205	7.012000e+01	8.734842e+02	7680	7.415389e+03	1.030000e+01	206	0	0	6863	7.882760e+03	1.025000e+01	205	9.909524e-01	8.946197e-01	1.025000e+01	205	5.303535e-01	5.125564e-01	
1.035000e+01	207	1.687000e+02	8.734842e+02	6468	7.415389e+03	1.040000e+01	208	0	0	7529	7.882760e+03	1.035000e+01	207	9.745807e-01	8.946197e-01	1.035000e+01	207	4.685049e-01	5.125564e-01	
1.045000e+01	209	2.967000e+02	8.734842e+02	7304	7.415389e+03	1.050000e+01	210	0	0	8054	7.882760e+03	1.045000e+01	209	9.609641e-01	8.946197e-01	1.045000e+01	209	4.855219e-01	5.125564e-01	
1.055000e+01	211	3.139000e+02	8.734842e+02	5597	4.748700e+03	1.060000e+01	212	0	0	8886	7.882760e+03	1.055000e+01	211	9.468947e-01	8.946197e-01	1.055000e+01	211	3.994688e-01	4.163056e-01	
1.065000e+01	213	4.776000e+02	8.734842e+02	5620	4.748700e+03	1.070000e+01	214	0	0	7848	7.882760e+03	1.065000e+01	213	9.216741e-01	8.946197e-01	1.065000e+01	213	4.372419e-01	4.163056e-01	
1.075000e+01	215	1794	8.734842e+02	5344	4.748700e+03	1.080000e+01	216	0	0	7060	7.882760e+03	1.075000e+01	215	7.486691e-01	8.946197e-01	1.075000e+01	215	5.027469e-01	4.163056e-01	
1.085000e+01	217	5986	7.125072e+03	1595	1.439826e+03	1.090000e+01	218	0	0	6110	7.882760e+03	1.085000e+01	217	2.103944e-01	1.681077e-01	1.085000e+01	217	5.537214e-01	5.207366e-01	
1.095000e+01	219	6769	7.125072e+03	1599	1.439826e+03	11	220	0	0	8587	7.882760e+03	1.095000e+01	219	1.910851e-01	1.681077e-01	1.095000e+01	219	4.935417e-01	5.207366e-01	
1.105000e+01	221	6360	7.125072e+03	1799	1.439826e+03	1.110000e+01	222	0	0	7292	7.882760e+03	1.105000e+01	221	2.204927e-01	1.681077e-01	1.105000e+01	221	5.280564e-01	5.207366e-01	
1.115000e+01	223	4771	7.125072e+03	3399	1.439826e+03	1.120000e+01	224	0	0	8127	7.882760e+03	1.115000e+01	223	4.160343e-01	1.681077e-01	1.115000e+01	223	5.013193e-01	5.207366e-01	
1.125000e+01	225	6270	7.125072e+03	1711	1.439826e+03	1.130000e+01	226	0	0	7450	7.882760e+03	1.125000e+01	225	2.143842e-01	1.681077e-01	1.125000e+01	225	5.172056e-01	5.207366e-01	
1.135000e+01	227	6936	7.125072e+03	1198	1.439826e+03	1.140000e+01	228	0	0	8417	7.882760e+03	1.135000e+01	227	1.472830e-01	1.681077e-01	1.135000e+01	227	4.914507e-01	5.207366e-01	
1.145000e+01	229	7943	7.125072e+03	2682	1.439826e+03	1.150000e+01	230	0	0	8765	7.882760e+03	1.145000e+01	229	2.524235e-01	1.681077e-01	1.145000e+01	229	5.479629e-01	5.207366e-01	
1.155000e+01	231	8343	7.125072e+03	1323	1.439826e+03	1.160000e+01	232	0	0	7960	7.882760e+03	1.155000e+01	231	1.368715e-01	1.681077e-01	1.155000e+01	231	5.483944e-01	5.207366e-01	
1.165000e+01	233	6593	7.125072e+03	3938	1.439826e+03	1.170000e+01	234	0	0	7361	7.882760e+03	1.165000e+01	233	3.739436e-01	1.681077e-01	1.165000e+01	233	5.885871e-01	5.207366e-01	
1.175000e+01	235	8384	7.125072e+03	7.612000e+01	1.439826e+03	1.180000e+01	236	0	0	6883	7.882760e+03	1.175000e+01	235	8.997508e-03	1.681077e-01	1.175000e+01	235	5.513950e-01	5.207366e-01	
1.185000e+01	237	7698	7.125072e+03	1221	1.439826e+03	1.190000e+01	238	0	0	8028	7.882760e+03	1.185000e+01	237	1.368988e-01	1.681077e-01	1.185000e+01	237	5.262878e-01	5.207366e-01	
1.195000e+01	239	9415	7.125072e+03	1835	1.439826e+03	12	240	0	0	7059	7.882760e+03	1.195000e+01	239	1.631111e-01	1.681077e-01	1.195000e+01	239	6.144519e-01	5.207366e-01	
1.205000e+01	241	7472	7.125072e+03	9.231000e+02	1.439826e+03	1.210000e+01	242	0	0	7887	7.882760e+03	1.205000e+01	241	1.099570e-01	1.681077e-01	1.205000e+01	241	5.156030e-01	5.207366e-01	
1.215000e+01	243	8282	7.125072e+03	1874	1.439826e+03	1.220000e+01	244	0	0	7080	7.882760e+03	1.215000e+01	243	1.845215e-01	1.681077e-01	1.215000e+01	243	5.892318e-01	5.207366e-01	
1.225000e+01	245	7474	7.125072e+03	1711	1.439826e+03	1.230000e+01	246	0	0	8282	7.882760e+03	1.225000e+01	245	1.862820e-01	1.681077e-01	1.225000e+01	245	5.258487e-01	5.207366e-01	
1.235000e+01	247	5957	7.125072e+03	9.958000e+02	1.439826e+03	1.240000e+01	248	0	0	8679	7.882760e+03	1.235000e+01	247	1.432229e-01	1.681077e-01	1.235000e+01	247	4.447856e-01	5.207366e-01	
1.245000e+01	249	9363	7.125072e+03	1036	1.439826e+03	1.250000e+01	250	0	0	6338	7.882760e+03	1.245000e+01	249	9.962496e-02	1.681077e-01	1.245000e+01	249	6.213180e-01	5.207366e-01	
1.255000e+01	251	8282	7.125072e+03	884	1.439826e+03	1.260000e+01	252	0	0	9788	7.882760e+03	1.255000e+01	251	9.644338e-02	1.681077e-01	1.255000e+01	251	4.835919e-01	5.207366e-01	
1.265000e+01	253	7697	7.125072e+03	2205	1.439826e+03	1.270000e+01	254	0	0	7006	7.882760e+03	1.265000e+01	253	2.226823e-01	1.681077e-01	1.265000e+01	253	5.856399e-01	5.207366e-01	
1.275000e+01	255	7909	7.125072e+03	1120	1.439826e+03	1.280000e+01	256	0	0	8284	7.882760e+03	1.275000e+01	255	1.240447e-01	1.681077e-01	1.275000e+01	255	5.215156e-01	5.207366e-01	
1.285000e+01	257	6487	7.125072e+03	1039	1.439826e+03	1.290000e+01	258	0	0	9129	7.882760e+03	1.285000e+01	257	1.380547e-01	1.681077e-01	1.285000e+01	257	4.518763e-01	5.207366e-01	
1.295000e+01	259	8025	7.125072e+03	3135	1.439826e+03	13	260	0	0	7285	7.882760e+03	1.295000e+01	259	2.809140e-01	1.681077e-01	1.295000e+01	259	6.050420e-01	5.207366e-01	
1.305000e+01	261	6116	7.125072e+03	1757	1.439826e+03	1.310000e+01	262	0	0	7510	7.882760e+03	1.305000e+01	261	2.231678e-01	1.681077e-01	1.305000e+01	261	5.117987e-01	5.207366e-01	
1.315000e+01	263	6683	7.125072e+03	1288	1.439826e+03	1.320000e+01	264	0	0	7633	7.882760e+03	1.315000e+01	263	1.615857e-01	1.681077e-01	1.315000e+01	263	5.108306e-01	5.207366e-01	
1.325000e+01	265	8223	7.125072e+03	6.679000e+02	1.439826e+03	1.330000e+01	266	0	0	8287	7.882760e+03	1.325000e+01	265	7.512175e-02	1.681077e-01	1.325000e+01	265	5.175778e-01	5.207366e-01	
1.335000e+01	267	7437	7.125072e+03	1884	1.439826e+03	1.340000e+01	268	0	0	6652	7.882760e+03	1.335000e+01	267	2.021242e-01	1.681077e-01	1.335000e+01	267	5.835472e-01	5.207366e-01	
1.345000e+01	269	7719	7.125072e+03	1603	1.439826e+03	1.350000e+01	270	0	0	7514	7.882760e+03	1.345000e+01	269	1.719588e-01	1.681077e-01	1.345000e+01	269	5.536945e-01	5.207366e-01	
1.355000e+01	271	8252	7.125072e+03	1206	1.439826e+03	1.360000e+01	272	0	0	8965	7.882760e+03	1.355000e+01	271	1.275111e-01	1.681077e-01	1.355000e+01	271	5.133800e-01	5.207366e-01	
1.365000e+01	273	6976	7.125072e+03	2758	1.439826e+03	1.370000e+01	274	0	0	6557	7.882760e+03	1.365000e+01	273	2.833368e-01	1.681077e-01	1.365000e+01	273	5.975078e-01	5.207366e-01	
1.375000e+01	275	4986	7.125072e+03	4600	4.748700e+03	1.380000e+01	276	0	0	7880	7.882760e+03	1.375000e+01	275	4.798665e-01	1.681077e-01	1.375000e+01	275	5.488377e-01	6.010049e-01	
1.385000e+01	277	3629	3.466484e+03	4537	4.748700e+03	1.390000e+01	278	0	0	7821	7.882760e+03	1.385000e+01	277	5.555964e-01	5.780394e-01	1.385000e+01	277	5.107900e-01	6.010049e-01	
1.395000e+01	279	2554	3.466484e+03	4628	4.748700e+03	14	280	0	0	7896	7.882760e+03	1.395000e+01	279	6.443887e-01	5.780394e-01	1.395000e+01	279	4.763231e-01	6.010049e-01	
1.405000e+01	281	2805	3.466484e+03	4379	4.748700e+03	1.410000e+01	282	0	0	6700	7.882760e+03	1.405000e+01	281	6.095490e-01	5.780394e-01	1.405000e+01	281	5.174301e-01	6.010049e-01	
1.415000e+01	283	3203	3.466484e+03	5682	4.748700e+03	1.420000e+01	284	0	0	6702	7.882760e+03	1.415000e+01	283	6.395048e-01	5.780394e-01	1.415000e+01	283	5.700263e-01	6.010049e-01	
1.425000e+01	285	3661	3.466484e+03	5941	4.748700e+03	1.430000e+01	286	0	0	8183	7.882760e+03	1.425000e+01	285	6.187253e-01	5.780394e-01	1.425000e+01	285	5.398932e-01	6.010049e-01	
1.435000e+01	287	2321	3.466484e+03	4332	4.748700e+03	1.440000e+01	288	0	0	6166	7.882760e+03	1.435000e+01	287	6.511348e-01	5.780394e-01	1.435000e+01	287	5.189952e-01	6.010049e-01	
1.445000e+01	289	3708	3.466484e+03	4017	4.748700e+03	1.450000e+01	290	0	0	6360	7.882760e+03	1.445000e+01	289	5.200000e-01	5.780394e-01	1.445000e+01	289	5.484558e-01	6.010049e-01	
1.455000e+01	291	4091	3.466484e+03	4251	4.748700e+03	1.460000e+01	292	0	0	7680	7.882760e+03	1.455000e+01	291	5.095900e-01	5.780394e-01	1.455000e+01	291	5.206591e-01	6.010049e-01	
1.465000e+01	293	2002	3.466484e+03	4799	4.748700e+03	1.470000e+01	294	0	0	7608	7.882760e+03	1.465000e+01	293	7.056315e-01	5.780394e-01	1.465000e+01	293	4.719967e-01	6.010049e-01	
1.475000e+01	295	3759	3.466484e+03	4787	4.748700e+03	1.480000e+01	296	0	0	7167	7.882760e+03	1.475000e+01	295	5.601451e-01	5.780394e-01	1.475000e+01	295	5.438809e-01	6.010049e-01	
1.485000e+01	297	3478	3.466484e+03	4979	4.748700e+03	1.490000e+01	298	0	0	7033	7.882760e+03	1.485000e+01	297	5.887431e-01	5.780394e-01	1.485000e+01	297	5.459651e-01	6.010049e-01	
1.495000e+01	299	3603	3.466484e+03	5089	4.748700e+03	15	300	0	0	7298	7.882760e+03	1.495000e+01	299	5.854809e-01	5.780394e-01	1.495000e+01	299	5.435897e-01	6.010049e-01	
1.505000e+01	301	1994	3.466484e+03	4101	4.748700e+03	1.510000e+01	302	0	0	7165	7.882760e+03	1.505000e+01	301	6.728466e-01	5.780394e-01	1.505000e+01	301	4.596531e-01	6.010049e-01	
1.515000e+01	303	3087	3.466484e+03	3689	4.748700e+03	1.520000e+01	304	0	0	7025	7.882760e+03	1.515000e+01	303	5.444215e-01	5.780394e-01	1.515000e+01	303	4.909789e-01	6.010049e-01	
1.525000e+01	305	3231	3.466484e+03	4170	4.748700e+03	1.530000e+01	306	0	0	7025	7.882760e+03	1.525000e+01	305	5.634374e-01	5.780394e-01	1.525000e+01	305	5.130320e-01	6.010049e-01	
1.535000e+01	307	3382	3.466484e+03	5046	4.748700e+03	1.540000e+01	308	0	0	6837	7.882760e+03	1.535000e+01	307	5.987186e-01	5.780394e-01	1.535000e+01	307	5.521127e-01	6.010049e-01	
1.545000e+01	309	3699	3.466484e+03	4588	4.748700e+03	1.550000e+01	310	0	0	8419	7.882760e+03	1.545000e+01	309	5.536382e-01	5.780394e-01	1.545000e+01	309	4.960493e-01	6.010049e-01	
1.555000e+01	311	-3.353000e+02	8.734842e+02	6671	7.415389e+03	1.560000e+01	312	0	0	8732	7.882760e+03	1.555000e+01	311	1.052922e+00	8.946197e-01	1.555000e+01	311	4.204822e-01	5.125564e-01	
1.565000e+01	313	1.295000e+02	8.734842e+02	7273	7.415389e+03	1.570000e+01	314	0	0	6210	7.882760e+03	1.565000e+01	313	9.825059e-01	8.946197e-01	1.565000e+01	313	5.438017e-01	5.125564e-01	
1.575000e+01	315	6.954000e+02	8.734842e+02	8078	7.415389e+03	1.580000e+01	316	0	0	8896	7.882760e+03	1.575000e+01	315	9.207377e-01	8.946197e-01	1.575000e+01	315	4.965307e-01	5.125564e-01	
1.585000e+01	317	1110	8.734842e+02	8550	7.415389e+03	1.590000e+01	318	0	0	7641	7.882760e+03	1.585000e+01	317	8.850932e-01	8.946197e-01	1.585000e+01	317	5.583492e-01	5.125564e-01	
1.595000e+01	319	9.033000e+02	8.734842e+02	6227	7.415389e+03	16	320	0	0	8397	7.882760e+03	1.595000e+01	319	8.733153e-01	8.946197e-01	1.595000e+01	319	4.592106e-01	5.125564e-01	
1.605000e+01	321	4.641000e+02	8.734842e+02	9078	7.415389e+03	1.610000e+01	322	0	0	6658	7.882760e+03	1.605000e+01	321	9.513629e-01	8.946197e-01	1.605000e+01	321	5.890149e-01	5.125564e-01	
1.615000e+01	323	1905	8.734842e+02	7998	7.415389e+03	1.620000e+01	324	0	0	5921	7.882760e+03	1.615000e+01	323	8.076341e-01	8.946197e-01	1.615000e+01	323	6.258215e-01	5.125564e-01	
1.625000e+01	325	-7.423000e+02	8.734842e+02	6115	7.415389e+03	1.630000e+01	326	0	0	8684	7.882760e+03	1.625000e+01	325	1.138161e+00	8.946197e-01	1.625000e+01	325	3.822163e-01	5.125564e-01	
1.635000e+01	327	1462	8.734842e+02	7212	7.415389e+03	1.640000e+01	328	0	0	6762	7.882760e+03	1.635000e+01	327	8.314503e-01	8.946197e-01	1.635000e+01	327	5.619331e-01	5.125564e-01	
1.645000e+01	329	-1.233000e+02	8.734842e+02	6578	7.415389e+03	1.650000e+01	330	0	0	8641	7.882760e+03	1.645000e+01	329	1.019102e+00	8.946197e-01	1.645000e+01	329	4.275853e-01	5.125564e-01	
1.655000e+01	331	1.599000e+02	8.734842e+02	7821	7.415389e+03	1.660000e+01	332	0	0	8103	7.882760e+03	1.655000e+01	331	9.799647e-01	8.946197e-01	1.655000e+01	331	4.962043e-01	5.125564e-01	
1.665000e+01	333	172	8.734842e+02	6840	7.415389e+03	1.670000e+01	334	0	0	9259	7.882760e+03	1.665000e+01	333	9.754706e-01	8.946197e-01	1.665000e+01	333	4.309508e-01	5.125564e-01	
1.675000e+01	335	9.799000e+02	8.734842e+02	6731	7.415389e+03	1.680000e+01	336	0	0	7266	7.882760e+03	1.675000e+01	335	8.729202e-01	8.946197e-01	1.675000e+01	335	5.148529e-01	5.125564e-01	
1.685000e+01	337	1843	8.734842e+02	9612	7.415389e+03	1.690000e+01	338	0	0	8241	7.882760e+03	1.685000e+01	337	8.391096e-01	8.946197e-01	1.685000e+01	337	5.815902e-01	5.125564e-01	
1.695000e+01	339	1904	8.734842e+02	9211	7.415389e+03	17	340	0	0	8108	7.882760e+03	1.695000e+01	339	8.287000e-01	8.946197e-01	1.695000e+01	339	5.782136e-01	5.125564e-01	
1.705000e+01	341	4.108000e+02	8.734842e+02	7564	7.415389e+03	1.710000e+01	342	0	0	7462	7.882760e+03	1.705000e+01	341	9.484877e-01	8.946197e-01	1.705000e+01	341	5.166097e-01	5.125564e-01	
1.715000e+01	343	1498	8.734842e+02	6654	7.415389e+03	1.720000e+01	344	0	0	8662	7.882760e+03	1.715000e+01	343	8.162414e-01	8.946197e-01	1.715000e+01	343	4.848341e-01	5.125564e-01	
1.725000e+01	345	4.199000e+02	8.734842e+02	6362	7.415389e+03	1.730000e+01	346	0	0	7215	7.882760e+03	1.725000e+01	345	9.380852e-01	8.946197e-01	1.725000e+01	345	4.845287e-01	5.125564e-01	
1.735000e+01	347	6.683000e+02	8.734842e+02	8592	7.415389e+03	1.740000e+01	348	0	0	7207	7.882760e+03	1.735000e+01	347	9.278317e-01	8.946197e-01	1.735000e+01	347	5.623448e-01	5.125564e-01	
1.745000e+01	349	1353	8.734842e+02	8270	7.415389e+03	1.750000e+01	350	0	0	8054	7.882760e+03	1.745000e+01	349	8.593994e-01	8.946197e-01	1.745000e+01	349	5.443797e-01	5.125564e-01	
1.755000e+01	351	8.127000e+02	8.734842e+02	7132	7.415389e+03	1.760000e+01	352	0	0	9276	7.882760e+03	1.755000e+01	351	8.977054e-01	8.946197e-01	1.755000e+01	351	4.613459e-01	5.125564e-01	
1.765000e+01	353	2.288000e+02	8.734842e+02	6890	7.415389e+03	1.770000e+01	354	0	0	7540	7.882760e+03	1.765000e+01	353	9.678598e-01	8.946197e-01	1.765000e+01	353	4.856332e-01	5.125564e-01	
1.775000e+01	355	8.249000e+02	8.734842e+02	7144	7.415389e+03	1.780000e+01	356	0	0	8105	7.882760e+03	1.775000e+01	355	8.964851e-01	8.946197e-01	1.775000e+01	355	4.957664e-01	5.125564e-01	
1.785000e+01	357	-7.011000e+02	8.734842e+02	6029	7.415389e+03	1.790000e+01	358	0	0	7647	7.882760e+03	1.785000e+01	357	1.131590e+00	8.946197e-01	1.785000e+01	357	4.106313e-01	5.125564e-01	
1.795000e+01	359	1625	8.734842e+02	6953	7.415389e+03	18	360	0	0	5320	7.882760e+03	1.795000e+01	359	8.105619e-01	8.946197e-01	1.795000e+01	359	6.172111e-01	5.125564e-01	
1.805000e+01	361	3.521000e+02	8.734842e+02	6188	7.415389e+03	1.810000e+01	362	0	0	9737	7.882760e+03	1.805000e+01	361	9.461629e-01	8.946197e-01	1.805000e+01	361	4.017976e-01	5.125564e-01	
1.815000e+01	363	2520	8.734842e+02	7696	7.415389e+03	1.820000e+01	364	0	0	7520	7.882760e+03	1.815000e+01	363	7.533281e-01	8.946197e-01	1.815000e+01	363	5.760036e-01	5.125564e-01	
1.825000e+01	365	2175	8.734842e+02	6409	7.415389e+03	1.830000e+01	366	0	0	9216	7.882760e+03	1.825000e+01	365	7.466216e-01	8.946197e-01	1.825000e+01	365	4.822472e-01	5.125564e-01	
1.835000e+01	367	1708	8.734842e+02	7836	7.415389e+03	1.840000e+01	368	0	0	7294	7.882760e+03	1.835000e+01	367	8.210394e-01	8.946197e-01	1.835000e+01	367	5.668132e-01	5.125564e-01	
1.845000e+01	369	-6.941000e+02	8.734842e+02	8639	7.415389e+03	1.850000e+01	370	0	0	8260	7.882760e+03	1.845000e+01	369	1.087364e+00	8.946197e-01	1.845000e+01	369	4.902776e-01	5.125564e-01	
1.855000e+01	371	3.219000e+02	8.734842e+02	5721	7.415389e+03	1.860000e+01	372	0	0	6989	7.882760e+03	1.855000e+01	371	9.467309e-01	8.946197e-01	1.855000e+01	371	4.637006e-01	5.125564e-01	
1.865000e+01	373	2494	8.734842e+02	6495	7.415389e+03	1.870000e+01	374	0	0	7380	7.882760e+03	1.865000e+01	373	7.225498e-01	8.946197e-01	1.865000e+01	373	5.491478e-01	5.125564e-01	
1.875000e+01	375	6772	7.125072e+03	-3.354000e+02	1.439826e+03	1.880000e+01	376	0	0	6370	7.882760e+03	1.875000e+01	375	-5.210826e-02	1.681077e-01	1.875000e+01	375	5.026002e-01	5.207366e-01	
1.885000e+01	377	4375	3.466484e+03	3356	1.439826e+03	1.890000e+01	378	0	0	9804	7.882760e+03	1.885000e+01	377	4.340965e-01	1.681077e-01	1.885000e+01	377	4.408896e-01	5.207366e-01	
1.895000e+01	379	1285	8.734842e+02	9146	7.415389e+03	19	380	0	0	7809	7.882760e+03	1.895000e+01	379	8.768095e-01	8.946197e-01	1.895000e+01	379	5.718750e-01	5.125564e-01	
1.905000e+01	381	-7.755000e+02	8.734842e+02	8049	7.415389e+03	1.910000e+01	382	0	0	7914	7.882760e+03	1.905000e+01	381	1.106620e+00	8.946197e-01	1.905000e+01	381	4.789136e-01	5.125564e-01	
1.915000e+01	383	9.099000e+02	8.734842e+02	4944	7.415389e+03	1.920000e+01	384	0	0	7588	7.882760e+03	1.915000e+01	383	8.445652e-01	8.946197e-01	1.915000e+01	383	4.354965e-01	5.125564e-01	
1.925000e+01	385	7.138000e+02	8.734842e+02	8306	7.415389e+03	1.930000e+01	386	0	0	7205	7.882760e+03	1.925000e+01	385	9.208630e-01	8.946197e-01	1.925000e+01	385	5.559267e-01	5.125564e-01	
1.935000e+01	387	984	8.734842e+02	7680	7.415389e+03	1.940000e+01	388	0	0	5516	7.882760e+03	1.935000e+01	387	8.864266e-01	8.946197e-01	1.935000e+01	387	6.110014e-01	5.125564e-01	
1.945000e+01	389	569	8.734842e+02	7835	7.415389e+03	1.950000e+01	390	0	0	8859	7.882760e+03	1.945000e+01	389	9.322941e-01	8.946197e-01	1.945000e+01	389	4.868215e-01	5.125564e-01	
1.955000e+01	391	1312	8.734842e+02	6664	7.415389e+03	1.960000e+01	392	0	0	6558	7.882760e+03	1.955000e+01	391	8.355065e-01	8.946197e-01	1.955000e+01	391	5.487822e-01	5.125564e-01	
1.965000e+01	393	1660	8.734842e+02	8394	7.415389e+03	1.970000e+01	394	0	0	6896	7.882760e+03	1.965000e+01	393	8.348916e-01	8.946197e-01	1.965000e+01	393	5.931563e-01	5.125564e-01	
1.975000e+01	395	4.787000e+02	8.734842e+02	9246	7.415389e+03	1.980000e+01	396	0	0	6267	7.882760e+03	1.975000e+01	395	9.507748e-01	8.946197e-01	1.975000e+01	395	6.081092e-01	5.125564e-01	
1.985000e+01	397	5.181000e+02	8.734842e+02	8582	7.415389e+03	1.990000e+01	398	0	0	8990	7.882760e+03	1.985000e+01	397	9.430666e-01	8.946197e-01	1.985000e+01	397	5.030431e-01	5.125564e-01	
1.995000e+01	399	1453	8.734842e+02	7715	7.415389e+03	20	400	0	0	8239	7.882760e+03	1.995000e+01	399	8.415140e-01	8.946197e-01	1.995000e+01	399	5.266847e-01	5.125564e-01	
2.005000e+01	401	7.142000e+02	8.734842e+02	7589	7.415389e+03	2.010000e+01	402	0	0	9641	7.882760e+03	2.005000e+01	401	9.139850e-01	8.946197e-01	2.005000e+01	401	4.627233e-01	5.125564e-01	
2.015000e+01	403	919	8.734842e+02	7246	7.415389e+03	2.020000e+01	404	0	0	8860	7.882760e+03	2.015000e+01	403	8.874464e-01	8.946197e-01	2.015000e+01	403	4.795888e-01	5.125564e-01	
2.025000e+01	405	1137	8.734842e+02	7224	7.415389e+03	2.030000e+01	406	0	0	8952	7.882760e+03	2.025000e+01	405	8.640115e-01	8.946197e-01	2.025000e+01	405	4.829319e-01	5.125564e-01	
2.035000e+01	407	1073	8.734842e+02	8158	7.415389e+03	2.040000e+01	408	0	0	6367	7.882760e+03	2.035000e+01	407	8.837612e-01	8.946197e-01	2.035000e+01	407	5.918066e-01	5.125564e-01	
2.045000e+01	409	9.393000e+02	8.734842e+02	8873	7.415389e+03	2.050000e+01	410	0	0	7948	7.882760e+03	2.045000e+01	409	9.042732e-01	8.946197e-01	2.045000e+01	409	5.524850e-01	5.125564e-01	
2.055000e+01	411	1909	8.734842e+02	6125	7.415389e+03	2.060000e+01	412	0	0	6645	7.882760e+03	2.055000e+01	411	7.623849e-01	8.946197e-01	2.055000e+01	411	5.473125e-01	5.125564e-01	
2.065000e+01	413	1796	8.734842e+02	6298	7.415389e+03	2.070000e+01	414	0	0	7464	7.882760e+03	2.065000e+01	413	7.781072e-01	8.946197e-01	2.065000e+01	413	5.202468e-01	5.125564e-01	
2.075000e+01	415	-2.043000e+01	8.734842e+02	7961	7.415389e+03	2.080000e+01	416	0	0	7101	7.882760e+03	2.075000e+01	415	1.002573e+00	8.946197e-01	2.075000e+01	415	5.279083e-01	5.125564e-01	
2.085000e+01	417	1.782000e+02	8.734842e+02	5939	7.415389e+03	2.090000e+01	418	0	0	6430	7.882760e+03	2.085000e+01	417	9.708690e-01	8.946197e-01	2.085000e+01	417	4.875351e-01	5.125564e-01	
2.095000e+01	419	665	8.734842e+02	7368	7.415389e+03	21	420	0	0	8331	7.882760e+03	2.095000e+01	419	9.172165e-01	8.946197e-01	2.095000e+01	419	4.908946e-01	5.125564e-01	
2.105000e+01	421	1398	8.734842e+02	8677	7.415389e+03	2.110000e+01	422	0	0	7986	7.882760e+03	2.105000e+01	421	8.612407e-01	8.946197e-01	2.105000e+01	421	5.578318e-01	5.125564e-01	
2.115000e+01	423	1174	8.734842e+02	8554	7.415389e+03	2.120000e+01	424	0	0	9424	7.882760e+03	2.115000e+01	423	8.793174e-01	8.946197e-01	2.115000e+01	423	5.079365e-01	5.125564e-01	
2.125000e+01	425	2024	8.734842e+02	7292	7.415389e+03	2.130000e+01	426	0	0	9216	7.882760e+03	2.125000e+01	425	7.827394e-01	8.946197e-01	2.125000e+01	425	5.026980e-01	5.125564e-01	
2.135000e+01	427	6.422000e+02	8.734842e+02	9499	7.415389e+03	2.140000e+01	428	0	0	7794	7.882760e+03	2.135000e+01	427	9.366742e-01	8.946197e-01	2.135000e+01	427	5.654356e-01	5.125564e-01	
2.145000e+01	429	5.043000e+02	8.734842e+02	7478	7.415389e+03	2.150000e+01	430	0	0	7471	7.882760e+03	2.145000e+01	429	9.368227e-01	8.946197e-01	2.145000e+01	429	5.165434e-01	5.125564e-01	
2.155000e+01	431	7.764000e+02	8.734842e+02	7464	7.415389e+03	2.160000e+01	432	0	0	5837	7.882760e+03	2.155000e+01	431	9.057813e-01	8.946197e-01	2.155000e+01	431	5.853638e-01	5.125564e-01	
2.165000e+01	433	1070	8.734842e+02	6701	7.415389e+03	2.170000e+01	434	0	0	9233	7.882760e+03	2.165000e+01	433	8.623086e-01	8.946197e-01	2.165000e+01	433	4.570101e-01	5.125564e-01	
2.175000e+01	435	8.633000e+02	8.734842e+02	9195	7.415389e+03	2.180000e+01	436	0	0	8338	7.882760e+03	2.175000e+01	435	9.141704e-01	8.946197e-01	2.175000e+01	435	5.467567e-01	5.125564e-01	
2.185000e+01	437	9.291000e+02	8.734842e+02	5614	4.748700e+03	2.190000e+01	438	0	0	7479	7.882760e+03	2.185000e+01	437	8.580031e-01	8.946197e-01	2.185000e+01	437	4.666277e-01	4.163056e-01	
2.195000e+01	439	4838	7.125072e+03	4132	4.748700e+03	22	440	0	0	6713	7.882760e+03	2.195000e+01	439	4.606466e-01	3.999319e-01	2.195000e+01	439	5.719569e-01	4.163056e-01	
2.205000e+01	441	8133	7.125072e+03	5.022000e+02	1.439826e+03	2.210000e+01	442	0	0	9642	7.882760e+03	2.205000e+01	441	5.815731e-02	3.999319e-01	2.205000e+01	441	4.724575e-01	5.207366e-01	
2.215000e+01	443	8397	7.125072e+03	1478	1.439826e+03	2.220000e+01	444	0	0	7824	7.882760e+03	2.215000e+01	443	1.496709e-01	3.999319e-01	2.215000e+01	443	5.579411e-01	5.207366e-01	
2.225000e+01	445	6586	7.125072e+03	2954	1.439826e+03	2.230000e+01	446	0	0	8527	7.882760e+03	2.225000e+01	445	3.096436e-01	3.999319e-01	2.225000e+01	445	5.280345e-01	5.207366e-01	
2.235000e+01	447	8315	7.125072e+03	-4.758000e+01	1.439826e+03	2.240000e+01	448	0	0	7163	7.882760e+03	2.235000e+01	447	-5.755121e-03	3.999319e-01	2.235000e+01	447	5.357871e-01	5.207366e-01	
2.245000e+01	449	6034	7.125072e+03	6.007000e+02	1.439826e+03	2.250000e+01	450	0	0	8953	7.882760e+03	2.245000e+01	449	9.053914e-02	3.999319e-01	2.245000e+01	449	4.256369e-01	5.207366e-01	
2.255000e+01	451	5378	7.125072e+03	1407	1.439826e+03	2.260000e+01	452	0	0	7551	7.882760e+03	2.255000e+01	451	2.073692e-01	3.999319e-01	2.255000e+01	451	4.732840e-01	5.207366e-01	
2.265000e+01	453	9266	7.125072e+03	1652	1.439826e+03	2.270000e+01	454	0	0	6766	7.882760e+03	2.265000e+01	453	1.513098e-01	3.999319e-01	2.265000e+01	453	6.173943e-01	5.207366e-01	
2.275000e+01	455	7164	7.125072e+03	1.159000e+02	1.439826e+03	2.280000e+01	456	0	0	7934	7.882760e+03	2.275000e+01	455	1.592055e-02	3.999319e-01	2.275000e+01	455	4.785032e-01	5.207366e-01	
2.285000e+01	457	8057	7.125072e+03	3.445000e+02	1.439826e+03	2.290000e+01	458	0	0	9425	7.882760e+03	2.285000e+01	457	4.100458e-02	3.999319e-01	2.285000e+01	457	4.712927e-01	5.207366e-01	
2.295000e+01	459	7059	7.125072e+03	-2.343000e+02	1.439826e+03	23	460	0	0	7104	7.882760e+03	2.295000e+01	459	-3.433118e-02	3.999319e-01	2.295000e+01	459	4.899739e-01	5.207366e-01	
2.305000e+01	461	6607	7.125072e+03	1805	1.439826e+03	2.310000e+01	462	0	0	7727	7.882760e+03	2.305000e+01	461	2.145744e-01	3.999319e-01	2.305000e+01	461	5.212219e-01	5.207366e-01	
2.315000e+01	463	6872	7.125072e+03	-155	1.439826e+03	2.320000e+01	464	0	0	8325	7.882760e+03	2.315000e+01	463	-2.307578e-02	3.999319e-01	2.315000e+01	463	4.465497e-01	5.207366e-01	
2.325000e+01	465	7288	7.125072e+03	1311	1.439826e+03	2.330000e+01	466	0	0	6602	7.882760e+03	2.325000e+01	465	1.524596e-01	3.999319e-01	2.325000e+01	465	5.656865e-01	5.207366e-01	
2.335000e+01	467	7674	7.125072e+03	1566	1.439826e+03	2.340000e+01	468	0	0	8410	7.882760e+03	2.335000e+01	467	1.694805e-01	3.999319e-01	2.335000e+01	467	5.235127e-01	5.207366e-01	
2.345000e+01	469	8046	7.125072e+03	2062	1.439826e+03	2.350000e+01	470	0	0	10590	7.882760e+03	2.345000e+01	469	2.039968e-01	3.999319e-01	2.345000e+01	469	4.883564e-01	5.207366e-01	
2.355000e+01	471	9175	7.125072e+03	2257	1.439826e+03	2.360000e+01	472	0	0	7931	7.882760e+03	2.355000e+01	471	1.974283e-01	3.999319e-01	2.355000e+01	471	5.904044e-01	5.207366e-01	
2.365000e+01	473	6156	7.125072e+03	1054	1.439826e+03	2.370000e+01	474	0	0	7042	7.882760e+03	2.365000e+01	473	1.461859e-01	3.999319e-01	2.365000e+01	473	5.058939e-01	5.207366e-01	
2.375000e+01	475	4200	3.466484e+03	5568	7.415389e+03	2.380000e+01	476	0	0	8771	7.882760e+03	2.375000e+01	475	5.700246e-01	6.814442e-01	2.375000e+01	475	5.268893e-01	5.799140e-01	
2.385000e+01	477	1544	8.734842e+02	8900	7.415389e+03	2.390000e+01	478	0	0	9188	7.882760e+03	2.385000e+01	477	8.521639e-01	6.814442e-01	2.385000e+01	477	5.319886e-01	5.799140e-01	
2.395000e+01	479	3.066000e+02	8.734842e+02	6453	7.415389e+03	24	480	0	0	8520	7.882760e+03	2.395000e+01	479	9.546423e-01	6.814442e-01	2.395000e+01	479	4.423938e-01	5.799140e-01	
2.405000e+01	481	-4.312000e+02	8.734842e+02	8645	7.415389e+03	2.410000e+01	482	0	0	7952	7.882760e+03	2.405000e+01	481	1.052497e+00	6.814442e-01	2.405000e+01	481	5.080973e-01	5.799140e-01	
2.415000e+01	483	8.079000e+02	8.734842e+02	7514	7.415389e+03	2.420000e+01	484	0	0	9617	7.882760e+03	2.415000e+01	483	9.029188e-01	6.814442e-01	2.415000e+01	483	4.639025e-01	5.799140e-01	
2.425000e+01	485	1522	8.734842e+02	8929	7.415389e+03	2.430000e+01	486	0	0	6717	7.882760e+03	2.425000e+01	485	8.543680e-01	6.814442e-01	2.425000e+01	485	6.087488e-01	5.799140e-01	
2.435000e+01	487	1.474000e+02	8.734842e+02	7575	7.415389e+03	2.440000e+01	488	0	0	8089	7.882760e+03	2.435000e+01	487	9.809127e-01	6.814442e-01	2.435000e+01	487	4.884071e-01	5.799140e-01	
2.445000e+01	489	1403	8.734842e+02	7221	7.415389e+03	2.450000e+01	490	0	0	7501	7.882760e+03	2.445000e+01	489	8.373145e-01	6.814442e-01	2.445000e+01	489	5.348217e-01	5.799140e-01	
2.455000e+01	491	2759	8.734842e+02	6191	7.415389e+03	2.460000e+01	492	0	0	9289	7.882760e+03	2.455000e+01	491	6.917318e-01	6.814442e-01	2.455000e+01	491	4.907067e-01	5.799140e-01	
2.465000e+01	493	7228	7.125072e+03	-1.657000e+02	1.439826e+03	2.470000e+01	494	0	0	8029	7.882760e+03	2.465000e+01	493	-2.346261e-02	1.681077e-01	2.465000e+01	493	4.679716e-01	5.207366e-01	
2.475000e+01	495	7142	7.125072e+03	5.132000e+02	1.439826e+03	2.480000e+01	496	0	0	7094	7.882760e+03	2.475000e+01	495	6.703940e-02	1.681077e-01	2.475000e+01	495	5.190248e-01	5.207366e-01	
2.485000e+01	497	5716	7.125072e+03	2624	1.439826e+03	2.490000e+01	498	0	0	8360	7.882760e+03	2.485000e+01	497	3.146283e-01	1.681077e-01	2.485000e+01	497	4.994012e-01	5.207366e-01	
2.495000e+01	499	1905	8.734842e+02	6941	7.415389e+03	25	500	0	0	7475	7.882760e+03	2.495000e+01	499	7.846484e-01	8.946197e-01	2.495000e+01	499	5.420011e-01	5.125564e-01	
2.505000e+01	501	1215	8.734842e+02	6480	7.415389e+03	2.510000e+01	502	0	0	7969	7.882760e+03	2.505000e+01	501	8.421053e-01	8.946197e-01	2.505000e+01	501	4.912538e-01	5.125564e-01	
2.515000e+01	503	1083	8.734842e+02	7649	7.415389e+03	2.520000e+01	504	0	0	6815	7.882760e+03	2.515000e+01	503	8.759734e-01	8.946197e-01	2.515000e+01	503	5.616518e-01	5.125564e-01	
2.525000e+01	505	-1.971000e+02	8.734842e+02	7712	7.415389e+03	2.530000e+01	506	0	0	8581	7.882760e+03	2.525000e+01	505	1.026228e+00	8.946197e-01	2.525000e+01	505	4.668829e-01	5.125564e-01	
2.535000e+01	507	3.471000e+02	8.734842e+02	6903	7.415389e+03	2.540000e+01	508	0	0	9535	7.882760e+03	2.535000e+01	507	9.521248e-01	8.946197e-01	2.535000e+01	507	4.319367e-01	5.125564e-01	
2.545000e+01	509	2642	8.734842e+02	8291	7.415389e+03	2.550000e+01	510	0	0	9617	7.882760e+03	2.545000e+01	509	7.583463e-01	8.946197e-01	2.545000e+01	509	5.320195e-01	5.125564e-01	
2.555000e+01	511	7.198000e+02	8.734842e+02	6207	7.415389e+03	2.560000e+01	512	0	0	7648	7.882760e+03	2.555000e+01	511	8.960848e-01	8.946197e-01	2.555000e+01	511	4.752587e-01	5.125564e-01	
2.565000e+01	513	1193	8.734842e+02	7178	7.415389e+03	2.570000e+01	514	0	0	8315	7.882760e+03	2.565000e+01	513	8.574842e-01	8.946197e-01	2.565000e+01	513	5.016781e-01	5.125564e-01	
2.575000e+01	515	2716	8.734842e+02	4476	4.748700e+03	2.580000e+01	516	0	0	8460	7.882760e+03	2.575000e+01	515	6.223582e-01	8.946197e-01	2.575000e+01	515	4.594940e-01	4.163056e-01	
2.585000e+01	517	7123	7.125072e+03	1483	1.439826e+03	2.590000e+01	518	0	0	6844	7.882760e+03	2.585000e+01	517	1.723216e-01	1.681077e-01	2.585000e+01	517	5.570227e-01	4.163056e-01	
2.595000e+01	519	7514	7.125072e+03	1339	1.439826e+03	26	520	0	0	8543	7.882760e+03	2.595000e+01	519	1.512482e-01	1.681077e-01	2.595000e+01	519	5.089101e-01	4.163056e-01	
2.605000e+01	521	6559	7.125072e+03	8.628000e+02	1.439826e+03	2.610000e+01	522	0	0	8453	7.882760e+03	2.605000e+01	521	1.162521e-01	1.681077e-01	2.605000e+01	521	4.675209e-01	4.163056e-01	
2.615000e+01	523	7011	7.125072e+03	6.921000e+02	1.439826e+03	2.620000e+01	524	0	0	7095	7.882760e+03	2.615000e+01	523	8.984694e-02	1.681077e-01	2.615000e+01	523	5.205466e-01	4.163056e-01	
2.625000e+01	525	4800	7.125072e+03	3758	1.439826e+03	2.630000e+01	526	0	0	7858	7.882760e+03	2.625000e+01	525	4.391213e-01	1.681077e-01	2.625000e+01	525	5.213207e-01	4.163056e-01	
2.635000e+01	527	-2.981000e+01	8.734842e+02	7099	7.415389e+03	2.640000e+01	528	0	0	6340	7.882760e+03	2.635000e+01	527	1.004217e+00	8.946197e-01	2.635000e+01	527	5.271899e-01	5.125564e-01	
2.645000e+01	529	5658	7.125072e+03	3252	1.439826e+03	2.650000e+01	530	0	0	7939	7.882760e+03	2.645000e+01	529	3.649832e-01	8.946197e-01	2.645000e+01	529	5.288148e-01	5.125564e-01	
2.655000e+01	531	6950	7.125072e+03	1.665000e+02	1.439826e+03	2.660000e+01	532	0	0	8511	7.882760e+03	2.655000e+01	531	2.339633e-02	8.946197e-01	2.655000e+01	531	4.553831e-01	5.125564e-01	
2.665000e+01	533	5850	7.125072e+03	9.675000e+02	1.439826e+03	2.670000e+01	534	0	0	7894	7.882760e+03	2.665000e+01	533	1.419142e-01	8.946197e-01	2.665000e+01	533	4.634130e-01	5.125564e-01	
2.675000e+01	535	7238	7.125072e+03	1453	1.439826e+03	2.680000e+01	536	0	0	9548	7.882760e+03	2.675000e+01	535	1.671844e-01	8.946197e-01	2.675000e+01	535	4.765064e-01	5.125564e-01	
2.685000e+01	537	5920	7.125072e+03	1177	1.439826e+03	2.690000e+01	538	0	0	7333	7.882760e+03	2.685000e+01	537	1.658447e-01	8.946197e-01	2.685000e+01	537	4.918226e-01	5.125564e-01	
2.695000e+01	539	7496	7.125072e+03	1345	1.439826e+03	27	540	0	0	6885	7.882760e+03	2.695000e+01	539	1.521321e-01	8.946197e-01	2.695000e+01	539	5.621900e-01	5.125564e-01	
2.705000e+01	541	6958	7.125072e+03	1287	1.439826e+03	2.710000e+01	542	0	0	7590	7.882760e+03	2.705000e+01	541	1.560946e-01	8.946197e-01	2.705000e+01	541	5.206820e-01	5.125564e-01	
2.715000e+01	543	6734	7.125072e+03	2616	1.439826e+03	2.720000e+01	544	0	0	8744	7.882760e+03	2.715000e+01	543	2.797861e-01	8.946197e-01	2.715000e+01	543	5.167459e-01	5.125564e-01	
2.725000e+01	545	6659	7.125072e+03	718	1.439826e+03	2.730000e+01	546	0	0	6204	7.882760e+03	2.725000e+01	545	9.732954e-02	8.946197e-01	2.725000e+01	545	5.431853e-01	5.125564e-01	
2.735000e+01	547	8443	7.125072e+03	1622	1.439826e+03	2.740000e+01	548	0	0	6737	7.882760e+03	2.735000e+01	547	1.611525e-01	8.946197e-01	2.735000e+01	547	5.990358e-01	5.125564e-01	
2.745000e+01	549	6591	7.125072e+03	1771	1.439826e+03	2.750000e+01	550	0	0	6870	7.882760e+03	2.745000e+01	549	2.117914e-01	8.946197e-01	2.745000e+01	549	5.489758e-01	5.125564e-01	
2.755000e+01	551	7415	7.125072e+03	2.708000e+02	1.439826e+03	2.760000e+01	552	0	0	7278	7.882760e+03	2.755000e+01	551	3.523381e-02	8.946197e-01	2.755000e+01	551	5.136262e-01	5.125564e-01	
2.765000e+01	553	4587	3.466484e+03	3575	4.748700e+03	2.770000e+01	554	0	0	8504	7.882760e+03	2.765000e+01	553	4.380054e-01	5.780394e-01	2.765000e+01	553	4.897396e-01	5.103251e-01	
2.775000e+01	555	2886	3.466484e+03	4541	4.748700e+03	2.780000e+01	556	0	0	7196	7.882760e+03	2.775000e+01	555	6.114178e-01	5.780394e-01	2.775000e+01	555	5.078985e-01	5.103251e-01	
2.785000e+01	557	4233	3.466484e+03	4027	4.748700e+03	2.790000e+01	558	0	0	8797	7.882760e+03	2.785000e+01	557	4.875303e-01	5.780394e-01	2.785000e+01	557	4.842587e-01	5.103251e-01	
2.795000e+01	559	3691	3.466484e+03	4276	4.748700e+03	28	560	0	0	6416	7.882760e+03	2.795000e+01	559	5.367139e-01	5.780394e-01	2.795000e+01	559	5.539178e-01	5.103251e-01	
2.805000e+01	561	3082	3.466484e+03	4512	4.748700e+03	2.810000e+01	562	0	0	9493	7.882760e+03	2.805000e+01	561	5.941533e-01	5.780394e-01	2.805000e+01	561	4.444314e-01	5.103251e-01	
2.815000e+01	563	2911	3.466484e+03	4683	4.748700e+03	2.820000e+01	564	0	0	7179	7.882760e+03	2.815000e+01	563	6.166711e-01	5.780394e-01	2.815000e+01	563	5.140459e-01	5.103251e-01	
2.825000e+01	565	2714	3.466484e+03	4135	4.748700e+03	2.830000e+01	566	0	0	7447	7.882760e+03	2.825000e+01	565	6.037378e-01	5.780394e-01	2.825000e+01	565	4.790851e-01	5.103251e-01	
2.835000e+01	567	3513	3.466484e+03	3906	4.748700e+03	2.840000e+01	568	0	0	10260	7.882760e+03	2.835000e+01	567	5.264860e-01	5.780394e-01	2.835000e+01	567	4.196504e-01	5.103251e-01	
2.845000e+01	569	3511	3.466484e+03	4489	4.748700e+03	2.850000e+01	570	0	0	8169	7.882760e+03	2.845000e+01	569	5.611250e-01	5.780394e-01	2.845000e+01	569	4.947740e-01	5.103251e-01	
2.855000e+01	571	3132	3.466484e+03	4696	4.748700e+03	2.860000e+01	572	0	0	8052	7.882760e+03	2.855000e+01	571	5.998978e-01	5.780394e-01	2.855000e+01	571	4.929471e-01	5.103251e-01	
2.865000e+01	573	3041	3.466484e+03	5618	4.748700e+03	2.870000e+01	574	0	0	7750	7.882760e+03	2.865000e+01	573	6.488047e-01	5.780394e-01	2.865000e+01	573	5.276982e-01	5.103251e-01	
2.875000e+01	575	4402	3.466484e+03	5156	4.748700e+03	2.880000e+01	576	0	0	6415	7.882760e+03	2.875000e+01	575	5.394434e-01	5.780394e-01	2.875000e+01	575	5.983848e-01	5.103251e-01	
2.885000e+01	577	2506	3.466484e+03	5485	4.748700e+03	2.890000e+01	578	0	0	8131	7.882760e+03	2.885000e+01	577	6.863972e-01	5.780394e-01	2.885000e+01	577	4.956581e-01	5.103251e-01	
2.895000e+01	579	3937	3.466484e+03	3298	4.748700e+03	29	580	0	0	9447	7.882760e+03	2.895000e+01	579	4.558397e-01	5.780394e-01	2.895000e+01	579	4.337010e-01	5.103251e-01	
2.905000e+01	581	3758	3.466484e+03	3403	4.748700e+03	2.910000e+01	582	0	0	7614	7.882760e+03	2.905000e+01	581	4.752130e-01	5.780394e-01	2.905000e+01	581	4.846701e-01	5.103251e-01	
2.915000e+01	583	3530	3.466484e+03	5085	4.748700e+03	2.920000e+01	584	0	0	8917	7.882760e+03	2.915000e+01	583	5.902496e-01	5.780394e-01	2.915000e+01	583	4.913872e-01	5.103251e-01	
2.925000e+01	585	3156	3.466484e+03	5387	4.748700e+03	2.930000e+01	586	0	0	8293	7.882760e+03	2.925000e+01	585	6.305747e-01	5.780394e-01	2.925000e+01	585	5.074246e-01	5.103251e-01	
2.935000e+01	587	3586	3.466484e+03	4501	4.748700e+03	2.940000e+01	588	0	0	5644	7.882760e+03	2.935000e+01	587	5.565723e-01	5.780394e-01	2.935000e+01	587	5.889593e-01	5.103251e-01	
2.945000e+01	589	4920	3.466484e+03	3930	4.748700e+03	2.950000e+01	590	0	0	6919	7.882760e+03	2.945000e+01	589	4.440678e-01	5.780394e-01	2.945000e+01	589	5.612277e-01	5.103251e-01	
2.955000e+01	591	3338	3.466484e+03	4451	4.748700e+03	2.960000e+01	592	0	0	8696	7.882760e+03	2.955000e+01	591	5.714469e-01	5.780394e-01	2.955000e+01	591	4.724901e-01	5.103251e-01	
2.965000e+01	593	3281	3.466484e+03	4117	4.748700e+03	2.970000e+01	594	0	0	6367	7.882760e+03	2.965000e+01	593	5.565018e-01	5.780394e-01	2.965000e+01	593	5.374501e-01	5.103251e-01	
2.975000e+01	595	3763	3.466484e+03	4947	4.748700e+03	2.980000e+01	596	0	0	7965	7.882760e+03	2.975000e+01	595	5.679679e-01	5.780394e-01	2.975000e+01	595	5.223388e-01	5.103251e-01	
2.985000e+01	597	3241	3.466484e+03	4890	4.748700e+03	2.990000e+01	598	0	0	9380	7.882760e+03	2.985000e+01	597	6.014020e-01	5.780394e-01	2.985000e+01	597	4.643367e-01	5.103251e-01	
2.995000e+01	599	3997	3.466484e+03	5162	4.748700e+03	30	600	0	0	9054	7.882760e+03	2.995000e+01	599	5.635986e-01	5.780394e-01	2.995000e+01	599	5.028826e-01	5.103251e-01	
3.005000e+01	601	3832	3.466484e+03	4976	4.748700e+03	3.010000e+01	602	0	0	8076	7.882760e+03	3.005000e+01	601	5.649410e-01	5.780394e-01	3.005000e+01	601	5.216773e-01	5.103251e-01	
3.015000e+01	603	4364	3.466484e+03	4583	4.748700e+03	3.020000e+01	604	0	0	7747	7.882760e+03	3.015000e+01	603	5.122387e-01	5.780394e-01	3.015000e+01	603	5.359411e-01	5.103251e-01	
3.025000e+01	605	4116	3.466484e+03	5348	4.748700e+03	3.030000e+01	606	0	0	8146	7.882760e+03	3.025000e+01	605	5.650888e-01	5.780394e-01	3.025000e+01	605	5.374219e-01	5.103251e-01	
3.035000e+01	607	2487	3.466484e+03	4239	4.748700e+03	3.040000e+01	608	0	0	9223	7.882760e+03	3.035000e+01	607	6.302409e-01	5.780394e-01	3.035000e+01	607	4.217192e-01	5.103251e-01	
3.045000e+01	609	3750	3.466484e+03	5746	4.748700e+03	3.050000e+01	610	0	0	7601	7.882760e+03	3.045000e+01	609	6.050969e-01	5.780394e-01	3.045000e+01	609	5.554191e-01	5.103251e-01	
3.055000e+01	611	3831	3.466484e+03	4078	4.748700e+03	3.060000e+01	612	0	0	8603	7.882760e+03	3.055000e+01	611	5.156151e-01	5.780394e-01	3.055000e+01	611	4.789850e-01	5.103251e-01	
3.065000e+01	613	3359	3.466484e+03	4683	4.748700e+03	3.070000e+01	614	0	0	8219	7.882760e+03	3.065000e+01	613	5.823178e-01	5.780394e-01	3.065000e+01	613	4.945575e-01	5.103251e-01	
3.075000e+01	615	1845	3.466484e+03	4636	4.748700e+03	3.080000e+01	616	0	0	7360	7.882760e+03	3.075000e+01	615	7.153217e-01	5.780394e-01	3.075000e+01	615	4.682465e-01	5.103251e-01	
3.085000e+01	617	4003	3.466484e+03	5844	4.748700e+03	3.090000e+01	618	0	0	8851	7.882760e+03	3.085000e+01	617	5.934802e-01	5.780394e-01	3.085000e+01	617	5.266339e-01	5.103251e-01	
3.095000e+01	619	4264	3.466484e+03	4451	4.748700e+03	31	620	0	0	7768	7.882760e+03	3.095000e+01	619	5.107286e-01	5.780394e-01	3.095000e+01	619	5.287266e-01	5.103251e-01	
3.105000e+01	621	1314	8.734842e+02	7781	7.415389e+03	3.110000e+01	622	0	0	8332	7.882760e+03	3.105000e+01	621	8.555250e-01	8.946197e-01	3.105000e+01	621	5.218913e-01	5.125564e-01	
3.115000e+01	623	1860	8.734842e+02	7065	7.415389e+03	3.120000e+01	624	0	0	6957	7.882760e+03	3.115000e+01	623	7.915966e-01	8.946197e-01	3.115000e+01	623	5.619569e-01	5.125564e-01	
3.125000e+01	625	1927	8.734842e+02	7095	7.415389e+03	3.130000e+01	626	0	0	7658	7.882760e+03	3.125000e+01	625	7.864110e-01	8.946197e-01	3.125000e+01	625	5.408873e-01	5.125564e-01	
3.135000e+01	627	3.074000e+02	8.734842e+02	7483	7.415389e+03	3.140000e+01	628	0	0	8903	7.882760e+03	3.135000e+01	627	9.605412e-01	8.946197e-01	3.135000e+01	627	4.666755e-01	5.125564e-01	
3.145000e+01	629	-2.186000e+02	8.734842e+02	6138	7.415389e+03	3.150000e+01	630	0	0	7035	7.882760e+03	3.145000e+01	629	1.036929e+00	8.946197e-01	3.145000e+01	629	4.569413e-01	5.125564e-01	
3.155000e+01	631	1291	8.734842e+02	7688	7.415389e+03	3.160000e+01	632	0	0	6781	7.882760e+03	3.155000e+01	631	8.562201e-01	8.946197e-01	3.155000e+01	631	5.697335e-01	5.125564e-01	
3.165000e+01	633	1493	8.734842e+02	5713	4.748700e+03	3.170000e+01	634	0	0	7292	7.882760e+03	3.165000e+01	633	7.928115e-01	8.946197e-01	3.165000e+01	633	4.970341e-01	4.163056e-01	
3.175000e+01	635	3466	3.466484e+03	4587	4.748700e+03	3.180000e+01	636	0	0	8088	7.882760e+03	3.175000e+01	635	5.696014e-01	5.780394e-01	3.175000e+01	635	4.989158e-01	4.163056e-01	
3.185000e+01	637	3452	3.466484e+03	5490	4.748700e+03	3.190000e+01	638	0	0	8267	7.882760e+03	3.185000e+01	637	6.139566e-01	5.780394e-01	3.185000e+01	637	5.196118e-01	4.163056e-01	
3.195000e+01	639	3006	3.466484e+03	4996	4.748700e+03	32	640	0	0	7831	7.882760e+03	3.195000e+01	639	6.243439e-01	5.780394e-01	3.195000e+01	639	5.054001e-01	4.163056e-01	
3.205000e+01	641	4212	3.466484e+03	5609	4.748700e+03	3.210000e+01	642	0	0	6704	7.882760e+03	3.205000e+01	641	5.711231e-01	5.780394e-01	3.205000e+01	641	5.943116e-01	4.163056e-01	
3.215000e+01	643	4057	3.466484e+03	5110	4.748700e+03	3.220000e+01	644	0	0	9800	7.882760e+03	3.215000e+01	643	5.574343e-01	5.780394e-01	3.215000e+01	643	4.833131e-01	4.163056e-01	
3.225000e+01	645	4301	3.466484e+03	4217	4.748700e+03	3.230000e+01	646	0	0	8303	7.882760e+03	3.225000e+01	645	4.950693e-01	5.780394e-01	3.225000e+01	645	5.063908e-01	4.163056e-01	
3.235000e+01	647	2945	3.466484e+03	5593	4.748700e+03	3.240000e+01	648	0	0	9309	7.882760e+03	3.235000e+01	647	6.550714e-01	5.780394e-01	3.235000e+01	647	4.783997e-01	4.163056e-01	
3.245000e+01	649	4625	3.466484e+03	5034	4.748700e+03	3.250000e+01	650	0	0	7603	7.882760e+03	3.245000e+01	649	5.211720e-01	5.780394e-01	3.245000e+01	649	5.595528e-01	4.163056e-01	
3.255000e+01	651	3014	3.466484e+03	4880	4.748700e+03	3.260000e+01	652	0	0	9839	7.882760e+03	3.255000e+01	651	6.181910e-01	5.780394e-01	3.255000e+01	651	4.451587e-01	4.163056e-01	
3.265000e+01	653	1743	3.466484e+03	4644	4.748700e+03	3.270000e+01	654	0	0	7738	7.882760e+03	3.265000e+01	653	7.271019e-01	5.780394e-01	3.265000e+01	653	4.521770e-01	4.163056e-01	
3.275000e+01	655	3685	3.466484e+03	5284	4.748700e+03	3.280000e+01	656	0	0	8069	7.882760e+03	3.275000e+01	655	5.891404e-01	5.780394e-01	3.275000e+01	655	5.264116e-01	4.163056e-01	
3.285000e+01	657	1503	8.734842e+02	7706	7.415389e+03	3.290000e+01	658	0	0	7347	7.882760e+03	3.285000e+01	657	8.367901e-01	8.946197e-01	3.285000e+01	657	5.562334e-01	5.125564e-01	
3.295000e+01	659	1.291000e+02	8.734842e+02	8256	7.415389e+03	33	660	0	0	7444	7.882760e+03	3.295000e+01	659	9.846036e-01	8.946197e-01	3.295000e+01	659	5.297269e-01	5.125564e-01	
3.305000e+01	661	760	8.734842e+02	8860	7.415389e+03	3.310000e+01	662	0	0	7715	7.882760e+03	3.305000e+01	661	9.209979e-01	8.946197e-01	3.305000e+01	661	5.549466e-01	5.125564e-01	
3.315000e+01	663	1654	8.734842e+02	6494	7.415389e+03	3.320000e+01	664	0	0	7025	7.882760e+03	3.315000e+01	663	7.970054e-01	8.946197e-01	3.315000e+01	663	5.370065e-01	5.125564e-01	
3.325000e+01	665	1539	8.734842e+02	6255	7.415389e+03	3.330000e+01	666	0	0	6352	7.882760e+03	3.325000e+01	665	8.025404e-01	8.946197e-01	3.325000e+01	665	5.509685e-01	5.125564e-01	
3.335000e+01	667	5.315000e+02	8.734842e+02	6977	7.415389e+03	3.340000e+01	668	0	0	6043	7.882760e+03	3.335000e+01	667	9.292136e-01	8.946197e-01	3.335000e+01	667	5.540715e-01	5.125564e-01	
3.345000e+01	669	4.319000e+02	8.734842e+02	7686	7.415389e+03	3.350000e+01	670	0	0	8434	7.882760e+03	3.345000e+01	669	9.467966e-01	8.946197e-01	3.345000e+01	669	4.904512e-01	5.125564e-01	
3.355000e+01	671	1280	8.734842e+02	7759	7.415389e+03	3.360000e+01	672	0	0	7839	7.882760e+03	3.355000e+01	671	8.583914e-01	8.946197e-01	3.355000e+01	671	5.355492e-01	5.125564e-01	
3.365000e+01	673	1261	8.734842e+02	6656	7.415389e+03	3.370000e+01	674	0	0	6926	7.882760e+03	3.365000e+01	673	8.407225e-01	8.946197e-01	3.365000e+01	673	5.333827e-01	5.125564e-01	
3.375000e+01	675	1666	8.734842e+02	6563	7.415389e+03	3.380000e+01	676	0	0	8147	7.882760e+03	3.375000e+01	675	7.975453e-01	8.946197e-01	3.375000e+01	675	5.025037e-01	5.125564e-01	
3.385000e+01	677	7.787000e+02	8.734842e+02	8069	7.415389e+03	3.390000e+01	678	0	0	7363	7.882760e+03	3.385000e+01	677	9.119884e-01	8.946197e-01	3.385000e+01	677	5.457938e-01	5.125564e-01	
3.395000e+01	679	1373	8.734842e+02	7224	7.415389e+03	34	680	0	0	8683	7.882760e+03	3.395000e+01	679	8.402931e-01	8.946197e-01	3.395000e+01	679	4.975116e-01	5.125564e-01	
3.405000e+01	681	1244	8.734842e+02	8965	7.415389e+03	3.410000e+01	682	0	0	6905	7.882760e+03	3.405000e+01	681	8.781467e-01	0	3.405000e+01	681	5.965292e-01	0	
