time at 532nm	frame at 532nm	I_1 at 532nm(counts)	discr.I_1 at 532nm(counts)	I_2 at 532nm(counts)	discr.I_2 at 532nm(counts)	time at 638nm	frame at 638nm	I_1 at 638nm(counts)	discr.I_1 at 638nm(counts)	I_2 at 638nm(counts)	discr.I_2 at 638nm(counts)	time at 532nm	frame at 532nm	FRET_1>2	discr.FRET_1>2	time at 532nm	frame at 532nm	S_1>2	discr.S_1>2	
5.000000e-02	1	6.084000e+02	9.507563e+02	6952	7.120521e+03	1.000000e-01	2	0	0	8866	7.863437e+03	5.000000e-02	1	9.195281e-01	8.822050e-01	5.000000e-02	1	4.602591e-01	5.065216e-01	
1.500000e-01	3	1257	9.507563e+02	7403	7.120521e+03	2.000000e-01	4	0	0	8483	7.863437e+03	1.500000e-01	3	8.548499e-01	8.822050e-01	1.500000e-01	3	5.051625e-01	5.065216e-01	
2.500000e-01	5	1910	9.507563e+02	6977	7.120521e+03	3.000000e-01	6	0	0	7441	7.863437e+03	2.500000e-01	5	7.850793e-01	8.822050e-01	2.500000e-01	5	5.442798e-01	5.065216e-01	
3.500000e-01	7	3806	4.210128e+03	7982	7.120521e+03	4.000000e-01	8	0	0	8042	7.863437e+03	3.500000e-01	7	6.771293e-01	8.822050e-01	3.500000e-01	7	5.944528e-01	5.903198e-01	
4.500000e-01	9	3791	4.210128e+03	6006	7.120521e+03	5.000000e-01	10	0	0	9393	7.863437e+03	4.500000e-01	9	6.130448e-01	8.822050e-01	4.500000e-01	9	5.105263e-01	5.903198e-01	
5.500000e-01	11	4818	4.210128e+03	5103	4.868725e+03	6.000000e-01	12	0	0	8511	7.863437e+03	5.500000e-01	11	5.143635e-01	8.822050e-01	5.500000e-01	11	5.382487e-01	5.358693e-01	
6.500000e-01	13	3438	4.210128e+03	4364	4.868725e+03	7.000000e-01	14	0	0	8689	7.863437e+03	6.500000e-01	13	5.593438e-01	8.822050e-01	6.500000e-01	13	4.731065e-01	5.358693e-01	
7.500000e-01	15	4974	4.210128e+03	5257	4.868725e+03	8.000000e-01	16	0	0	9038	7.863437e+03	7.500000e-01	15	5.138305e-01	8.822050e-01	7.500000e-01	15	5.309565e-01	5.358693e-01	
8.500000e-01	17	3869	4.210128e+03	4141	4.868725e+03	9.000000e-01	18	0	0	8739	7.863437e+03	8.500000e-01	17	5.169788e-01	8.822050e-01	8.500000e-01	17	4.782375e-01	5.358693e-01	
9.500000e-01	19	4452	4.210128e+03	5766	4.868725e+03	1	20	0	0	9416	7.863437e+03	9.500000e-01	19	5.642983e-01	8.822050e-01	9.500000e-01	19	5.204238e-01	5.358693e-01	
1.050000e+00	21	3631	4.210128e+03	3786	4.868725e+03	1.100000e+00	22	0	0	6775	7.863437e+03	1.050000e+00	21	5.104490e-01	8.822050e-01	1.050000e+00	21	5.226184e-01	5.358693e-01	
1.150000e+00	23	4161	4.210128e+03	3212	4.868725e+03	1.200000e+00	24	0	0	7180	7.863437e+03	1.150000e+00	23	4.356436e-01	8.822050e-01	1.150000e+00	23	5.066309e-01	5.358693e-01	
1.250000e+00	25	4362	4.210128e+03	5404	4.868725e+03	1.300000e+00	26	0	0	7377	7.863437e+03	1.250000e+00	25	5.533484e-01	8.822050e-01	1.250000e+00	25	5.696786e-01	5.358693e-01	
1.350000e+00	27	5388	4.210128e+03	5085	4.868725e+03	1.400000e+00	28	0	0	7274	7.863437e+03	1.350000e+00	27	4.855342e-01	8.822050e-01	1.350000e+00	27	5.901279e-01	5.358693e-01	
1.450000e+00	29	5480	4.210128e+03	4493	4.868725e+03	1.500000e+00	30	0	0	7793	7.863437e+03	1.450000e+00	29	4.505164e-01	8.822050e-01	1.450000e+00	29	5.613531e-01	5.358693e-01	
1.550000e+00	31	4663	4.210128e+03	4593	4.868725e+03	1.600000e+00	32	0	0	9019	7.863437e+03	1.550000e+00	31	4.962187e-01	8.822050e-01	1.550000e+00	31	5.064843e-01	5.358693e-01	
1.650000e+00	33	2954	4.210128e+03	5846	4.868725e+03	1.700000e+00	34	0	0	7220	7.863437e+03	1.650000e+00	33	6.643182e-01	8.822050e-01	1.650000e+00	33	5.493134e-01	5.358693e-01	
1.750000e+00	35	4031	4.210128e+03	5889	4.868725e+03	1.800000e+00	36	0	0	8293	7.863437e+03	1.750000e+00	35	5.936492e-01	8.822050e-01	1.750000e+00	35	5.446659e-01	5.358693e-01	
1.850000e+00	37	3995	4.210128e+03	5755	4.868725e+03	1.900000e+00	38	0	0	7351	7.863437e+03	1.850000e+00	37	5.902564e-01	8.822050e-01	1.850000e+00	37	5.701421e-01	5.358693e-01	
1.950000e+00	39	3760	4.210128e+03	4388	4.868725e+03	2	40	0	0	8920	7.863437e+03	1.950000e+00	39	5.385371e-01	8.822050e-01	1.950000e+00	39	4.773846e-01	5.358693e-01	
2.050000e+00	41	4133	4.210128e+03	4933	4.868725e+03	2.100000e+00	42	0	0	8153	7.863437e+03	2.050000e+00	41	5.441209e-01	8.822050e-01	2.050000e+00	41	5.265114e-01	5.358693e-01	
2.150000e+00	43	6215	4.210128e+03	4879	4.868725e+03	2.200000e+00	44	0	0	10810	7.863437e+03	2.150000e+00	43	4.397873e-01	8.822050e-01	2.150000e+00	43	5.064828e-01	5.358693e-01	
2.250000e+00	45	3974	4.210128e+03	5815	4.868725e+03	2.300000e+00	46	0	0	7953	7.863437e+03	2.250000e+00	45	5.940341e-01	8.822050e-01	2.250000e+00	45	5.517416e-01	5.358693e-01	
2.350000e+00	47	3728	4.210128e+03	4145	4.868725e+03	2.400000e+00	48	0	0	7382	7.863437e+03	2.350000e+00	47	5.264829e-01	8.822050e-01	2.350000e+00	47	5.160931e-01	5.358693e-01	
2.450000e+00	49	2354	9.507563e+02	7565	7.120521e+03	2.500000e+00	50	0	0	8048	7.863437e+03	2.450000e+00	49	7.626777e-01	8.822050e-01	2.450000e+00	49	5.520677e-01	5.065216e-01	
2.550000e+00	51	1229	9.507563e+02	7162	7.120521e+03	2.600000e+00	52	0	0	6951	7.863437e+03	2.550000e+00	51	8.535335e-01	8.822050e-01	2.550000e+00	51	5.469300e-01	5.065216e-01	
2.650000e+00	53	8.694000e+02	9.507563e+02	7837	7.120521e+03	2.700000e+00	54	0	0	5949	7.863437e+03	2.650000e+00	53	9.001424e-01	8.822050e-01	2.650000e+00	53	5.940745e-01	5.065216e-01	
2.750000e+00	55	6094	7.629533e+03	4.586000e+02	5.058211e+02	2.800000e+00	56	0	0	6474	7.863437e+03	2.750000e+00	55	6.998749e-02	6.217567e-02	2.750000e+00	55	5.030169e-01	5.084981e-01	
2.850000e+00	57	7825	7.629533e+03	1504	5.058211e+02	2.900000e+00	58	0	0	6255	7.863437e+03	2.850000e+00	57	1.612177e-01	6.217567e-02	2.850000e+00	57	5.986268e-01	5.084981e-01	
2.950000e+00	59	8102	7.629533e+03	-1.062000e+01	5.058211e+02	3	60	0	0	7145	7.863437e+03	2.950000e+00	59	-1.312508e-03	6.217567e-02	2.950000e+00	59	5.310566e-01	5.084981e-01	
3.050000e+00	61	7697	7.629533e+03	1099	5.058211e+02	3.100000e+00	62	0	0	6235	7.863437e+03	3.050000e+00	61	1.249432e-01	6.217567e-02	3.050000e+00	61	5.851906e-01	5.084981e-01	
3.150000e+00	63	6449	7.629533e+03	7.656000e+02	5.058211e+02	3.200000e+00	64	0	0	6526	7.863437e+03	3.150000e+00	63	1.061181e-01	6.217567e-02	3.150000e+00	63	5.250571e-01	5.084981e-01	
3.250000e+00	65	9279	7.629533e+03	5.051000e+02	5.058211e+02	3.300000e+00	66	0	0	9459	7.863437e+03	3.250000e+00	65	5.162457e-02	6.217567e-02	3.250000e+00	65	5.084472e-01	5.084981e-01	
3.350000e+00	67	8423	7.629533e+03	366	5.058211e+02	3.400000e+00	68	0	0	6774	7.863437e+03	3.350000e+00	67	4.164296e-02	6.217567e-02	3.350000e+00	67	5.647369e-01	5.084981e-01	
3.450000e+00	69	6546	7.629533e+03	-8.491000e+02	5.058211e+02	3.500000e+00	70	0	0	6972	7.863437e+03	3.450000e+00	69	-1.490460e-01	6.217567e-02	3.450000e+00	69	4.496760e-01	5.084981e-01	
3.550000e+00	71	8161	7.629533e+03	4.392000e+02	5.058211e+02	3.600000e+00	72	0	0	7299	7.863437e+03	3.550000e+00	71	5.106858e-02	6.217567e-02	3.550000e+00	71	5.409203e-01	5.084981e-01	
3.650000e+00	73	8146	7.629533e+03	1039	5.058211e+02	3.700000e+00	74	0	0	9313	7.863437e+03	3.650000e+00	73	1.131192e-01	6.217567e-02	3.650000e+00	73	4.965402e-01	5.084981e-01	
3.750000e+00	75	7389	7.629533e+03	1731	5.058211e+02	3.800000e+00	76	0	0	7632	7.863437e+03	3.750000e+00	75	1.898026e-01	6.217567e-02	3.750000e+00	75	5.444126e-01	5.084981e-01	
3.850000e+00	77	9173	7.629533e+03	1316	5.058211e+02	3.900000e+00	78	0	0	7716	7.863437e+03	3.850000e+00	77	1.254648e-01	6.217567e-02	3.850000e+00	77	5.761604e-01	5.084981e-01	
3.950000e+00	79	9155	7.629533e+03	1232	5.058211e+02	4	80	0	0	8759	7.863437e+03	3.950000e+00	79	1.186098e-01	6.217567e-02	3.950000e+00	79	5.425154e-01	5.084981e-01	
4.050000e+00	81	3718	4.210128e+03	5075	7.120521e+03	4.100000e+00	82	0	0	8022	7.863437e+03	4.050000e+00	81	5.771637e-01	6.284301e-01	4.050000e+00	81	5.229260e-01	5.903198e-01	
4.150000e+00	83	1885	9.507563e+02	8114	7.120521e+03	4.200000e+00	84	0	0	7679	7.863437e+03	4.150000e+00	83	8.114811e-01	6.284301e-01	4.150000e+00	83	5.656183e-01	5.903198e-01	
4.250000e+00	85	1139	9.507563e+02	8278	7.120521e+03	4.300000e+00	86	0	0	7782	7.863437e+03	4.250000e+00	85	8.790485e-01	6.284301e-01	4.250000e+00	85	5.475318e-01	5.903198e-01	
4.350000e+00	87	7.002000e+02	9.507563e+02	5714	7.120521e+03	4.400000e+00	88	0	0	8196	7.863437e+03	4.350000e+00	87	8.908360e-01	6.284301e-01	4.350000e+00	87	4.390221e-01	5.903198e-01	
4.450000e+00	89	1294	9.507563e+02	8422	7.120521e+03	4.500000e+00	90	0	0	5980	7.863437e+03	4.450000e+00	89	8.668176e-01	6.284301e-01	4.450000e+00	89	6.190112e-01	5.903198e-01	
4.550000e+00	91	4.457000e+02	9.507563e+02	7051	7.120521e+03	4.600000e+00	92	0	0	9714	7.863437e+03	4.550000e+00	91	9.405472e-01	6.284301e-01	4.550000e+00	91	4.355837e-01	5.903198e-01	
4.650000e+00	93	-4.320000e+01	9.507563e+02	7149	7.120521e+03	4.700000e+00	94	0	0	6747	7.863437e+03	4.650000e+00	93	1.006080e+00	6.284301e-01	4.650000e+00	93	5.129505e-01	5.903198e-01	
4.750000e+00	95	-1.021000e+02	9.507563e+02	6543	7.120521e+03	4.800000e+00	96	0	0	5816	7.863437e+03	4.750000e+00	95	1.015852e+00	6.284301e-01	4.750000e+00	95	5.254918e-01	5.903198e-01	
4.850000e+00	97	1364	9.507563e+02	5571	7.120521e+03	4.900000e+00	98	0	0	5929	7.863437e+03	4.850000e+00	97	8.033165e-01	6.284301e-01	4.850000e+00	97	5.391014e-01	5.903198e-01	
4.950000e+00	99	1735	9.507563e+02	8877	7.120521e+03	5	100	0	0	7599	7.863437e+03	4.950000e+00	99	8.365058e-01	6.284301e-01	4.950000e+00	99	5.827247e-01	5.903198e-01	
5.050000e+00	101	1755	9.507563e+02	6275	7.120521e+03	5.100000e+00	102	0	0	9307	7.863437e+03	5.050000e+00	101	7.814446e-01	6.284301e-01	5.050000e+00	101	4.631713e-01	5.903198e-01	
5.150000e+00	103	-7.785000e+01	9.507563e+02	5859	7.120521e+03	5.200000e+00	104	0	0	9495	7.863437e+03	5.150000e+00	103	1.013466e+00	6.284301e-01	5.150000e+00	103	3.784429e-01	5.903198e-01	
5.250000e+00	105	8.686000e+02	9.507563e+02	8186	7.120521e+03	5.300000e+00	106	0	0	7046	7.863437e+03	5.250000e+00	105	9.040709e-01	6.284301e-01	5.250000e+00	105	5.623766e-01	5.903198e-01	
5.350000e+00	107	8.145000e+02	9.507563e+02	6897	7.120521e+03	5.400000e+00	108	0	0	8720	7.863437e+03	5.350000e+00	107	8.943785e-01	6.284301e-01	5.350000e+00	107	4.693120e-01	5.903198e-01	
5.450000e+00	109	1024	9.507563e+02	8384	7.120521e+03	5.500000e+00	110	0	0	5506	7.863437e+03	5.450000e+00	109	8.911565e-01	6.284301e-01	5.450000e+00	109	6.308167e-01	5.903198e-01	
5.550000e+00	111	3.059000e+02	9.507563e+02	7534	7.120521e+03	5.600000e+00	112	0	0	6802	7.863437e+03	5.550000e+00	111	9.609816e-01	6.284301e-01	5.550000e+00	111	5.354428e-01	5.903198e-01	
5.650000e+00	113	9.344000e+02	9.507563e+02	6399	7.120521e+03	5.700000e+00	114	0	0	8063	7.863437e+03	5.650000e+00	113	8.725830e-01	6.284301e-01	5.650000e+00	113	4.763061e-01	5.903198e-01	
5.750000e+00	115	1627	9.507563e+02	6735	7.120521e+03	5.800000e+00	116	0	0	7508	7.863437e+03	5.750000e+00	115	8.054293e-01	6.284301e-01	5.750000e+00	115	5.269061e-01	5.903198e-01	
5.850000e+00	117	1495	9.507563e+02	8694	7.120521e+03	5.900000e+00	118	0	0	8597	7.863437e+03	5.850000e+00	117	8.532731e-01	6.284301e-01	5.850000e+00	117	5.423720e-01	5.903198e-01	
5.950000e+00	119	5.434000e+02	9.507563e+02	6474	7.120521e+03	6	120	0	0	10100	7.863437e+03	5.950000e+00	119	9.225639e-01	6.284301e-01	5.950000e+00	119	4.099571e-01	5.903198e-01	
6.050000e+00	121	8.121000e+02	9.507563e+02	6143	7.120521e+03	6.100000e+00	122	0	0	7404	7.863437e+03	6.050000e+00	121	8.832368e-01	6.284301e-01	6.050000e+00	121	4.843688e-01	5.903198e-01	
6.150000e+00	123	8.641000e+02	9.507563e+02	7010	7.120521e+03	6.200000e+00	124	0	0	8466	7.863437e+03	6.150000e+00	123	8.902605e-01	6.284301e-01	6.150000e+00	123	4.818881e-01	5.903198e-01	
6.250000e+00	125	4.495000e+02	9.507563e+02	8175	7.120521e+03	6.300000e+00	126	0	0	7971	7.863437e+03	6.250000e+00	125	9.478810e-01	6.284301e-01	6.250000e+00	125	5.196891e-01	5.903198e-01	
6.350000e+00	127	8.818000e+02	9.507563e+02	6941	7.120521e+03	6.400000e+00	128	0	0	7373	7.863437e+03	6.350000e+00	127	8.872782e-01	6.284301e-01	6.350000e+00	127	5.148001e-01	5.903198e-01	
6.450000e+00	129	-2.211000e+02	9.507563e+02	9162	7.120521e+03	6.500000e+00	130	0	0	8471	7.863437e+03	6.450000e+00	129	1.024729e+00	6.284301e-01	6.450000e+00	129	5.134936e-01	5.903198e-01	
6.550000e+00	131	1339	9.507563e+02	6284	7.120521e+03	6.600000e+00	132	0	0	7354	7.863437e+03	6.550000e+00	131	8.243474e-01	6.284301e-01	6.550000e+00	131	5.089804e-01	5.903198e-01	
6.650000e+00	133	5.053000e+02	9.507563e+02	8391	7.120521e+03	6.700000e+00	134	0	0	6139	7.863437e+03	6.650000e+00	133	9.432011e-01	6.284301e-01	6.650000e+00	133	5.916942e-01	5.903198e-01	
6.750000e+00	135	2065	9.507563e+02	7101	7.120521e+03	6.800000e+00	136	0	0	8732	7.863437e+03	6.750000e+00	135	7.747109e-01	6.284301e-01	6.750000e+00	135	5.121243e-01	5.903198e-01	
6.850000e+00	137	4.939000e+02	9.507563e+02	5402	7.120521e+03	6.900000e+00	138	0	0	9570	7.863437e+03	6.850000e+00	137	9.162299e-01	6.284301e-01	6.850000e+00	137	3.812193e-01	5.903198e-01	
6.950000e+00	139	6.015000e+02	9.507563e+02	5941	7.120521e+03	7	140	0	0	8110	7.863437e+03	6.950000e+00	139	9.080627e-01	6.284301e-01	6.950000e+00	139	4.465108e-01	5.903198e-01	
7.050000e+00	141	1002	9.507563e+02	6816	7.120521e+03	7.100000e+00	142	0	0	8160	7.863437e+03	7.050000e+00	141	8.718342e-01	6.284301e-01	7.050000e+00	141	4.892978e-01	5.903198e-01	
7.150000e+00	143	1300	9.507563e+02	7364	7.120521e+03	7.200000e+00	144	0	0	6267	7.863437e+03	7.150000e+00	143	8.499538e-01	6.284301e-01	7.150000e+00	143	5.802692e-01	5.903198e-01	
7.250000e+00	145	3.518000e+02	9.507563e+02	7279	7.120521e+03	7.300000e+00	146	0	0	7986	7.863437e+03	7.250000e+00	145	9.538974e-01	6.284301e-01	7.250000e+00	145	4.886276e-01	5.903198e-01	
7.350000e+00	147	1492	9.507563e+02	6710	7.120521e+03	7.400000e+00	148	0	0	7749	7.863437e+03	7.350000e+00	147	8.180931e-01	6.284301e-01	7.350000e+00	147	5.141997e-01	5.903198e-01	
7.450000e+00	149	1086	9.507563e+02	6514	7.120521e+03	7.500000e+00	150	0	0	8119	7.863437e+03	7.450000e+00	149	8.571053e-01	6.284301e-01	7.450000e+00	149	4.834913e-01	5.903198e-01	
7.550000e+00	151	3.560000e+01	9.507563e+02	6654	7.120521e+03	7.600000e+00	152	0	0	8383	7.863437e+03	7.550000e+00	151	9.946783e-01	6.284301e-01	7.550000e+00	151	4.438252e-01	5.903198e-01	
7.650000e+00	153	6.535000e+02	9.507563e+02	7819	7.120521e+03	7.700000e+00	154	0	0	6714	7.863437e+03	7.650000e+00	153	9.228681e-01	6.284301e-01	7.650000e+00	153	5.578968e-01	5.903198e-01	
7.750000e+00	155	1.269000e+02	9.507563e+02	6544	7.120521e+03	7.800000e+00	156	0	0	9229	7.863437e+03	7.750000e+00	155	9.809771e-01	6.284301e-01	7.750000e+00	155	4.195561e-01	5.903198e-01	
7.850000e+00	157	1739	9.507563e+02	5585	7.120521e+03	7.900000e+00	158	0	0	7841	7.863437e+03	7.850000e+00	157	7.625614e-01	6.284301e-01	7.850000e+00	157	4.829542e-01	5.903198e-01	
7.950000e+00	159	1306	9.507563e+02	6038	7.120521e+03	8	160	0	0	7007	7.863437e+03	7.950000e+00	159	8.221678e-01	6.284301e-01	7.950000e+00	159	5.117413e-01	5.903198e-01	
8.050000e+00	161	1993	9.507563e+02	8575	7.120521e+03	8.100000e+00	162	0	0	7693	7.863437e+03	8.050000e+00	161	8.114118e-01	6.284301e-01	8.050000e+00	161	5.787197e-01	5.903198e-01	
8.150000e+00	163	1.480000e+01	9.507563e+02	9121	7.120521e+03	8.200000e+00	164	0	0	6983	7.863437e+03	8.150000e+00	163	9.983800e-01	6.284301e-01	8.150000e+00	163	5.667792e-01	5.903198e-01	
8.250000e+00	165	7.092000e+02	9.507563e+02	8219	7.120521e+03	8.300000e+00	166	0	0	7481	7.863437e+03	8.250000e+00	165	9.205663e-01	6.284301e-01	8.250000e+00	165	5.440972e-01	5.903198e-01	
8.350000e+00	167	2801	4.210128e+03	6899	7.120521e+03	8.400000e+00	168	0	0	5421	7.863437e+03	8.350000e+00	167	7.112371e-01	6.284301e-01	8.350000e+00	167	6.414920e-01	5.903198e-01	
8.450000e+00	169	4914	4.210128e+03	4239	4.868725e+03	8.500000e+00	170	0	0	8291	7.863437e+03	8.450000e+00	169	4.631268e-01	5.362710e-01	8.450000e+00	169	5.247076e-01	5.903198e-01	
8.550000e+00	171	4474	4.210128e+03	5838	4.868725e+03	8.600000e+00	172	0	0	8807	7.863437e+03	8.550000e+00	171	5.661365e-01	5.362710e-01	8.550000e+00	171	5.393588e-01	5.903198e-01	
8.650000e+00	173	6011	4.210128e+03	4747	4.868725e+03	8.700000e+00	174	0	0	7009	7.863437e+03	8.650000e+00	173	4.412530e-01	5.362710e-01	8.650000e+00	173	6.055046e-01	5.903198e-01	
8.750000e+00	175	4075	4.210128e+03	4315	4.868725e+03	8.800000e+00	176	0	0	7676	7.863437e+03	8.750000e+00	175	5.143027e-01	5.362710e-01	8.750000e+00	175	5.222208e-01	5.903198e-01	
8.850000e+00	177	3657	4.210128e+03	5828	4.868725e+03	8.900000e+00	178	0	0	9429	7.863437e+03	8.850000e+00	177	6.144439e-01	5.362710e-01	8.850000e+00	177	5.014804e-01	5.903198e-01	
8.950000e+00	179	5014	4.210128e+03	3817	4.868725e+03	9	180	0	0	6882	7.863437e+03	8.950000e+00	179	4.322274e-01	5.362710e-01	8.950000e+00	179	5.620187e-01	5.903198e-01	
9.050000e+00	181	4012	4.210128e+03	3770	4.868725e+03	9.100000e+00	182	0	0	7807	7.863437e+03	9.050000e+00	181	4.844513e-01	5.362710e-01	9.050000e+00	181	4.991982e-01	5.903198e-01	
9.150000e+00	183	4865	4.210128e+03	4649	4.868725e+03	9.200000e+00	184	0	0	7361	7.863437e+03	9.150000e+00	183	4.886483e-01	5.362710e-01	9.150000e+00	183	5.637926e-01	5.903198e-01	
9.250000e+00	185	3892	4.210128e+03	4564	4.868725e+03	9.300000e+00	186	0	0	8787	7.863437e+03	9.250000e+00	185	5.397351e-01	5.362710e-01	9.250000e+00	185	4.904019e-01	5.903198e-01	
9.350000e+00	187	3766	4.210128e+03	5103	4.868725e+03	9.400000e+00	188	0	0	9717	7.863437e+03	9.350000e+00	187	5.753749e-01	5.362710e-01	9.350000e+00	187	4.771871e-01	5.903198e-01	
9.450000e+00	189	4522	4.210128e+03	6764	4.868725e+03	9.500000e+00	190	0	0	8343	7.863437e+03	9.450000e+00	189	5.993266e-01	5.362710e-01	9.450000e+00	189	5.749656e-01	5.903198e-01	
9.550000e+00	191	4580	4.210128e+03	4971	4.868725e+03	9.600000e+00	192	0	0	6944	7.863437e+03	9.550000e+00	191	5.204691e-01	5.362710e-01	9.550000e+00	191	5.790239e-01	5.903198e-01	
9.650000e+00	193	3968	4.210128e+03	4049	4.868725e+03	9.700000e+00	194	0	0	7821	7.863437e+03	9.650000e+00	193	5.050518e-01	5.362710e-01	9.650000e+00	193	5.061876e-01	5.903198e-01	
9.750000e+00	195	4407	4.210128e+03	5686	4.868725e+03	9.800000e+00	196	0	0	7099	7.863437e+03	9.750000e+00	195	5.633607e-01	5.362710e-01	9.750000e+00	195	5.870754e-01	5.903198e-01	
9.850000e+00	197	5182	4.210128e+03	5387	4.868725e+03	9.900000e+00	198	0	0	9704	7.863437e+03	9.850000e+00	197	5.096982e-01	5.362710e-01	9.850000e+00	197	5.213338e-01	5.903198e-01	
9.950000e+00	199	4055	4.210128e+03	6249	4.868725e+03	10	200	0	0	8366	7.863437e+03	9.950000e+00	199	6.064635e-01	5.362710e-01	9.950000e+00	199	5.519014e-01	5.903198e-01	
1.005000e+01	201	3282	4.210128e+03	4634	4.868725e+03	1.010000e+01	202	0	0	7742	7.863437e+03	1.005000e+01	201	5.853967e-01	5.362710e-01	1.005000e+01	201	5.055563e-01	5.903198e-01	
1.015000e+01	203	3426	4.210128e+03	4755	4.868725e+03	1.020000e+01	204	0	0	6270	7.863437e+03	1.015000e+01	203	5.812248e-01	5.362710e-01	1.015000e+01	203	5.661200e-01	5.903198e-01	
1.025000e+01	205	3955	4.210128e+03	4888	4.868725e+03	1.030000e+01	206	0	0	6720	7.863437e+03	1.025000e+01	205	5.527536e-01	5.362710e-01	1.025000e+01	205	5.682066e-01	5.903198e-01	
1.035000e+01	207	4138	4.210128e+03	5814	4.868725e+03	1.040000e+01	208	0	0	8778	7.863437e+03	1.035000e+01	207	5.842042e-01	5.362710e-01	1.035000e+01	207	5.313401e-01	5.903198e-01	
1.045000e+01	209	4233	4.210128e+03	4429	4.868725e+03	1.050000e+01	210	0	0	8472	7.863437e+03	1.045000e+01	209	5.113138e-01	5.362710e-01	1.045000e+01	209	5.055445e-01	5.903198e-01	
1.055000e+01	211	4024	4.210128e+03	4653	4.868725e+03	1.060000e+01	212	0	0	7650	7.863437e+03	1.055000e+01	211	5.362452e-01	5.362710e-01	1.055000e+01	211	5.314510e-01	5.903198e-01	
1.065000e+01	213	2815	4.210128e+03	4213	4.868725e+03	1.070000e+01	214	0	0	7844	7.863437e+03	1.065000e+01	213	5.994593e-01	5.362710e-01	1.065000e+01	213	4.725659e-01	5.903198e-01	
1.075000e+01	215	4654	4.210128e+03	5847	4.868725e+03	1.080000e+01	216	0	0	9550	7.863437e+03	1.075000e+01	215	5.568041e-01	5.362710e-01	1.075000e+01	215	5.237145e-01	5.903198e-01	
1.085000e+01	217	5277	4.210128e+03	3919	4.868725e+03	1.090000e+01	218	0	0	7979	7.863437e+03	1.085000e+01	217	4.261635e-01	5.362710e-01	1.085000e+01	217	5.354294e-01	5.903198e-01	
1.095000e+01	219	3668	4.210128e+03	4932	4.868725e+03	11	220	0	0	8917	7.863437e+03	1.095000e+01	219	5.734884e-01	5.362710e-01	1.095000e+01	219	4.909516e-01	5.903198e-01	
1.105000e+01	221	4546	4.210128e+03	4966	4.868725e+03	1.110000e+01	222	0	0	8997	7.863437e+03	1.105000e+01	221	5.220774e-01	5.362710e-01	1.105000e+01	221	5.139122e-01	5.903198e-01	
1.115000e+01	223	5178	4.210128e+03	5906	4.868725e+03	1.120000e+01	224	0	0	8190	7.863437e+03	1.115000e+01	223	5.328401e-01	5.362710e-01	1.115000e+01	223	5.750752e-01	5.903198e-01	
1.125000e+01	225	4016	4.210128e+03	5423	4.868725e+03	1.130000e+01	226	0	0	7065	7.863437e+03	1.125000e+01	225	5.745312e-01	5.362710e-01	1.125000e+01	225	5.719220e-01	5.903198e-01	
1.135000e+01	227	5878	4.210128e+03	4672	4.868725e+03	1.140000e+01	228	0	0	8344	7.863437e+03	1.135000e+01	227	4.428436e-01	5.362710e-01	1.135000e+01	227	5.583783e-01	5.903198e-01	
1.145000e+01	229	5652	4.210128e+03	6445	4.868725e+03	1.150000e+01	230	0	0	9414	7.863437e+03	1.145000e+01	229	5.327767e-01	5.362710e-01	1.145000e+01	229	5.623634e-01	5.903198e-01	
1.155000e+01	231	4060	4.210128e+03	5285	4.868725e+03	1.160000e+01	232	0	0	6613	7.863437e+03	1.155000e+01	231	5.655431e-01	5.362710e-01	1.155000e+01	231	5.855997e-01	5.903198e-01	
1.165000e+01	233	2789	4.210128e+03	6346	7.120521e+03	1.170000e+01	234	0	0	7714	7.863437e+03	1.165000e+01	233	6.946907e-01	5.362710e-01	1.165000e+01	233	5.421687e-01	5.903198e-01	
1.175000e+01	235	-1.981000e+02	9.507563e+02	6038	7.120521e+03	1.180000e+01	236	0	0	10430	7.863437e+03	1.175000e+01	235	1.033922e+00	8.822050e-01	1.175000e+01	235	3.589389e-01	5.903198e-01	
1.185000e+01	237	1844	9.507563e+02	8105	7.120521e+03	1.190000e+01	238	0	0	7368	7.863437e+03	1.185000e+01	237	8.146547e-01	8.822050e-01	1.185000e+01	237	5.745221e-01	5.903198e-01	
1.195000e+01	239	8.847000e+02	9.507563e+02	7100	7.120521e+03	12	240	0	0	6795	7.863437e+03	1.195000e+01	239	8.892006e-01	8.822050e-01	1.195000e+01	239	5.402478e-01	5.903198e-01	
1.205000e+01	241	5.617000e+02	9.507563e+02	5678	7.120521e+03	1.210000e+01	242	0	0	7522	7.863437e+03	1.205000e+01	241	9.099796e-01	8.822050e-01	1.205000e+01	241	4.534106e-01	5.903198e-01	
1.215000e+01	243	1498	9.507563e+02	6365	7.120521e+03	1.220000e+01	244	0	0	8744	7.863437e+03	1.215000e+01	243	8.094875e-01	8.822050e-01	1.215000e+01	243	4.734750e-01	5.903198e-01	
1.225000e+01	245	6.202000e+02	9.507563e+02	7175	7.120521e+03	1.230000e+01	246	0	0	6205	7.863437e+03	1.225000e+01	245	9.204382e-01	8.822050e-01	1.225000e+01	245	5.567920e-01	5.903198e-01	
1.235000e+01	247	1315	9.507563e+02	8931	7.120521e+03	1.240000e+01	248	0	0	7337	7.863437e+03	1.235000e+01	247	8.716572e-01	8.822050e-01	1.235000e+01	247	5.827219e-01	5.903198e-01	
1.245000e+01	249	4.698000e+02	9.507563e+02	9117	7.120521e+03	1.250000e+01	250	0	0	6487	7.863437e+03	1.245000e+01	249	9.509951e-01	8.822050e-01	1.245000e+01	249	5.964240e-01	5.903198e-01	
1.255000e+01	251	2523	9.507563e+02	5756	7.120521e+03	1.260000e+01	252	0	0	8410	7.863437e+03	1.255000e+01	251	6.952530e-01	8.822050e-01	1.255000e+01	251	4.960753e-01	5.903198e-01	
1.265000e+01	253	9.959000e+02	9.507563e+02	8001	7.120521e+03	1.270000e+01	254	0	0	6609	7.863437e+03	1.265000e+01	253	8.893063e-01	8.822050e-01	1.265000e+01	253	5.765063e-01	5.903198e-01	
1.275000e+01	255	-3.235000e+01	9.507563e+02	7101	7.120521e+03	1.280000e+01	256	0	0	8565	7.863437e+03	1.275000e+01	255	1.004577e+00	8.822050e-01	1.275000e+01	255	4.521433e-01	5.903198e-01	
1.285000e+01	257	1152	9.507563e+02	6212	7.120521e+03	1.290000e+01	258	0	0	6462	7.863437e+03	1.285000e+01	257	8.435633e-01	8.822050e-01	1.285000e+01	257	5.326197e-01	5.903198e-01	
1.295000e+01	259	6.224000e+01	9.507563e+02	6157	7.120521e+03	13	260	0	0	7822	7.863437e+03	1.295000e+01	259	9.899923e-01	8.822050e-01	1.295000e+01	259	4.429267e-01	5.903198e-01	
1.305000e+01	261	-4.188000e+02	9.507563e+02	7408	7.120521e+03	1.310000e+01	262	0	0	6195	7.863437e+03	1.305000e+01	261	1.059921e+00	8.822050e-01	1.305000e+01	261	5.301194e-01	5.903198e-01	
1.315000e+01	263	4.061000e+02	9.507563e+02	7740	7.120521e+03	1.320000e+01	264	0	0	9805	7.863437e+03	1.315000e+01	263	9.501479e-01	8.822050e-01	1.315000e+01	263	4.537939e-01	5.903198e-01	
1.325000e+01	265	1056	9.507563e+02	9156	7.120521e+03	1.330000e+01	266	0	0	6897	7.863437e+03	1.325000e+01	265	8.965922e-01	8.822050e-01	1.325000e+01	265	5.968788e-01	5.903198e-01	
1.335000e+01	267	1049	9.507563e+02	6906	7.120521e+03	1.340000e+01	268	0	0	7397	7.863437e+03	1.335000e+01	267	8.681332e-01	8.822050e-01	1.335000e+01	267	5.181735e-01	5.903198e-01	
1.345000e+01	269	1470	9.507563e+02	7261	7.120521e+03	1.350000e+01	270	0	0	7160	7.863437e+03	1.345000e+01	269	8.316344e-01	8.822050e-01	1.345000e+01	269	5.494305e-01	5.903198e-01	
1.355000e+01	271	9.495000e+02	9.507563e+02	8483	7.120521e+03	1.360000e+01	272	0	0	7613	7.863437e+03	1.355000e+01	271	8.993374e-01	8.822050e-01	1.355000e+01	271	5.533719e-01	5.903198e-01	
1.365000e+01	273	1322	9.507563e+02	7366	7.120521e+03	1.370000e+01	274	0	0	7101	7.863437e+03	1.365000e+01	273	8.478361e-01	8.822050e-01	1.365000e+01	273	5.502565e-01	5.903198e-01	
1.375000e+01	275	1.057000e+01	9.507563e+02	6738	7.120521e+03	1.380000e+01	276	0	0	9796	7.863437e+03	1.375000e+01	275	9.984337e-01	8.822050e-01	1.375000e+01	275	4.079024e-01	5.903198e-01	
1.385000e+01	277	6.881000e+02	9.507563e+02	7712	7.120521e+03	1.390000e+01	278	0	0	6626	7.863437e+03	1.385000e+01	277	9.180843e-01	8.822050e-01	1.385000e+01	277	5.590339e-01	5.903198e-01	
1.395000e+01	279	1559	9.507563e+02	7568	7.120521e+03	14	280	0	0	7717	7.863437e+03	1.395000e+01	279	8.291881e-01	8.822050e-01	1.395000e+01	279	5.418547e-01	5.903198e-01	
1.405000e+01	281	4.354000e+02	9.507563e+02	7455	7.120521e+03	1.410000e+01	282	0	0	8617	7.863437e+03	1.405000e+01	281	9.448190e-01	8.822050e-01	1.405000e+01	281	4.779917e-01	5.903198e-01	
1.415000e+01	283	3.055000e+02	9.507563e+02	7983	7.120521e+03	1.420000e+01	284	0	0	7530	7.863437e+03	1.415000e+01	283	9.631417e-01	8.822050e-01	1.415000e+01	283	5.239751e-01	5.903198e-01	
1.425000e+01	285	4.597000e+02	9.507563e+02	7973	7.120521e+03	1.430000e+01	286	0	0	5907	7.863437e+03	1.425000e+01	285	9.454860e-01	8.822050e-01	1.425000e+01	285	5.880667e-01	5.903198e-01	
1.435000e+01	287	2299	9.507563e+02	7485	7.120521e+03	1.440000e+01	288	0	0	7101	7.863437e+03	1.435000e+01	287	7.650245e-01	8.822050e-01	1.435000e+01	287	5.794492e-01	5.903198e-01	
1.445000e+01	289	5.643000e+02	9.507563e+02	6832	7.120521e+03	1.450000e+01	290	0	0	8105	7.863437e+03	1.445000e+01	289	9.237051e-01	8.822050e-01	1.445000e+01	289	4.771406e-01	5.903198e-01	
1.455000e+01	291	2192	9.507563e+02	6266	7.120521e+03	1.460000e+01	292	0	0	6844	7.863437e+03	1.455000e+01	291	7.408371e-01	8.822050e-01	1.455000e+01	291	5.527382e-01	5.903198e-01	
1.465000e+01	293	1202	9.507563e+02	7882	7.120521e+03	1.470000e+01	294	0	0	7507	7.863437e+03	1.465000e+01	293	8.676794e-01	8.822050e-01	1.465000e+01	293	5.475258e-01	5.903198e-01	
1.475000e+01	295	9.937000e+02	9.507563e+02	6542	7.120521e+03	1.480000e+01	296	0	0	8112	7.863437e+03	1.475000e+01	295	8.681343e-01	8.822050e-01	1.475000e+01	295	4.815852e-01	5.903198e-01	
1.485000e+01	297	9.437000e+02	9.507563e+02	7425	7.120521e+03	1.490000e+01	298	0	0	8758	7.863437e+03	1.485000e+01	297	8.872346e-01	8.822050e-01	1.485000e+01	297	4.886347e-01	5.903198e-01	
1.495000e+01	299	1624	9.507563e+02	9306	7.120521e+03	15	300	0	0	8469	7.863437e+03	1.495000e+01	299	8.514181e-01	8.822050e-01	1.495000e+01	299	5.634311e-01	5.903198e-01	
1.505000e+01	301	9.989000e+02	9.507563e+02	5448	7.120521e+03	1.510000e+01	302	0	0	8727	7.863437e+03	1.505000e+01	301	8.450573e-01	8.822050e-01	1.505000e+01	301	4.248677e-01	5.903198e-01	
1.515000e+01	303	5.323000e+02	9.507563e+02	7704	7.120521e+03	1.520000e+01	304	0	0	9007	7.863437e+03	1.515000e+01	303	9.353715e-01	8.822050e-01	1.515000e+01	303	4.776522e-01	5.903198e-01	
1.525000e+01	305	1.668000e+02	9.507563e+02	7146	7.120521e+03	1.530000e+01	306	0	0	6966	7.863437e+03	1.525000e+01	305	9.771907e-01	8.822050e-01	1.525000e+01	305	5.121439e-01	5.903198e-01	
1.535000e+01	307	3.751000e+02	9.507563e+02	8842	7.120521e+03	1.540000e+01	308	0	0	7063	7.863437e+03	1.535000e+01	307	9.593039e-01	8.822050e-01	1.535000e+01	307	5.661575e-01	5.903198e-01	
1.545000e+01	309	6.311000e+01	9.507563e+02	8120	7.120521e+03	1.550000e+01	310	0	0	8311	7.863437e+03	1.545000e+01	309	9.922878e-01	8.822050e-01	1.545000e+01	309	4.961232e-01	5.903198e-01	
1.555000e+01	311	2.368000e+02	9.507563e+02	6883	7.120521e+03	1.560000e+01	312	0	0	8041	7.863437e+03	1.555000e+01	311	9.667406e-01	8.822050e-01	1.555000e+01	311	4.696190e-01	5.903198e-01	
1.565000e+01	313	7.311000e+02	9.507563e+02	7728	7.120521e+03	1.570000e+01	314	0	0	7453	7.863437e+03	1.565000e+01	313	9.135724e-01	8.822050e-01	1.565000e+01	313	5.316143e-01	5.903198e-01	
1.575000e+01	315	1919	9.507563e+02	7584	7.120521e+03	1.580000e+01	316	0	0	8282	7.863437e+03	1.575000e+01	315	7.980638e-01	8.822050e-01	1.575000e+01	315	5.343267e-01	5.903198e-01	
1.585000e+01	317	8.147000e+02	9.507563e+02	7896	7.120521e+03	1.590000e+01	318	0	0	7150	7.863437e+03	1.585000e+01	317	9.064714e-01	8.822050e-01	1.585000e+01	317	5.492002e-01	5.903198e-01	
1.595000e+01	319	1452	9.507563e+02	7062	7.120521e+03	16	320	0	0	7618	7.863437e+03	1.595000e+01	319	8.294574e-01	8.822050e-01	1.595000e+01	319	5.277709e-01	5.903198e-01	
1.605000e+01	321	1443	9.507563e+02	6604	7.120521e+03	1.610000e+01	322	0	0	8772	7.863437e+03	1.605000e+01	321	8.206785e-01	8.822050e-01	1.605000e+01	321	4.784470e-01	5.903198e-01	
1.615000e+01	323	2.154000e+02	9.507563e+02	5216	7.120521e+03	1.620000e+01	324	0	0	6524	7.863437e+03	1.615000e+01	323	9.603417e-01	8.822050e-01	1.615000e+01	323	4.543052e-01	5.903198e-01	
1.625000e+01	325	1728	9.507563e+02	8189	7.120521e+03	1.630000e+01	326	0	0	7211	7.863437e+03	1.625000e+01	325	8.257538e-01	8.822050e-01	1.625000e+01	325	5.789935e-01	5.903198e-01	
1.635000e+01	327	4101	4.210128e+03	4889	4.868725e+03	1.640000e+01	328	0	0	6366	7.863437e+03	1.635000e+01	327	5.438265e-01	5.362710e-01	1.635000e+01	327	5.854389e-01	5.358693e-01	
1.645000e+01	329	3788	4.210128e+03	5351	4.868725e+03	1.650000e+01	330	0	0	7547	7.863437e+03	1.645000e+01	329	5.855126e-01	5.362710e-01	1.645000e+01	329	5.477047e-01	5.358693e-01	
1.655000e+01	331	4178	4.210128e+03	3722	4.868725e+03	1.660000e+01	332	0	0	6733	7.863437e+03	1.655000e+01	331	4.711392e-01	5.362710e-01	1.655000e+01	331	5.398756e-01	5.358693e-01	
1.665000e+01	333	4526	4.210128e+03	3891	4.868725e+03	1.670000e+01	334	0	0	5554	7.863437e+03	1.665000e+01	333	4.622787e-01	5.362710e-01	1.665000e+01	333	6.024622e-01	5.358693e-01	
1.675000e+01	335	5368	4.210128e+03	4762	4.868725e+03	1.680000e+01	336	0	0	9365	7.863437e+03	1.675000e+01	335	4.700888e-01	5.362710e-01	1.675000e+01	335	5.196204e-01	5.358693e-01	
1.685000e+01	337	4478	4.210128e+03	5626	4.868725e+03	1.690000e+01	338	0	0	7654	7.863437e+03	1.685000e+01	337	5.568092e-01	5.362710e-01	1.685000e+01	337	5.689830e-01	5.358693e-01	
1.695000e+01	339	9.637000e+02	9.507563e+02	6517	7.120521e+03	17	340	0	0	6641	7.863437e+03	1.695000e+01	339	8.711752e-01	8.822050e-01	1.695000e+01	339	5.297308e-01	5.065216e-01	
1.705000e+01	341	-5.122000e+02	9.507563e+02	7523	7.120521e+03	1.710000e+01	342	0	0	8152	7.863437e+03	1.705000e+01	341	1.073059e+00	8.822050e-01	1.705000e+01	341	4.623684e-01	5.065216e-01	
1.715000e+01	343	1828	9.507563e+02	9208	7.120521e+03	1.720000e+01	344	0	0	8255	7.863437e+03	1.715000e+01	343	8.343603e-01	8.822050e-01	1.715000e+01	343	5.720802e-01	5.065216e-01	
1.725000e+01	345	1041	9.507563e+02	7764	7.120521e+03	1.730000e+01	346	0	0	8062	7.863437e+03	1.725000e+01	345	8.817717e-01	8.822050e-01	1.725000e+01	345	5.220253e-01	5.065216e-01	
1.735000e+01	347	1585	9.507563e+02	6289	7.120521e+03	1.740000e+01	348	0	0	8585	7.863437e+03	1.735000e+01	347	7.987046e-01	8.822050e-01	1.735000e+01	347	4.784009e-01	5.065216e-01	
1.745000e+01	349	1251	9.507563e+02	5323	4.868725e+03	1.750000e+01	350	0	0	8418	7.863437e+03	1.745000e+01	349	8.097049e-01	8.822050e-01	1.745000e+01	349	4.385005e-01	4.253100e-01	
1.755000e+01	351	6604	7.629533e+03	2063	4.868725e+03	1.760000e+01	352	0	0	7679	7.863437e+03	1.755000e+01	351	2.380293e-01	3.895523e-01	1.755000e+01	351	5.302215e-01	4.253100e-01	
1.765000e+01	353	4853	4.210128e+03	4699	4.868725e+03	1.770000e+01	354	0	0	8417	7.863437e+03	1.765000e+01	353	4.919389e-01	3.895523e-01	1.765000e+01	353	5.315822e-01	5.358693e-01	
1.775000e+01	355	4681	4.210128e+03	4201	4.868725e+03	1.780000e+01	356	0	0	9113	7.863437e+03	1.775000e+01	355	4.729791e-01	3.895523e-01	1.775000e+01	355	4.935816e-01	5.358693e-01	
1.785000e+01	357	4404	4.210128e+03	3363	4.868725e+03	1.790000e+01	358	0	0	8283	7.863437e+03	1.785000e+01	357	4.329857e-01	3.895523e-01	1.785000e+01	357	4.839252e-01	5.358693e-01	
1.795000e+01	359	2980	4.210128e+03	3990	4.868725e+03	18	360	0	0	7260	7.863437e+03	1.795000e+01	359	5.724534e-01	3.895523e-01	1.795000e+01	359	4.898103e-01	5.358693e-01	
1.805000e+01	361	3847	4.210128e+03	4961	4.868725e+03	1.810000e+01	362	0	0	9376	7.863437e+03	1.805000e+01	361	5.632380e-01	3.895523e-01	1.805000e+01	361	4.843819e-01	5.358693e-01	
1.815000e+01	363	3331	4.210128e+03	5238	4.868725e+03	1.820000e+01	364	0	0	8276	7.863437e+03	1.815000e+01	363	6.112732e-01	3.895523e-01	1.815000e+01	363	5.086969e-01	5.358693e-01	
1.825000e+01	365	-979	9.507563e+02	7764	7.120521e+03	1.830000e+01	366	0	0	9504	7.863437e+03	1.825000e+01	365	1.144289e+00	8.822050e-01	1.825000e+01	365	4.165388e-01	5.065216e-01	
1.835000e+01	367	5.675000e+02	9.507563e+02	6839	7.120521e+03	1.840000e+01	368	0	0	8514	7.863437e+03	1.835000e+01	367	9.233781e-01	8.822050e-01	1.835000e+01	367	4.652178e-01	5.065216e-01	
1.845000e+01	369	2307	9.507563e+02	6349	7.120521e+03	1.850000e+01	370	0	0	7855	7.863437e+03	1.845000e+01	369	7.334797e-01	8.822050e-01	1.845000e+01	369	5.242566e-01	5.065216e-01	
1.855000e+01	371	2020	9.507563e+02	6423	7.120521e+03	1.860000e+01	372	0	0	7358	7.863437e+03	1.855000e+01	371	7.607485e-01	8.822050e-01	1.855000e+01	371	5.343333e-01	5.065216e-01	
1.865000e+01	373	1.047000e+02	9.507563e+02	7634	7.120521e+03	1.870000e+01	374	0	0	7699	7.863437e+03	1.865000e+01	373	9.864706e-01	8.822050e-01	1.865000e+01	373	5.012858e-01	5.065216e-01	
1.875000e+01	375	-6.708000e+02	9.507563e+02	6524	7.120521e+03	1.880000e+01	376	0	0	6257	7.863437e+03	1.875000e+01	375	1.114604e+00	8.822050e-01	1.875000e+01	375	4.833281e-01	5.065216e-01	
1.885000e+01	377	8.413000e+02	9.507563e+02	7703	7.120521e+03	1.890000e+01	378	0	0	9865	7.863437e+03	1.885000e+01	377	9.015367e-01	8.822050e-01	1.885000e+01	377	4.641295e-01	5.065216e-01	
1.895000e+01	379	2198	9.507563e+02	6377	7.120521e+03	19	380	0	0	7542	7.863437e+03	1.895000e+01	379	7.436735e-01	8.822050e-01	1.895000e+01	379	5.320469e-01	5.065216e-01	
1.905000e+01	381	9.124000e+01	9.507563e+02	7410	7.120521e+03	1.910000e+01	382	0	0	9315	7.863437e+03	1.905000e+01	381	9.878367e-01	8.822050e-01	1.905000e+01	381	4.460712e-01	5.065216e-01	
1.915000e+01	383	2127	9.507563e+02	5769	7.120521e+03	1.920000e+01	384	0	0	6009	7.863437e+03	1.915000e+01	383	7.306231e-01	8.822050e-01	1.915000e+01	383	5.678533e-01	5.065216e-01	
1.925000e+01	385	7.065000e+01	9.507563e+02	7705	7.120521e+03	1.930000e+01	386	0	0	8906	7.863437e+03	1.925000e+01	385	9.909139e-01	8.822050e-01	1.925000e+01	385	4.661200e-01	5.065216e-01	
1.935000e+01	387	1814	9.507563e+02	7283	7.120521e+03	1.940000e+01	388	0	0	8018	7.863437e+03	1.935000e+01	387	8.005936e-01	8.822050e-01	1.935000e+01	387	5.315221e-01	5.065216e-01	
1.945000e+01	389	-2.355000e+01	9.507563e+02	6677	7.120521e+03	1.950000e+01	390	0	0	7604	7.863437e+03	1.945000e+01	389	1.003540e+00	8.822050e-01	1.945000e+01	389	4.666648e-01	5.065216e-01	
1.955000e+01	391	1691	9.507563e+02	6635	7.120521e+03	1.960000e+01	392	0	0	7846	7.863437e+03	1.955000e+01	391	7.969013e-01	8.822050e-01	1.955000e+01	391	5.148405e-01	5.065216e-01	
1.965000e+01	393	1456	9.507563e+02	7432	7.120521e+03	1.970000e+01	394	0	0	6939	7.863437e+03	1.965000e+01	393	8.361836e-01	8.822050e-01	1.965000e+01	393	5.615720e-01	5.065216e-01	
1.975000e+01	395	1005	9.507563e+02	6555	7.120521e+03	1.980000e+01	396	0	0	10070	7.863437e+03	1.975000e+01	395	8.670635e-01	8.822050e-01	1.975000e+01	395	4.288145e-01	5.065216e-01	
1.985000e+01	397	-2.491000e+02	9.507563e+02	6312	7.120521e+03	1.990000e+01	398	0	0	7850	7.863437e+03	1.985000e+01	397	1.041086e+00	8.822050e-01	1.985000e+01	397	4.357754e-01	5.065216e-01	
1.995000e+01	399	-1.654000e+02	9.507563e+02	6996	7.120521e+03	20	400	0	0	7890	7.863437e+03	1.995000e+01	399	1.024215e+00	8.822050e-01	1.995000e+01	399	4.640164e-01	5.065216e-01	
2.005000e+01	401	4.253000e+02	9.507563e+02	8055	7.120521e+03	2.010000e+01	402	0	0	9777	7.863437e+03	2.005000e+01	401	9.498485e-01	8.822050e-01	2.005000e+01	401	4.644882e-01	5.065216e-01	
2.015000e+01	403	1563	9.507563e+02	7952	7.120521e+03	2.020000e+01	404	0	0	8443	7.863437e+03	2.015000e+01	403	8.357331e-01	8.822050e-01	2.015000e+01	403	5.298474e-01	5.065216e-01	
2.025000e+01	405	1812	9.507563e+02	5694	7.120521e+03	2.030000e+01	406	0	0	8643	7.863437e+03	2.025000e+01	405	7.585931e-01	8.822050e-01	2.025000e+01	405	4.647966e-01	5.065216e-01	
2.035000e+01	407	-1.412000e+02	9.507563e+02	8609	7.120521e+03	2.040000e+01	408	0	0	7634	7.863437e+03	2.035000e+01	407	1.016675e+00	8.822050e-01	2.035000e+01	407	5.258915e-01	5.065216e-01	
2.045000e+01	409	-9.196000e+02	9.507563e+02	6767	7.120521e+03	2.050000e+01	410	0	0	6132	7.863437e+03	2.045000e+01	409	1.157266e+00	8.822050e-01	2.045000e+01	409	4.881213e-01	5.065216e-01	
2.055000e+01	411	2173	9.507563e+02	7179	7.120521e+03	2.060000e+01	412	0	0	7012	7.863437e+03	2.055000e+01	411	7.676433e-01	8.822050e-01	2.055000e+01	411	5.714984e-01	5.065216e-01	
2.065000e+01	413	-6.330000e+01	9.507563e+02	7152	7.120521e+03	2.070000e+01	414	0	0	8323	7.863437e+03	2.065000e+01	413	1.008930e+00	8.822050e-01	2.065000e+01	413	4.599557e-01	5.065216e-01	
2.075000e+01	415	8.974000e+02	9.507563e+02	6284	7.120521e+03	2.080000e+01	416	0	0	7778	7.863437e+03	2.075000e+01	415	8.750383e-01	8.822050e-01	2.075000e+01	415	4.800594e-01	5.065216e-01	
2.085000e+01	417	5.021000e+02	9.507563e+02	6960	7.120521e+03	2.090000e+01	418	0	0	6728	7.863437e+03	2.085000e+01	417	9.327133e-01	8.822050e-01	2.085000e+01	417	5.258666e-01	5.065216e-01	
2.095000e+01	419	1765	9.507563e+02	7007	7.120521e+03	21	420	0	0	8280	7.863437e+03	2.095000e+01	419	7.987916e-01	8.822050e-01	2.095000e+01	419	5.144265e-01	5.065216e-01	
2.105000e+01	421	5.667000e+02	9.507563e+02	8652	7.120521e+03	2.110000e+01	422	0	0	6870	7.863437e+03	2.105000e+01	421	9.385271e-01	8.822050e-01	2.105000e+01	421	5.729922e-01	5.065216e-01	
2.115000e+01	423	1404	9.507563e+02	7223	7.120521e+03	2.120000e+01	424	0	0	8599	7.863437e+03	2.115000e+01	423	8.372551e-01	8.822050e-01	2.115000e+01	423	5.008127e-01	5.065216e-01	
2.125000e+01	425	7116	7.629533e+03	1579	5.058211e+02	2.130000e+01	426	0	0	7518	7.863437e+03	2.125000e+01	425	1.815986e-01	6.217567e-02	2.125000e+01	425	5.362980e-01	5.084981e-01	
2.135000e+01	427	5790	7.629533e+03	4323	4.868725e+03	2.140000e+01	428	0	0	6551	7.863437e+03	2.135000e+01	427	4.274696e-01	6.217567e-02	2.135000e+01	427	6.068771e-01	5.084981e-01	
2.145000e+01	429	3918	4.210128e+03	5627	4.868725e+03	2.150000e+01	430	0	0	10280	7.863437e+03	2.145000e+01	429	5.895233e-01	5.362710e-01	2.145000e+01	429	4.814628e-01	5.358693e-01	
2.155000e+01	431	4959	4.210128e+03	4969	4.868725e+03	2.160000e+01	432	0	0	6110	7.863437e+03	2.155000e+01	431	5.005036e-01	5.362710e-01	2.155000e+01	431	6.190298e-01	5.358693e-01	
2.165000e+01	433	4399	4.210128e+03	3998	4.868725e+03	2.170000e+01	434	0	0	8192	7.863437e+03	2.165000e+01	433	4.761224e-01	5.362710e-01	2.165000e+01	433	5.061788e-01	5.358693e-01	
2.175000e+01	435	4853	4.210128e+03	4568	4.868725e+03	2.180000e+01	436	0	0	9327	7.863437e+03	2.175000e+01	435	4.848742e-01	5.362710e-01	2.175000e+01	435	5.025069e-01	5.358693e-01	
2.185000e+01	437	4464	4.210128e+03	5744	4.868725e+03	2.190000e+01	438	0	0	7542	7.863437e+03	2.185000e+01	437	5.626959e-01	5.362710e-01	2.185000e+01	437	5.750986e-01	5.358693e-01	
2.195000e+01	439	3545	4.210128e+03	4312	4.868725e+03	22	440	0	0	6863	7.863437e+03	2.195000e+01	439	5.488100e-01	5.362710e-01	2.195000e+01	439	5.337636e-01	5.358693e-01	
2.205000e+01	441	3563	4.210128e+03	3508	4.868725e+03	2.210000e+01	442	0	0	8582	7.863437e+03	2.205000e+01	441	4.961109e-01	5.362710e-01	2.205000e+01	441	4.517345e-01	5.358693e-01	
2.215000e+01	443	4237	4.210128e+03	5080	4.868725e+03	2.220000e+01	444	0	0	8640	7.863437e+03	2.215000e+01	443	5.452399e-01	5.362710e-01	2.215000e+01	443	5.188506e-01	5.358693e-01	
2.225000e+01	445	3916	4.210128e+03	5603	4.868725e+03	2.230000e+01	446	0	0	7378	7.863437e+03	2.225000e+01	445	5.886122e-01	5.362710e-01	2.225000e+01	445	5.633544e-01	5.358693e-01	
2.235000e+01	447	2134	9.507563e+02	7543	7.120521e+03	2.240000e+01	448	0	0	7242	7.863437e+03	2.235000e+01	447	7.794771e-01	8.822050e-01	2.235000e+01	447	5.719605e-01	5.065216e-01	
2.245000e+01	449	6.206000e+02	9.507563e+02	6765	7.120521e+03	2.250000e+01	450	0	0	8038	7.863437e+03	2.245000e+01	449	9.159716e-01	8.822050e-01	2.245000e+01	449	4.788506e-01	5.065216e-01	
2.255000e+01	451	4.804000e+02	9.507563e+02	5990	7.120521e+03	2.260000e+01	452	0	0	11270	7.863437e+03	2.255000e+01	451	9.257542e-01	8.822050e-01	2.255000e+01	451	3.647268e-01	5.065216e-01	
2.265000e+01	453	1370	9.507563e+02	5319	7.120521e+03	2.270000e+01	454	0	0	8470	7.863437e+03	2.265000e+01	453	7.951861e-01	8.822050e-01	2.265000e+01	453	4.412560e-01	5.065216e-01	
2.275000e+01	455	9.626000e+01	9.507563e+02	7158	7.120521e+03	2.280000e+01	456	0	0	9220	7.863437e+03	2.275000e+01	455	9.867306e-01	8.822050e-01	2.275000e+01	455	4.403391e-01	5.065216e-01	
2.285000e+01	457	7.511000e+02	9.507563e+02	8166	7.120521e+03	2.290000e+01	458	0	0	10400	7.863437e+03	2.285000e+01	457	9.157686e-01	8.822050e-01	2.285000e+01	457	4.616169e-01	5.065216e-01	
2.295000e+01	459	2060	9.507563e+02	7796	7.120521e+03	23	460	0	0	7565	7.863437e+03	2.295000e+01	459	7.909903e-01	8.822050e-01	2.295000e+01	459	5.657540e-01	5.065216e-01	
2.305000e+01	461	1.287000e+02	9.507563e+02	7932	7.120521e+03	2.310000e+01	462	0	0	8170	7.863437e+03	2.305000e+01	461	9.840336e-01	8.822050e-01	2.305000e+01	461	4.966329e-01	5.065216e-01	
2.315000e+01	463	1.075000e+02	9.507563e+02	6276	7.120521e+03	2.320000e+01	464	0	0	8568	7.863437e+03	2.315000e+01	463	9.831597e-01	8.822050e-01	2.315000e+01	463	4.269471e-01	5.065216e-01	
2.325000e+01	465	6.574000e+02	9.507563e+02	6644	7.120521e+03	2.330000e+01	466	0	0	8480	7.863437e+03	2.325000e+01	465	9.099625e-01	8.822050e-01	2.325000e+01	465	4.626586e-01	5.065216e-01	
2.335000e+01	467	1698	9.507563e+02	7678	7.120521e+03	2.340000e+01	468	0	0	6192	7.863437e+03	2.335000e+01	467	8.188993e-01	8.822050e-01	2.335000e+01	467	6.022610e-01	5.065216e-01	
2.345000e+01	469	2320	9.507563e+02	5401	7.120521e+03	2.350000e+01	470	0	0	9285	7.863437e+03	2.345000e+01	469	6.995208e-01	8.822050e-01	2.345000e+01	469	4.540162e-01	5.065216e-01	
2.355000e+01	471	9.123000e+02	9.507563e+02	8147	7.120521e+03	2.360000e+01	472	0	0	7439	7.863437e+03	2.355000e+01	471	8.992969e-01	8.822050e-01	2.355000e+01	471	5.491051e-01	5.065216e-01	
2.365000e+01	473	9.975000e+02	9.507563e+02	7160	7.120521e+03	2.370000e+01	474	0	0	7891	7.863437e+03	2.365000e+01	473	8.777199e-01	8.822050e-01	2.365000e+01	473	5.083030e-01	5.065216e-01	
2.375000e+01	475	1335	9.507563e+02	6700	7.120521e+03	2.380000e+01	476	0	0	8375	7.863437e+03	2.375000e+01	475	8.338519e-01	8.822050e-01	2.375000e+01	475	4.896405e-01	5.065216e-01	
2.385000e+01	477	3.754000e+02	9.507563e+02	7774	7.120521e+03	2.390000e+01	478	0	0	6423	7.863437e+03	2.385000e+01	477	9.539353e-01	8.822050e-01	2.385000e+01	477	5.592353e-01	5.065216e-01	
2.395000e+01	479	1516	9.507563e+02	5647	7.120521e+03	24	480	0	0	7636	7.863437e+03	2.395000e+01	479	7.883568e-01	8.822050e-01	2.395000e+01	479	4.840192e-01	5.065216e-01	
2.405000e+01	481	6.279000e+02	9.507563e+02	6237	7.120521e+03	2.410000e+01	482	0	0	6227	7.863437e+03	2.405000e+01	481	9.085347e-01	8.822050e-01	2.405000e+01	481	5.243624e-01	5.065216e-01	
2.415000e+01	483	2382	9.507563e+02	5761	7.120521e+03	2.420000e+01	484	0	0	8076	7.863437e+03	2.415000e+01	483	7.074788e-01	8.822050e-01	2.415000e+01	483	5.020655e-01	5.065216e-01	
2.425000e+01	485	9.558000e+02	9.507563e+02	6962	7.120521e+03	2.430000e+01	486	0	0	8678	7.863437e+03	2.425000e+01	485	8.792846e-01	8.822050e-01	2.425000e+01	485	4.770966e-01	5.065216e-01	
2.435000e+01	487	1.068000e+02	9.507563e+02	8880	7.120521e+03	2.440000e+01	488	0	0	6576	7.863437e+03	2.435000e+01	487	9.881159e-01	8.822050e-01	2.435000e+01	487	5.774539e-01	5.065216e-01	
2.445000e+01	489	5.601000e+02	9.507563e+02	7627	7.120521e+03	2.450000e+01	490	0	0	7386	7.863437e+03	2.445000e+01	489	9.315875e-01	8.822050e-01	2.445000e+01	489	5.257206e-01	5.065216e-01	
2.455000e+01	491	1333	9.507563e+02	8053	7.120521e+03	2.460000e+01	492	0	0	7746	7.863437e+03	2.455000e+01	491	8.579800e-01	8.822050e-01	2.455000e+01	491	5.478636e-01	5.065216e-01	
2.465000e+01	493	4.343000e+02	9.507563e+02	6133	7.120521e+03	2.470000e+01	494	0	0	6956	7.863437e+03	2.465000e+01	493	9.338693e-01	8.822050e-01	2.465000e+01	493	4.856285e-01	5.065216e-01	
2.475000e+01	495	1478	9.507563e+02	7068	7.120521e+03	2.480000e+01	496	0	0	6839	7.863437e+03	2.475000e+01	495	8.270536e-01	8.822050e-01	2.475000e+01	495	5.554761e-01	5.065216e-01	
2.485000e+01	497	1911	9.507563e+02	5465	7.120521e+03	2.490000e+01	498	0	0	7355	7.863437e+03	2.485000e+01	497	7.409165e-01	8.822050e-01	2.485000e+01	497	5.007128e-01	5.065216e-01	
2.495000e+01	499	6.302000e+02	9.507563e+02	6814	7.120521e+03	25	500	0	0	7677	7.863437e+03	2.495000e+01	499	9.153435e-01	8.822050e-01	2.495000e+01	499	4.923022e-01	5.065216e-01	
2.505000e+01	501	1651	9.507563e+02	7710	7.120521e+03	2.510000e+01	502	0	0	8640	7.863437e+03	2.505000e+01	501	8.236300e-01	8.822050e-01	2.505000e+01	501	5.200267e-01	5.065216e-01	
2.515000e+01	503	8.927000e+02	9.507563e+02	8271	7.120521e+03	2.520000e+01	504	0	0	7506	7.863437e+03	2.515000e+01	503	9.025830e-01	8.822050e-01	2.515000e+01	503	5.497220e-01	5.065216e-01	
2.525000e+01	505	8.932000e+02	9.507563e+02	6727	7.120521e+03	2.530000e+01	506	0	0	5133	7.863437e+03	2.525000e+01	505	8.827852e-01	8.822050e-01	2.525000e+01	505	5.975128e-01	5.065216e-01	
2.535000e+01	507	1303	9.507563e+02	7656	7.120521e+03	2.540000e+01	508	0	0	7346	7.863437e+03	2.535000e+01	507	8.545597e-01	8.822050e-01	2.535000e+01	507	5.494634e-01	5.065216e-01	
2.545000e+01	509	9.367000e+02	9.507563e+02	7741	7.120521e+03	2.550000e+01	510	0	0	9160	7.863437e+03	2.545000e+01	509	8.920567e-01	8.822050e-01	2.545000e+01	509	4.864809e-01	5.065216e-01	
2.555000e+01	511	1.813000e+02	9.507563e+02	7441	7.120521e+03	2.560000e+01	512	0	0	6681	7.863437e+03	2.555000e+01	511	9.762145e-01	8.822050e-01	2.555000e+01	511	5.329050e-01	5.065216e-01	
2.565000e+01	513	1362	9.507563e+02	7280	7.120521e+03	2.570000e+01	514	0	0	7141	7.863437e+03	2.565000e+01	513	8.423976e-01	8.822050e-01	2.565000e+01	513	5.475512e-01	5.065216e-01	
2.575000e+01	515	1.809000e+02	9.507563e+02	4765	7.120521e+03	2.580000e+01	516	0	0	10370	7.863437e+03	2.575000e+01	515	9.634243e-01	8.822050e-01	2.575000e+01	515	3.229258e-01	5.065216e-01	
2.585000e+01	517	271	9.507563e+02	6368	7.120521e+03	2.590000e+01	518	0	0	6941	7.863437e+03	2.585000e+01	517	9.591806e-01	8.822050e-01	2.585000e+01	517	4.888807e-01	5.065216e-01	
2.595000e+01	519	2.087000e+02	9.507563e+02	6867	7.120521e+03	26	520	0	0	9889	7.863437e+03	2.595000e+01	519	9.705047e-01	8.822050e-01	2.595000e+01	519	4.170837e-01	5.065216e-01	
2.605000e+01	521	1585	9.507563e+02	7578	7.120521e+03	2.610000e+01	522	0	0	8562	7.863437e+03	2.605000e+01	521	8.270217e-01	8.822050e-01	2.605000e+01	521	5.169535e-01	5.065216e-01	
2.615000e+01	523	2300	9.507563e+02	8016	7.120521e+03	2.620000e+01	524	0	0	9880	7.863437e+03	2.615000e+01	523	7.770454e-01	8.822050e-01	2.615000e+01	523	5.107942e-01	5.065216e-01	
2.625000e+01	525	321	9.507563e+02	6530	7.120521e+03	2.630000e+01	526	0	0	6958	7.863437e+03	2.625000e+01	525	9.531455e-01	8.822050e-01	2.625000e+01	525	4.961257e-01	5.065216e-01	
2.635000e+01	527	3102	4.210128e+03	6294	7.120521e+03	2.640000e+01	528	0	0	7652	7.863437e+03	2.635000e+01	527	6.698595e-01	8.822050e-01	2.635000e+01	527	5.511497e-01	5.903198e-01	
2.645000e+01	529	3824	4.210128e+03	3371	4.868725e+03	2.650000e+01	530	0	0	8774	7.863437e+03	2.645000e+01	529	4.685198e-01	5.362710e-01	2.645000e+01	529	4.505605e-01	5.903198e-01	
2.655000e+01	531	3.729000e+02	9.507563e+02	6156	7.120521e+03	2.660000e+01	532	0	0	8435	7.863437e+03	2.655000e+01	531	9.428847e-01	5.362710e-01	2.655000e+01	531	4.363101e-01	5.065216e-01	
2.665000e+01	533	3.932000e+02	9.507563e+02	6550	7.120521e+03	2.670000e+01	534	0	0	6101	7.863437e+03	2.665000e+01	533	9.433691e-01	5.362710e-01	2.665000e+01	533	5.322825e-01	5.065216e-01	
2.675000e+01	535	2055	9.507563e+02	6705	7.120521e+03	2.680000e+01	536	0	0	6912	7.863437e+03	2.675000e+01	535	7.654110e-01	5.362710e-01	2.675000e+01	535	5.589587e-01	5.065216e-01	
2.685000e+01	537	1.501000e+02	9.507563e+02	7207	7.120521e+03	2.690000e+01	538	0	0	7931	7.863437e+03	2.685000e+01	537	9.795979e-01	5.362710e-01	2.685000e+01	537	4.812305e-01	5.065216e-01	
2.695000e+01	539	7.134000e+02	9.507563e+02	6172	7.120521e+03	27	540	0	0	4577	7.863437e+03	2.695000e+01	539	8.963895e-01	5.362710e-01	2.695000e+01	539	6.006944e-01	5.065216e-01	
2.705000e+01	541	7330	7.629533e+03	-1.528000e+01	5.058211e+02	2.710000e+01	542	0	0	10330	7.863437e+03	2.705000e+01	541	-2.088938e-03	6.217567e-02	2.705000e+01	541	4.145557e-01	5.084981e-01	
2.715000e+01	543	8819	7.629533e+03	3.263000e+02	5.058211e+02	2.720000e+01	544	0	0	9395	7.863437e+03	2.715000e+01	543	3.567953e-02	6.217567e-02	2.715000e+01	543	4.932660e-01	5.084981e-01	
2.725000e+01	545	8179	7.629533e+03	1523	5.058211e+02	2.730000e+01	546	0	0	6240	7.863437e+03	2.725000e+01	545	1.569779e-01	6.217567e-02	2.725000e+01	545	6.085811e-01	5.084981e-01	
2.735000e+01	547	7341	7.629533e+03	1400	5.058211e+02	2.740000e+01	548	0	0	7624	7.863437e+03	2.735000e+01	547	1.601647e-01	6.217567e-02	2.735000e+01	547	5.341277e-01	5.084981e-01	
2.745000e+01	549	8509	7.629533e+03	166	5.058211e+02	2.750000e+01	550	0	0	8368	7.863437e+03	2.745000e+01	549	1.913545e-02	6.217567e-02	2.745000e+01	549	5.090066e-01	5.084981e-01	
2.755000e+01	551	7144	7.629533e+03	-659	5.058211e+02	2.760000e+01	552	0	0	8078	7.863437e+03	2.755000e+01	551	-1.016191e-01	6.217567e-02	2.755000e+01	551	4.453066e-01	5.084981e-01	
2.765000e+01	553	5421	7.629533e+03	-6.292000e+02	5.058211e+02	2.770000e+01	554	0	0	8241	7.863437e+03	2.765000e+01	553	-1.313077e-01	6.217567e-02	2.765000e+01	553	3.676723e-01	5.084981e-01	
2.775000e+01	555	7647	7.629533e+03	2.636000e+01	5.058211e+02	2.780000e+01	556	0	0	7489	7.863437e+03	2.775000e+01	555	3.435262e-03	6.217567e-02	2.775000e+01	555	5.060795e-01	5.084981e-01	
2.785000e+01	557	7902	7.629533e+03	5.073000e+02	5.058211e+02	2.790000e+01	558	0	0	9440	7.863437e+03	2.785000e+01	557	6.032607e-02	6.217567e-02	2.785000e+01	557	4.711277e-01	5.084981e-01	
2.795000e+01	559	6563	7.629533e+03	1.793000e+01	5.058211e+02	28	560	0	0	7770	7.863437e+03	2.795000e+01	559	2.724539e-03	6.217567e-02	2.795000e+01	559	4.585717e-01	5.084981e-01	
2.805000e+01	561	8518	7.629533e+03	1555	5.058211e+02	2.810000e+01	562	0	0	8733	7.863437e+03	2.805000e+01	561	1.543731e-01	6.217567e-02	2.805000e+01	561	5.356269e-01	5.084981e-01	
2.815000e+01	563	9740	7.629533e+03	-1122	5.058211e+02	2.820000e+01	564	0	0	7740	7.863437e+03	2.815000e+01	563	-1.301926e-01	6.217567e-02	2.815000e+01	563	5.268370e-01	5.084981e-01	
2.825000e+01	565	7548	7.629533e+03	-4.772000e+02	5.058211e+02	2.830000e+01	566	0	0	6715	7.863437e+03	2.825000e+01	565	-6.748883e-02	6.217567e-02	2.825000e+01	565	5.129046e-01	5.084981e-01	
2.835000e+01	567	6276	7.629533e+03	369	5.058211e+02	2.840000e+01	568	0	0	8398	7.863437e+03	2.835000e+01	567	5.553047e-02	6.217567e-02	2.835000e+01	567	4.417337e-01	5.084981e-01	
2.845000e+01	569	2239	9.507563e+02	6510	7.120521e+03	2.850000e+01	570	0	0	7862	7.863437e+03	2.845000e+01	569	7.440850e-01	8.822050e-01	2.845000e+01	569	5.266992e-01	5.065216e-01	
2.855000e+01	571	2064	9.507563e+02	7228	7.120521e+03	2.860000e+01	572	0	0	8995	7.863437e+03	2.855000e+01	571	7.778734e-01	8.822050e-01	2.855000e+01	571	5.081205e-01	5.065216e-01	
2.865000e+01	573	5.575000e+02	9.507563e+02	7734	7.120521e+03	2.870000e+01	574	0	0	7636	7.863437e+03	2.865000e+01	573	9.327625e-01	8.822050e-01	2.865000e+01	573	5.205776e-01	5.065216e-01	
2.875000e+01	575	1280	9.507563e+02	6870	7.120521e+03	2.880000e+01	576	0	0	7640	7.863437e+03	2.875000e+01	575	8.429448e-01	8.822050e-01	2.875000e+01	575	5.161495e-01	5.065216e-01	
2.885000e+01	577	1537	9.507563e+02	6344	7.120521e+03	2.890000e+01	578	0	0	9838	7.863437e+03	2.885000e+01	577	8.049740e-01	8.822050e-01	2.885000e+01	577	4.447768e-01	5.065216e-01	
2.895000e+01	579	5.902000e+02	9.507563e+02	5782	7.120521e+03	29	580	0	0	9327	7.863437e+03	2.895000e+01	579	9.073789e-01	8.822050e-01	2.895000e+01	579	4.058933e-01	5.065216e-01	
2.905000e+01	581	1994	9.507563e+02	7183	7.120521e+03	2.910000e+01	582	0	0	6673	7.863437e+03	2.905000e+01	581	7.827177e-01	8.822050e-01	2.905000e+01	581	5.789905e-01	5.065216e-01	
2.915000e+01	583	6.035000e+02	9.507563e+02	7655	7.120521e+03	2.920000e+01	584	0	0	8044	7.863437e+03	2.915000e+01	583	9.269238e-01	8.822050e-01	2.915000e+01	583	5.065787e-01	5.065216e-01	
2.925000e+01	585	6.671000e+02	9.507563e+02	7360	7.120521e+03	2.930000e+01	586	0	0	8303	7.863437e+03	2.925000e+01	585	9.168940e-01	8.822050e-01	2.925000e+01	585	4.915524e-01	5.065216e-01	
2.935000e+01	587	1624	9.507563e+02	7275	7.120521e+03	2.940000e+01	588	0	0	7059	7.863437e+03	2.935000e+01	587	8.175076e-01	8.822050e-01	2.935000e+01	587	5.576513e-01	5.065216e-01	
2.945000e+01	589	1064	9.507563e+02	8068	7.120521e+03	2.950000e+01	590	0	0	7105	7.863437e+03	2.945000e+01	589	8.834866e-01	8.822050e-01	2.945000e+01	589	5.624192e-01	5.065216e-01	
2.955000e+01	591	2455	9.507563e+02	5986	7.120521e+03	2.960000e+01	592	0	0	8359	7.863437e+03	2.955000e+01	591	7.091577e-01	8.822050e-01	2.955000e+01	591	5.024405e-01	5.065216e-01	
2.965000e+01	593	4030	4.210128e+03	5077	4.868725e+03	2.970000e+01	594	0	0	6703	7.863437e+03	2.965000e+01	593	5.574833e-01	5.362710e-01	2.965000e+01	593	5.760278e-01	5.358693e-01	
2.975000e+01	595	5428	4.210128e+03	3715	4.868725e+03	2.980000e+01	596	0	0	7723	7.863437e+03	2.975000e+01	595	4.063218e-01	5.362710e-01	2.975000e+01	595	5.420965e-01	5.358693e-01	
2.985000e+01	597	4108	4.210128e+03	4381	4.868725e+03	2.990000e+01	598	0	0	10760	7.863437e+03	2.985000e+01	597	5.160796e-01	5.362710e-01	2.985000e+01	597	4.410099e-01	5.358693e-01	
2.995000e+01	599	4089	4.210128e+03	5270	4.868725e+03	30	600	0	0	8096	7.863437e+03	2.995000e+01	599	5.630943e-01	5.362710e-01	2.995000e+01	599	5.361787e-01	5.358693e-01	
3.005000e+01	601	3042	4.210128e+03	4596	4.868725e+03	3.010000e+01	602	0	0	7258	7.863437e+03	3.005000e+01	601	6.017282e-01	5.362710e-01	3.005000e+01	601	5.127551e-01	5.358693e-01	
3.015000e+01	603	3819	4.210128e+03	6343	4.868725e+03	3.020000e+01	604	0	0	8389	7.863437e+03	3.015000e+01	603	6.241882e-01	5.362710e-01	3.015000e+01	603	5.477872e-01	5.358693e-01	
3.025000e+01	605	4581	4.210128e+03	5256	4.868725e+03	3.030000e+01	606	0	0	7122	7.863437e+03	3.025000e+01	605	5.343092e-01	5.362710e-01	3.025000e+01	605	5.800460e-01	5.358693e-01	
3.035000e+01	607	4445	4.210128e+03	4531	4.868725e+03	3.040000e+01	608	0	0	7729	7.863437e+03	3.035000e+01	607	5.047906e-01	5.362710e-01	3.035000e+01	607	5.373242e-01	5.358693e-01	
3.045000e+01	609	4605	4.210128e+03	6607	4.868725e+03	3.050000e+01	610	0	0	7111	7.863437e+03	3.045000e+01	609	5.892793e-01	5.362710e-01	3.045000e+01	609	6.119085e-01	5.358693e-01	
3.055000e+01	611	3658	4.210128e+03	4807	4.868725e+03	3.060000e+01	612	0	0	8110	7.863437e+03	3.055000e+01	611	5.678677e-01	5.362710e-01	3.055000e+01	611	5.107089e-01	5.358693e-01	
3.065000e+01	613	4457	4.210128e+03	6919	4.868725e+03	3.070000e+01	614	0	0	8252	7.863437e+03	3.065000e+01	613	6.082103e-01	5.362710e-01	3.065000e+01	613	5.795802e-01	5.358693e-01	
3.075000e+01	615	3507	4.210128e+03	5630	4.868725e+03	3.080000e+01	616	0	0	7957	7.863437e+03	3.075000e+01	615	6.161760e-01	5.362710e-01	3.075000e+01	615	5.345150e-01	5.358693e-01	
3.085000e+01	617	3115	4.210128e+03	3759	4.868725e+03	3.090000e+01	618	0	0	6837	7.863437e+03	3.085000e+01	617	5.468432e-01	5.362710e-01	3.085000e+01	617	5.013493e-01	5.358693e-01	
3.095000e+01	619	4054	4.210128e+03	4837	4.868725e+03	31	620	0	0	6819	7.863437e+03	3.095000e+01	619	5.440333e-01	5.362710e-01	3.095000e+01	619	5.659453e-01	5.358693e-01	
3.105000e+01	621	4372	4.210128e+03	4533	4.868725e+03	3.110000e+01	622	0	0	6217	7.863437e+03	3.105000e+01	621	5.090399e-01	0	3.105000e+01	621	5.888771e-01	0	
