time at 532nm	frame at 532nm	I_1 at 532nm(counts)	discr.I_1 at 532nm(counts)	I_2 at 532nm(counts)	discr.I_2 at 532nm(counts)	time at 638nm	frame at 638nm	I_1 at 638nm(counts)	discr.I_1 at 638nm(counts)	I_2 at 638nm(counts)	discr.I_2 at 638nm(counts)	time at 532nm	frame at 532nm	FRET_1>2	discr.FRET_1>2	time at 532nm	frame at 532nm	S_1>2	discr.S_1>2	
5.000000e-02	1	6.543000e+02	6.608289e+02	8827	7.828429e+03	1.000000e-01	2	0	0	8967	8.511970e+03	5.000000e-02	1	9.309905e-01	9.221570e-01	5.000000e-02	1	5.139390e-01	4.993320e-01	
1.500000e-01	3	-1.277000e+02	6.608289e+02	8060	7.828429e+03	2.000000e-01	4	0	0	8331	8.511970e+03	1.500000e-01	3	1.016099e+00	9.221570e-01	1.500000e-01	3	4.877423e-01	4.993320e-01	
2.500000e-01	5	1407	6.608289e+02	7607	7.828429e+03	3.000000e-01	6	0	0	9130	8.511970e+03	2.500000e-01	5	8.439095e-01	9.221570e-01	2.500000e-01	5	4.968034e-01	4.993320e-01	
3.500000e-01	7	-5.151000e+02	6.608289e+02	6999	7.828429e+03	4.000000e-01	8	0	0	8477	8.511970e+03	3.500000e-01	7	1.079443e+00	9.221570e-01	3.500000e-01	7	4.333897e-01	4.993320e-01	
4.500000e-01	9	124	6.608289e+02	8856	7.828429e+03	5.000000e-01	10	0	0	7100	8.511970e+03	4.500000e-01	9	9.861915e-01	9.221570e-01	4.500000e-01	9	5.584577e-01	4.993320e-01	
5.500000e-01	11	1582	6.608289e+02	6969	7.828429e+03	6.000000e-01	12	0	0	6845	8.511970e+03	5.500000e-01	11	8.149924e-01	9.221570e-01	5.500000e-01	11	5.554040e-01	4.993320e-01	
6.500000e-01	13	1690	6.608289e+02	8287	7.828429e+03	7.000000e-01	14	0	0	7962	8.511970e+03	6.500000e-01	13	8.306104e-01	9.221570e-01	6.500000e-01	13	5.561626e-01	4.993320e-01	
7.500000e-01	15	3334	5.162097e+03	5497	7.828429e+03	8.000000e-01	16	0	0	7138	8.511970e+03	7.500000e-01	15	6.224663e-01	9.221570e-01	7.500000e-01	15	5.530090e-01	6.041404e-01	
8.500000e-01	17	7333	5.162097e+03	-4.352000e+02	8.115321e+02	9.000000e-01	18	0	0	8906	8.511970e+03	8.500000e-01	17	-6.309258e-02	1.358524e-01	8.500000e-01	17	4.364646e-01	6.041404e-01	
9.500000e-01	19	8404	5.162097e+03	1084	8.115321e+02	1	20	0	0	8729	8.511970e+03	9.500000e-01	19	1.142496e-01	1.358524e-01	9.500000e-01	19	5.208322e-01	6.041404e-01	
1.050000e+00	21	6465	5.162097e+03	1.911000e+02	8.115321e+02	1.100000e+00	22	0	0	10100	8.511970e+03	1.050000e+00	21	2.871051e-02	1.358524e-01	1.050000e+00	21	3.972344e-01	6.041404e-01	
1.150000e+00	23	6627	5.162097e+03	6.475000e+02	8.115321e+02	1.200000e+00	24	0	0	8582	8.511970e+03	1.150000e+00	23	8.900955e-02	1.358524e-01	1.150000e+00	23	4.587709e-01	6.041404e-01	
1.250000e+00	25	8287	5.162097e+03	217	8.115321e+02	1.300000e+00	26	0	0	8445	8.511970e+03	1.250000e+00	25	2.551740e-02	1.358524e-01	1.250000e+00	25	5.017405e-01	6.041404e-01	
1.350000e+00	27	7673	5.162097e+03	3.071000e+01	8.115321e+02	1.400000e+00	28	0	0	9633	8.511970e+03	1.350000e+00	27	3.986391e-03	1.358524e-01	1.350000e+00	27	4.443582e-01	6.041404e-01	
1.450000e+00	29	7262	5.162097e+03	9.678000e+02	8.115321e+02	1.500000e+00	30	0	0	10610	8.511970e+03	1.450000e+00	29	1.175970e-01	1.358524e-01	1.450000e+00	29	4.368305e-01	6.041404e-01	
1.550000e+00	31	7200	5.162097e+03	-4.066000e+02	8.115321e+02	1.600000e+00	32	0	0	10630	8.511970e+03	1.550000e+00	31	-5.985221e-02	1.358524e-01	1.550000e+00	31	3.899009e-01	6.041404e-01	
1.650000e+00	33	7276	5.162097e+03	7.784000e+02	8.115321e+02	1.700000e+00	34	0	0	7262	8.511970e+03	1.650000e+00	33	9.664283e-02	1.358524e-01	1.650000e+00	33	5.258677e-01	6.041404e-01	
1.750000e+00	35	6272	5.162097e+03	1074	8.115321e+02	1.800000e+00	36	0	0	8180	8.511970e+03	1.750000e+00	35	1.462020e-01	1.358524e-01	1.750000e+00	35	4.731418e-01	6.041404e-01	
1.850000e+00	37	6885	5.162097e+03	1490	8.115321e+02	1.900000e+00	38	0	0	8522	8.511970e+03	1.850000e+00	37	1.779104e-01	1.358524e-01	1.850000e+00	37	4.956501e-01	6.041404e-01	
1.950000e+00	39	8029	5.162097e+03	-7.204000e+02	8.115321e+02	2	40	0	0	7386	8.511970e+03	1.950000e+00	39	-9.856881e-02	1.358524e-01	1.950000e+00	39	4.973664e-01	6.041404e-01	
2.050000e+00	41	5846	5.162097e+03	1251	8.115321e+02	2.100000e+00	42	0	0	9828	8.511970e+03	2.050000e+00	41	1.762717e-01	1.358524e-01	2.050000e+00	41	4.193205e-01	6.041404e-01	
2.150000e+00	43	7619	5.162097e+03	2236	8.115321e+02	2.200000e+00	44	0	0	8662	8.511970e+03	2.150000e+00	43	2.268899e-01	1.358524e-01	2.150000e+00	43	5.322136e-01	6.041404e-01	
2.250000e+00	45	5345	5.162097e+03	3363	4.457815e+03	2.300000e+00	46	0	0	7630	8.511970e+03	2.250000e+00	45	3.861966e-01	1.358524e-01	2.250000e+00	45	5.329906e-01	5.305523e-01	
2.350000e+00	47	6.039000e+02	6.608289e+02	9466	7.828429e+03	2.400000e+00	48	0	0	8196	8.511970e+03	2.350000e+00	47	9.400292e-01	9.221570e-01	2.350000e+00	47	5.512950e-01	5.305523e-01	
2.450000e+00	49	7.273000e+02	6.608289e+02	9052	7.828429e+03	2.500000e+00	50	0	0	9023	8.511970e+03	2.450000e+00	49	9.256286e-01	9.221570e-01	2.450000e+00	49	5.201119e-01	5.305523e-01	
2.550000e+00	51	4.105000e+02	6.608289e+02	9211	7.828429e+03	2.600000e+00	52	0	0	8422	8.511970e+03	2.550000e+00	51	9.573351e-01	9.221570e-01	2.550000e+00	51	5.332391e-01	5.305523e-01	
2.650000e+00	53	1573	6.608289e+02	7804	7.828429e+03	2.700000e+00	54	0	0	7877	8.511970e+03	2.650000e+00	53	8.322491e-01	9.221570e-01	2.650000e+00	53	5.434682e-01	5.305523e-01	
2.750000e+00	55	1812	6.608289e+02	8008	7.828429e+03	2.800000e+00	56	0	0	6818	8.511970e+03	2.750000e+00	55	8.154786e-01	9.221570e-01	2.750000e+00	55	5.902152e-01	5.305523e-01	
2.850000e+00	57	1124	6.608289e+02	8425	7.828429e+03	2.900000e+00	58	0	0	7709	8.511970e+03	2.850000e+00	57	8.822913e-01	9.221570e-01	2.850000e+00	57	5.533086e-01	5.305523e-01	
2.950000e+00	59	1217	6.608289e+02	7066	7.828429e+03	3	60	0	0	7253	8.511970e+03	2.950000e+00	59	8.530726e-01	9.221570e-01	2.950000e+00	59	5.331488e-01	5.305523e-01	
3.050000e+00	61	4.326000e+02	6.608289e+02	9720	7.828429e+03	3.100000e+00	62	0	0	12140	8.511970e+03	3.050000e+00	61	9.573902e-01	9.221570e-01	3.050000e+00	61	4.554247e-01	5.305523e-01	
3.150000e+00	63	5.972000e+02	6.608289e+02	8687	7.828429e+03	3.200000e+00	64	0	0	8156	8.511970e+03	3.150000e+00	63	9.356757e-01	9.221570e-01	3.150000e+00	63	5.323448e-01	5.305523e-01	
3.250000e+00	65	1479	6.608289e+02	8467	7.828429e+03	3.300000e+00	66	0	0	7350	8.511970e+03	3.250000e+00	65	8.512970e-01	9.221570e-01	3.250000e+00	65	5.750463e-01	5.305523e-01	
3.350000e+00	67	398	6.608289e+02	8299	7.828429e+03	3.400000e+00	68	0	0	7872	8.511970e+03	3.350000e+00	67	9.542371e-01	9.221570e-01	3.350000e+00	67	5.248959e-01	5.305523e-01	
3.450000e+00	69	8.421000e+02	6.608289e+02	7406	7.828429e+03	3.500000e+00	70	0	0	9811	8.511970e+03	3.450000e+00	69	8.979038e-01	9.221570e-01	3.450000e+00	69	4.567282e-01	5.305523e-01	
3.550000e+00	71	1063	6.608289e+02	7667	7.828429e+03	3.600000e+00	72	0	0	7666	8.511970e+03	3.550000e+00	71	8.782360e-01	9.221570e-01	3.550000e+00	71	5.324469e-01	5.305523e-01	
3.650000e+00	73	1044	6.608289e+02	7946	7.828429e+03	3.700000e+00	74	0	0	10680	8.511970e+03	3.650000e+00	73	8.838710e-01	9.221570e-01	3.650000e+00	73	4.570412e-01	5.305523e-01	
3.750000e+00	75	9.454000e+02	6.608289e+02	8196	7.828429e+03	3.800000e+00	76	0	0	9185	8.511970e+03	3.750000e+00	75	8.965804e-01	9.221570e-01	3.750000e+00	75	4.988105e-01	5.305523e-01	
3.850000e+00	77	5.154000e+02	6.608289e+02	7282	7.828429e+03	3.900000e+00	78	0	0	8868	8.511970e+03	3.850000e+00	77	9.339010e-01	9.221570e-01	3.850000e+00	77	4.678796e-01	5.305523e-01	
3.950000e+00	79	7.189000e+01	6.608289e+02	7056	7.828429e+03	4	80	0	0	8529	8.511970e+03	3.950000e+00	79	9.899143e-01	9.221570e-01	3.950000e+00	79	4.552558e-01	5.305523e-01	
4.050000e+00	81	1045	6.608289e+02	8641	7.828429e+03	4.100000e+00	82	0	0	9740	8.511970e+03	4.050000e+00	81	8.921123e-01	9.221570e-01	4.050000e+00	81	4.986101e-01	5.305523e-01	
4.150000e+00	83	1209	6.608289e+02	8375	7.828429e+03	4.200000e+00	84	0	0	8996	8.511970e+03	4.150000e+00	83	8.738523e-01	9.221570e-01	4.150000e+00	83	5.158235e-01	5.305523e-01	
4.250000e+00	85	2.726000e+02	6.608289e+02	8900	7.828429e+03	4.300000e+00	86	0	0	6693	8.511970e+03	4.250000e+00	85	9.702811e-01	9.221570e-01	4.250000e+00	85	5.781439e-01	5.305523e-01	
4.350000e+00	87	1607	6.608289e+02	8108	7.828429e+03	4.400000e+00	88	0	0	9985	8.511970e+03	4.350000e+00	87	8.345857e-01	9.221570e-01	4.350000e+00	87	4.931472e-01	5.305523e-01	
4.450000e+00	89	-1.774000e+02	6.608289e+02	8637	7.828429e+03	4.500000e+00	90	0	0	6279	8.511970e+03	4.450000e+00	89	1.020970e+00	9.221570e-01	4.450000e+00	89	5.739758e-01	5.305523e-01	
4.550000e+00	91	1103	6.608289e+02	9178	7.828429e+03	4.600000e+00	92	0	0	7547	8.511970e+03	4.550000e+00	91	8.927147e-01	9.221570e-01	4.550000e+00	91	5.766771e-01	5.305523e-01	
4.650000e+00	93	1.217000e+02	6.608289e+02	8551	7.828429e+03	4.700000e+00	94	0	0	10100	8.511970e+03	4.650000e+00	93	9.859675e-01	9.221570e-01	4.650000e+00	93	4.619847e-01	5.305523e-01	
4.750000e+00	95	1644	6.608289e+02	8005	7.828429e+03	4.800000e+00	96	0	0	8688	8.511970e+03	4.750000e+00	95	8.296196e-01	9.221570e-01	4.750000e+00	95	5.262039e-01	5.305523e-01	
4.850000e+00	97	1149	6.608289e+02	7328	7.828429e+03	4.900000e+00	98	0	0	8718	8.511970e+03	4.850000e+00	97	8.644568e-01	9.221570e-01	4.850000e+00	97	4.929921e-01	5.305523e-01	
4.950000e+00	99	-2.011000e+02	6.608289e+02	7606	7.828429e+03	5	100	0	0	9470	8.511970e+03	4.950000e+00	99	1.027158e+00	9.221570e-01	4.950000e+00	99	4.388115e-01	5.305523e-01	
5.050000e+00	101	5.343000e+02	6.608289e+02	6946	7.828429e+03	5.100000e+00	102	0	0	7988	8.511970e+03	5.050000e+00	101	9.285724e-01	9.221570e-01	5.050000e+00	101	4.835890e-01	5.305523e-01	
5.150000e+00	103	1632	6.608289e+02	6332	7.828429e+03	5.200000e+00	104	0	0	7959	8.511970e+03	5.150000e+00	103	7.950779e-01	9.221570e-01	5.150000e+00	103	5.001570e-01	5.305523e-01	
5.250000e+00	105	827	6.608289e+02	7744	7.828429e+03	5.300000e+00	106	0	0	7492	8.511970e+03	5.250000e+00	105	9.035118e-01	9.221570e-01	5.250000e+00	105	5.335865e-01	5.305523e-01	
5.350000e+00	107	453	6.608289e+02	7741	7.828429e+03	5.400000e+00	108	0	0	9355	8.511970e+03	5.350000e+00	107	9.447156e-01	9.221570e-01	5.350000e+00	107	4.669212e-01	5.305523e-01	
5.450000e+00	109	6.606000e+02	6.608289e+02	7417	7.828429e+03	5.500000e+00	110	0	0	8995	8.511970e+03	5.450000e+00	109	9.182183e-01	9.221570e-01	5.450000e+00	109	4.731324e-01	5.305523e-01	
5.550000e+00	111	4.356000e+01	6.608289e+02	8065	7.828429e+03	5.600000e+00	112	0	0	8071	8.511970e+03	5.550000e+00	111	9.946279e-01	9.221570e-01	5.550000e+00	111	5.011607e-01	5.305523e-01	
5.650000e+00	113	2.286000e+02	6.608289e+02	7868	7.828429e+03	5.700000e+00	114	0	0	8725	8.511970e+03	5.650000e+00	113	9.717659e-01	9.221570e-01	5.650000e+00	113	4.813216e-01	5.305523e-01	
5.750000e+00	115	1128	6.608289e+02	7873	7.828429e+03	5.800000e+00	116	0	0	8701	8.511970e+03	5.750000e+00	115	8.746806e-01	9.221570e-01	5.750000e+00	115	5.084736e-01	5.305523e-01	
5.850000e+00	117	263	6.608289e+02	7424	7.828429e+03	5.900000e+00	118	0	0	7011	8.511970e+03	5.850000e+00	117	9.657864e-01	9.221570e-01	5.850000e+00	117	5.229963e-01	5.305523e-01	
5.950000e+00	119	1482	6.608289e+02	9252	7.828429e+03	6	120	0	0	8178	8.511970e+03	5.950000e+00	119	8.619340e-01	9.221570e-01	5.950000e+00	119	5.675761e-01	5.305523e-01	
6.050000e+00	121	6.144000e+02	6.608289e+02	8038	7.828429e+03	6.100000e+00	122	0	0	7256	8.511970e+03	6.050000e+00	121	9.289908e-01	9.221570e-01	6.050000e+00	121	5.438888e-01	5.305523e-01	
6.150000e+00	123	8.404000e+02	6.608289e+02	8792	7.828429e+03	6.200000e+00	124	0	0	9073	8.511970e+03	6.150000e+00	123	9.127528e-01	9.221570e-01	6.150000e+00	123	5.149529e-01	5.305523e-01	
6.250000e+00	125	-7.772000e+02	6.608289e+02	5958	7.828429e+03	6.300000e+00	126	0	0	8237	8.511970e+03	6.250000e+00	125	1.150015e+00	9.221570e-01	6.250000e+00	125	3.861140e-01	5.305523e-01	
6.350000e+00	127	1058	6.608289e+02	8551	7.828429e+03	6.400000e+00	128	0	0	9007	8.511970e+03	6.350000e+00	127	8.898949e-01	9.221570e-01	6.350000e+00	127	5.161689e-01	5.305523e-01	
6.450000e+00	129	-1.265000e+02	6.608289e+02	6654	7.828429e+03	6.500000e+00	130	0	0	8129	8.511970e+03	6.450000e+00	129	1.019380e+00	9.221570e-01	6.450000e+00	129	4.453655e-01	5.305523e-01	
6.550000e+00	131	1.916000e+02	6.608289e+02	6761	7.828429e+03	6.600000e+00	132	0	0	8971	8.511970e+03	6.550000e+00	131	9.724420e-01	9.221570e-01	6.550000e+00	131	4.366224e-01	5.305523e-01	
6.650000e+00	133	6.808000e+01	6.608289e+02	7809	7.828429e+03	6.700000e+00	134	0	0	10590	8.511970e+03	6.650000e+00	133	9.913572e-01	9.221570e-01	6.650000e+00	133	4.265471e-01	5.305523e-01	
6.750000e+00	135	9.128000e+02	6.608289e+02	7977	7.828429e+03	6.800000e+00	136	0	0	8810	8.511970e+03	6.750000e+00	135	8.973205e-01	9.221570e-01	6.750000e+00	135	5.022543e-01	5.305523e-01	
6.850000e+00	137	-3.864000e+02	6.608289e+02	7928	7.828429e+03	6.900000e+00	138	0	0	8525	8.511970e+03	6.850000e+00	137	1.051236e+00	9.221570e-01	6.850000e+00	137	4.693961e-01	5.305523e-01	
6.950000e+00	139	1029	6.608289e+02	9152	7.828429e+03	7	140	0	0	8603	8.511970e+03	6.950000e+00	139	8.989294e-01	9.221570e-01	6.950000e+00	139	5.420038e-01	5.305523e-01	
7.050000e+00	141	-1.656000e+02	6.608289e+02	8862	7.828429e+03	7.100000e+00	142	0	0	8899	8.511970e+03	7.050000e+00	141	1.019042e+00	9.221570e-01	7.050000e+00	141	4.942428e-01	5.305523e-01	
7.150000e+00	143	6.932000e+02	6.608289e+02	6683	7.828429e+03	7.200000e+00	144	0	0	9639	8.511970e+03	7.150000e+00	143	9.060221e-01	9.221570e-01	7.150000e+00	143	4.335065e-01	5.305523e-01	
7.250000e+00	145	1185	6.608289e+02	6346	7.828429e+03	7.300000e+00	146	0	0	7343	8.511970e+03	7.250000e+00	145	8.426504e-01	9.221570e-01	7.250000e+00	145	5.063198e-01	5.305523e-01	
7.350000e+00	147	1383	6.608289e+02	8906	7.828429e+03	7.400000e+00	148	0	0	9663	8.511970e+03	7.350000e+00	147	8.655846e-01	9.221570e-01	7.350000e+00	147	5.156877e-01	5.305523e-01	
7.450000e+00	149	2.878000e+02	6.608289e+02	8367	7.828429e+03	7.500000e+00	150	0	0	10210	8.511970e+03	7.450000e+00	149	9.667468e-01	9.221570e-01	7.450000e+00	149	4.587804e-01	5.305523e-01	
7.550000e+00	151	5.537000e+02	6.608289e+02	10090	7.828429e+03	7.600000e+00	152	0	0	7016	8.511970e+03	7.550000e+00	151	9.479786e-01	9.221570e-01	7.550000e+00	151	6.027113e-01	5.305523e-01	
7.650000e+00	153	6.848000e+02	6.608289e+02	10100	7.828429e+03	7.700000e+00	154	0	0	7367	8.511970e+03	7.650000e+00	153	9.365032e-01	9.221570e-01	7.650000e+00	153	5.941449e-01	5.305523e-01	
7.750000e+00	155	1152	6.608289e+02	6925	7.828429e+03	7.800000e+00	156	0	0	7037	8.511970e+03	7.750000e+00	155	8.573728e-01	9.221570e-01	7.750000e+00	155	5.344052e-01	5.305523e-01	
7.850000e+00	157	3.829000e+02	6.608289e+02	9277	7.828429e+03	7.900000e+00	158	0	0	6179	8.511970e+03	7.850000e+00	157	9.603619e-01	9.221570e-01	7.850000e+00	157	6.098845e-01	5.305523e-01	
7.950000e+00	159	1563	6.608289e+02	7608	7.828429e+03	8	160	0	0	9619	8.511970e+03	7.950000e+00	159	8.295715e-01	9.221570e-01	7.950000e+00	159	4.880788e-01	5.305523e-01	
8.050000e+00	161	1095	6.608289e+02	9246	7.828429e+03	8.100000e+00	162	0	0	8534	8.511970e+03	8.050000e+00	161	8.941108e-01	9.221570e-01	8.050000e+00	161	5.478675e-01	5.305523e-01	
8.150000e+00	163	3.716000e+02	6.608289e+02	8664	7.828429e+03	8.200000e+00	164	0	0	7378	8.511970e+03	8.150000e+00	163	9.588738e-01	9.221570e-01	8.150000e+00	163	5.504947e-01	5.305523e-01	
8.250000e+00	165	-5.604000e+02	6.608289e+02	8413	7.828429e+03	8.300000e+00	166	0	0	7739	8.511970e+03	8.250000e+00	165	1.071365e+00	9.221570e-01	8.250000e+00	165	5.036430e-01	5.305523e-01	
8.350000e+00	167	-2.778000e+02	6.608289e+02	7965	7.828429e+03	8.400000e+00	168	0	0	7753	8.511970e+03	8.350000e+00	167	1.036138e+00	9.221570e-01	8.350000e+00	167	4.978692e-01	5.305523e-01	
8.450000e+00	169	7.511000e+02	6.608289e+02	8056	7.828429e+03	8.500000e+00	170	0	0	7619	8.511970e+03	8.450000e+00	169	9.147165e-01	9.221570e-01	8.450000e+00	169	5.361650e-01	5.305523e-01	
8.550000e+00	171	1072	6.608289e+02	7179	7.828429e+03	8.600000e+00	172	0	0	8525	8.511970e+03	8.550000e+00	171	8.700764e-01	9.221570e-01	8.550000e+00	171	4.918336e-01	5.305523e-01	
8.650000e+00	173	6.399000e+02	6.608289e+02	7339	7.828429e+03	8.700000e+00	174	0	0	8345	8.511970e+03	8.650000e+00	173	9.198010e-01	9.221570e-01	8.650000e+00	173	4.887864e-01	5.305523e-01	
8.750000e+00	175	1293	6.608289e+02	6316	7.828429e+03	8.800000e+00	176	0	0	7655	8.511970e+03	8.750000e+00	175	8.300697e-01	9.221570e-01	8.750000e+00	175	4.984932e-01	5.305523e-01	
8.850000e+00	177	3915	5.162097e+03	4683	4.457815e+03	8.900000e+00	178	0	0	7257	8.511970e+03	8.850000e+00	177	5.446615e-01	4.633946e-01	8.850000e+00	177	5.422895e-01	5.305523e-01	
8.950000e+00	179	4689	5.162097e+03	2430	4.457815e+03	9	180	0	0	9322	8.511970e+03	8.950000e+00	179	3.413401e-01	4.633946e-01	8.950000e+00	179	4.330029e-01	5.305523e-01	
9.050000e+00	181	2869	5.162097e+03	5802	4.457815e+03	9.100000e+00	182	0	0	8654	8.511970e+03	9.050000e+00	181	6.691270e-01	4.633946e-01	9.050000e+00	181	5.004906e-01	5.305523e-01	
9.150000e+00	183	4568	5.162097e+03	4476	4.457815e+03	9.200000e+00	184	0	0	8085	8.511970e+03	9.150000e+00	183	4.949138e-01	4.633946e-01	9.150000e+00	183	5.279935e-01	5.305523e-01	
9.250000e+00	185	2337	5.162097e+03	5617	4.457815e+03	9.300000e+00	186	0	0	9827	8.511970e+03	9.250000e+00	185	7.061856e-01	4.633946e-01	9.250000e+00	185	4.473314e-01	5.305523e-01	
9.350000e+00	187	8.328000e+02	6.608289e+02	7718	7.828429e+03	9.400000e+00	188	0	0	7700	8.511970e+03	9.350000e+00	187	9.026056e-01	9.221570e-01	9.350000e+00	187	5.261772e-01	4.993320e-01	
9.450000e+00	189	3.879000e+01	6.608289e+02	8347	7.828429e+03	9.500000e+00	190	0	0	8176	8.511970e+03	9.450000e+00	189	9.953743e-01	9.221570e-01	9.450000e+00	189	5.063336e-01	4.993320e-01	
9.550000e+00	191	2.399000e+02	6.608289e+02	7669	7.828429e+03	9.600000e+00	192	0	0	7732	8.511970e+03	9.550000e+00	191	9.696671e-01	9.221570e-01	9.550000e+00	191	5.056550e-01	4.993320e-01	
9.650000e+00	193	5.696000e+02	6.608289e+02	8079	7.828429e+03	9.700000e+00	194	0	0	11420	8.511970e+03	9.650000e+00	193	9.341396e-01	9.221570e-01	9.650000e+00	193	4.309518e-01	4.993320e-01	
9.750000e+00	195	1381	6.608289e+02	6207	7.828429e+03	9.800000e+00	196	0	0	9336	8.511970e+03	9.750000e+00	195	8.180021e-01	9.221570e-01	9.750000e+00	195	4.483574e-01	4.993320e-01	
9.850000e+00	197	1870	6.608289e+02	7324	7.828429e+03	9.900000e+00	198	0	0	9792	8.511970e+03	9.850000e+00	197	7.966065e-01	9.221570e-01	9.850000e+00	197	4.842516e-01	4.993320e-01	
9.950000e+00	199	8.892000e+02	6.608289e+02	7569	7.828429e+03	10	200	0	0	7911	8.511970e+03	9.950000e+00	199	8.948712e-01	9.221570e-01	9.950000e+00	199	5.167143e-01	4.993320e-01	
1.005000e+01	201	7.344000e+02	6.608289e+02	7218	7.828429e+03	1.010000e+01	202	0	0	8199	8.511970e+03	1.005000e+01	201	9.076505e-01	9.221570e-01	1.005000e+01	201	4.923660e-01	4.993320e-01	
1.015000e+01	203	1.513000e+02	6.608289e+02	7034	7.828429e+03	1.020000e+01	204	0	0	8208	8.511970e+03	1.015000e+01	203	9.789431e-01	9.221570e-01	1.015000e+01	203	4.667810e-01	4.993320e-01	
1.025000e+01	205	2365	6.608289e+02	9424	7.828429e+03	1.030000e+01	206	0	0	9090	8.511970e+03	1.025000e+01	205	7.993893e-01	9.221570e-01	1.025000e+01	205	5.646343e-01	4.993320e-01	
1.035000e+01	207	5.344000e+02	6.608289e+02	7113	7.828429e+03	1.040000e+01	208	0	0	7744	8.511970e+03	1.035000e+01	207	9.301200e-01	9.221570e-01	1.035000e+01	207	4.968619e-01	4.993320e-01	
1.045000e+01	209	1329	6.608289e+02	6559	7.828429e+03	1.050000e+01	210	0	0	8693	8.511970e+03	1.045000e+01	209	8.315162e-01	9.221570e-01	1.045000e+01	209	4.757252e-01	4.993320e-01	
1.055000e+01	211	5.382000e+02	6.608289e+02	8712	7.828429e+03	1.060000e+01	212	0	0	8544	8.511970e+03	1.055000e+01	211	9.418175e-01	9.221570e-01	1.055000e+01	211	5.198435e-01	4.993320e-01	
1.065000e+01	213	882	6.608289e+02	8292	7.828429e+03	1.070000e+01	214	0	0	7871	8.511970e+03	1.065000e+01	213	9.038587e-01	9.221570e-01	1.065000e+01	213	5.382224e-01	4.993320e-01	
1.075000e+01	215	-4.178000e+02	6.608289e+02	6428	7.828429e+03	1.080000e+01	216	0	0	6430	8.511970e+03	1.075000e+01	215	1.069515e+00	9.221570e-01	1.075000e+01	215	4.831273e-01	4.993320e-01	
1.085000e+01	217	7.891000e+02	6.608289e+02	9350	7.828429e+03	1.090000e+01	218	0	0	10280	8.511970e+03	1.085000e+01	217	9.221726e-01	9.221570e-01	1.085000e+01	217	4.965498e-01	4.993320e-01	
1.095000e+01	219	-875	6.608289e+02	7343	7.828429e+03	11	220	0	0	8784	8.511970e+03	1.095000e+01	219	1.135281e+00	9.221570e-01	1.095000e+01	219	4.240755e-01	4.993320e-01	
1.105000e+01	221	4.595000e+01	6.608289e+02	7494	7.828429e+03	1.110000e+01	222	0	0	7060	8.511970e+03	1.105000e+01	221	9.939058e-01	9.221570e-01	1.105000e+01	221	5.164367e-01	4.993320e-01	
1.115000e+01	223	6.301000e+02	6.608289e+02	7558	7.828429e+03	1.120000e+01	224	0	0	8996	8.511970e+03	1.115000e+01	223	9.230469e-01	9.221570e-01	1.115000e+01	223	4.764928e-01	4.993320e-01	
1.125000e+01	225	4.771000e+02	6.608289e+02	8762	7.828429e+03	1.130000e+01	226	0	0	10370	8.511970e+03	1.125000e+01	225	9.483608e-01	9.221570e-01	1.125000e+01	225	4.711639e-01	4.993320e-01	
1.135000e+01	227	2.651000e+02	6.608289e+02	7494	7.828429e+03	1.140000e+01	228	0	0	8193	8.511970e+03	1.135000e+01	227	9.658337e-01	9.221570e-01	1.135000e+01	227	4.863999e-01	4.993320e-01	
1.145000e+01	229	9.988000e+02	6.608289e+02	9399	7.828429e+03	1.150000e+01	230	0	0	7879	8.511970e+03	1.145000e+01	229	9.039412e-01	9.221570e-01	1.145000e+01	229	5.689070e-01	4.993320e-01	
1.155000e+01	231	1223	6.608289e+02	7235	7.828429e+03	1.160000e+01	232	0	0	11290	8.511970e+03	1.155000e+01	231	8.554032e-01	9.221570e-01	1.155000e+01	231	4.282965e-01	4.993320e-01	
1.165000e+01	233	-3.879000e+02	6.608289e+02	7645	7.828429e+03	1.170000e+01	234	0	0	8507	8.511970e+03	1.165000e+01	233	1.053451e+00	9.221570e-01	1.165000e+01	233	4.603561e-01	4.993320e-01	
1.175000e+01	235	8.793000e+02	6.608289e+02	8899	7.828429e+03	1.180000e+01	236	0	0	10140	8.511970e+03	1.175000e+01	235	9.100764e-01	9.221570e-01	1.175000e+01	235	4.909204e-01	4.993320e-01	
1.185000e+01	237	2.737000e+02	6.608289e+02	9022	7.828429e+03	1.190000e+01	238	0	0	7967	8.511970e+03	1.185000e+01	237	9.705563e-01	9.221570e-01	1.185000e+01	237	5.384847e-01	4.993320e-01	
1.195000e+01	239	9.979000e+02	6.608289e+02	8162	7.828429e+03	12	240	0	0	10820	8.511970e+03	1.195000e+01	239	8.910578e-01	9.221570e-01	1.195000e+01	239	4.584557e-01	4.993320e-01	
1.205000e+01	241	1638	6.608289e+02	9769	7.828429e+03	1.210000e+01	242	0	0	7067	8.511970e+03	1.205000e+01	241	8.564040e-01	9.221570e-01	1.205000e+01	241	6.174624e-01	4.993320e-01	
1.215000e+01	243	1935	6.608289e+02	7011	7.828429e+03	1.220000e+01	244	0	0	8541	8.511970e+03	1.215000e+01	243	7.837022e-01	9.221570e-01	1.215000e+01	243	5.115800e-01	4.993320e-01	
1.225000e+01	245	1034	6.608289e+02	8077	7.828429e+03	1.230000e+01	246	0	0	5050	8.511970e+03	1.225000e+01	245	8.865108e-01	9.221570e-01	1.225000e+01	245	6.433868e-01	4.993320e-01	
1.235000e+01	247	2.117000e+02	6.608289e+02	6694	7.828429e+03	1.240000e+01	248	0	0	8372	8.511970e+03	1.235000e+01	247	9.693442e-01	9.221570e-01	1.235000e+01	247	4.520118e-01	4.993320e-01	
1.245000e+01	249	7.982000e+02	6.608289e+02	7607	7.828429e+03	1.250000e+01	250	0	0	8427	8.511970e+03	1.245000e+01	249	9.050350e-01	9.221570e-01	1.245000e+01	249	4.993524e-01	4.993320e-01	
1.255000e+01	251	6.953000e+02	6.608289e+02	6741	7.828429e+03	1.260000e+01	252	0	0	7931	8.511970e+03	1.255000e+01	251	9.064992e-01	9.221570e-01	1.255000e+01	251	4.839041e-01	4.993320e-01	
1.265000e+01	253	-3.188000e+02	6.608289e+02	7791	7.828429e+03	1.270000e+01	254	0	0	8380	8.511970e+03	1.265000e+01	253	1.042665e+00	9.221570e-01	1.265000e+01	253	4.713668e-01	4.993320e-01	
1.275000e+01	255	1402	6.608289e+02	6539	7.828429e+03	1.280000e+01	256	0	0	8630	8.511970e+03	1.275000e+01	255	8.234479e-01	9.221570e-01	1.275000e+01	255	4.792107e-01	4.993320e-01	
1.285000e+01	257	4.092000e+02	6.608289e+02	9026	7.828429e+03	1.290000e+01	258	0	0	9261	8.511970e+03	1.285000e+01	257	9.566305e-01	9.221570e-01	1.285000e+01	257	5.046587e-01	4.993320e-01	
1.295000e+01	259	-3.599000e+01	6.608289e+02	8683	7.828429e+03	13	260	0	0	8268	8.511970e+03	1.295000e+01	259	1.004162e+00	9.221570e-01	1.295000e+01	259	5.112034e-01	4.993320e-01	
1.305000e+01	261	-8.234000e+01	6.608289e+02	9197	7.828429e+03	1.310000e+01	262	0	0	10440	8.511970e+03	1.305000e+01	261	1.009034e+00	9.221570e-01	1.305000e+01	261	4.661119e-01	4.993320e-01	
1.315000e+01	263	7.069000e+02	6.608289e+02	7126	7.828429e+03	1.320000e+01	264	0	0	7241	8.511970e+03	1.315000e+01	263	9.097525e-01	9.221570e-01	1.315000e+01	263	5.196333e-01	4.993320e-01	
1.325000e+01	265	8.838000e+02	6.608289e+02	8534	7.828429e+03	1.330000e+01	266	0	0	8455	8.511970e+03	1.325000e+01	265	9.061564e-01	9.221570e-01	1.325000e+01	265	5.269348e-01	4.993320e-01	
1.335000e+01	267	1967	6.608289e+02	7387	7.828429e+03	1.340000e+01	268	0	0	6823	8.511970e+03	1.335000e+01	267	7.897156e-01	9.221570e-01	1.335000e+01	267	5.782283e-01	4.993320e-01	
1.345000e+01	269	1310	6.608289e+02	5321	7.828429e+03	1.350000e+01	270	0	0	8420	8.511970e+03	1.345000e+01	269	8.024431e-01	9.221570e-01	1.345000e+01	269	4.405687e-01	4.993320e-01	
1.355000e+01	271	3.098000e+02	6.608289e+02	8151	7.828429e+03	1.360000e+01	272	0	0	11050	8.511970e+03	1.355000e+01	271	9.633841e-01	9.221570e-01	1.355000e+01	271	4.336470e-01	4.993320e-01	
1.365000e+01	273	1.409000e+02	6.608289e+02	6917	7.828429e+03	1.370000e+01	274	0	0	7951	8.511970e+03	1.365000e+01	273	9.800366e-01	9.221570e-01	1.365000e+01	273	4.702477e-01	4.993320e-01	
1.375000e+01	275	2026	6.608289e+02	7546	7.828429e+03	1.380000e+01	276	0	0	7486	8.511970e+03	1.375000e+01	275	7.883410e-01	9.221570e-01	1.375000e+01	275	5.611443e-01	4.993320e-01	
1.385000e+01	277	5.361000e+02	6.608289e+02	7959	7.828429e+03	1.390000e+01	278	0	0	9001	8.511970e+03	1.385000e+01	277	9.368930e-01	9.221570e-01	1.385000e+01	277	4.855425e-01	4.993320e-01	
1.395000e+01	279	2.701000e+02	6.608289e+02	8654	7.828429e+03	14	280	0	0	7627	8.511970e+03	1.395000e+01	279	9.697336e-01	9.221570e-01	1.395000e+01	279	5.391847e-01	4.993320e-01	
1.405000e+01	281	1646	6.608289e+02	8707	7.828429e+03	1.410000e+01	282	0	0	8428	8.511970e+03	1.405000e+01	281	8.410123e-01	9.221570e-01	1.405000e+01	281	5.512486e-01	4.993320e-01	
1.415000e+01	283	5.647000e+02	6.608289e+02	9555	7.828429e+03	1.420000e+01	284	0	0	8678	8.511970e+03	1.415000e+01	283	9.441980e-01	9.221570e-01	1.415000e+01	283	5.383478e-01	4.993320e-01	
1.425000e+01	285	1375	6.608289e+02	8537	7.828429e+03	1.430000e+01	286	0	0	8530	8.511970e+03	1.425000e+01	285	8.612793e-01	9.221570e-01	1.425000e+01	285	5.374688e-01	4.993320e-01	
1.435000e+01	287	8.061000e+02	6.608289e+02	9113	7.828429e+03	1.440000e+01	288	0	0	9309	8.511970e+03	1.435000e+01	287	9.187325e-01	9.221570e-01	1.435000e+01	287	5.158648e-01	4.993320e-01	
1.445000e+01	289	1534	6.608289e+02	8112	7.828429e+03	1.450000e+01	290	0	0	9307	8.511970e+03	1.445000e+01	289	8.409704e-01	9.221570e-01	1.445000e+01	289	5.089432e-01	4.993320e-01	
1.455000e+01	291	-5.189000e+02	6.608289e+02	6225	7.828429e+03	1.460000e+01	292	0	0	9577	8.511970e+03	1.455000e+01	291	1.090938e+00	9.221570e-01	1.455000e+01	291	3.733601e-01	4.993320e-01	
1.465000e+01	293	9.202000e+02	6.608289e+02	7257	7.828429e+03	1.470000e+01	294	0	0	7870	8.511970e+03	1.465000e+01	293	8.874676e-01	9.221570e-01	1.465000e+01	293	5.095718e-01	4.993320e-01	
1.475000e+01	295	8.257000e+02	6.608289e+02	8464	7.828429e+03	1.480000e+01	296	0	0	9217	8.511970e+03	1.475000e+01	295	9.111166e-01	9.221570e-01	1.475000e+01	295	5.019642e-01	4.993320e-01	
1.485000e+01	297	-1.995000e+02	6.608289e+02	6570	7.828429e+03	1.490000e+01	298	0	0	9779	8.511970e+03	1.485000e+01	297	1.031316e+00	9.221570e-01	1.485000e+01	297	3.944704e-01	4.993320e-01	
1.495000e+01	299	1118	6.608289e+02	7592	7.828429e+03	15	300	0	0	7028	8.511970e+03	1.495000e+01	299	8.716418e-01	9.221570e-01	1.495000e+01	299	5.534375e-01	4.993320e-01	
1.505000e+01	301	-3.905000e+02	6.608289e+02	8231	7.828429e+03	1.510000e+01	302	0	0	7408	8.511970e+03	1.505000e+01	301	1.049805e+00	9.221570e-01	1.505000e+01	301	5.141817e-01	4.993320e-01	
1.515000e+01	303	1144	6.608289e+02	7673	7.828429e+03	1.520000e+01	304	0	0	9681	8.511970e+03	1.515000e+01	303	8.702507e-01	9.221570e-01	1.515000e+01	303	4.766461e-01	4.993320e-01	
1.525000e+01	305	-7.663000e+02	6.608289e+02	8467	7.828429e+03	1.530000e+01	306	0	0	8746	8.511970e+03	1.525000e+01	305	1.099510e+00	9.221570e-01	1.525000e+01	305	4.682216e-01	4.993320e-01	
1.535000e+01	307	6.346000e+02	6.608289e+02	8995	7.828429e+03	1.540000e+01	308	0	0	10070	8.511970e+03	1.535000e+01	307	9.340990e-01	9.221570e-01	1.535000e+01	307	4.888221e-01	4.993320e-01	
1.545000e+01	309	1424	6.608289e+02	6439	7.828429e+03	1.550000e+01	310	0	0	8137	8.511970e+03	1.545000e+01	309	8.188986e-01	9.221570e-01	1.545000e+01	309	4.914375e-01	4.993320e-01	
1.555000e+01	311	3.444000e+02	6.608289e+02	8974	7.828429e+03	1.560000e+01	312	0	0	7563	8.511970e+03	1.555000e+01	311	9.630409e-01	9.221570e-01	1.555000e+01	311	5.519921e-01	4.993320e-01	
1.565000e+01	313	1644	6.608289e+02	6212	7.828429e+03	1.570000e+01	314	0	0	7322	8.511970e+03	1.565000e+01	313	7.907332e-01	9.221570e-01	1.565000e+01	313	5.175913e-01	4.993320e-01	
1.575000e+01	315	1.022000e+01	6.608289e+02	7896	7.828429e+03	1.580000e+01	316	0	0	8914	8.511970e+03	1.575000e+01	315	9.987073e-01	9.221570e-01	1.575000e+01	315	4.700426e-01	4.993320e-01	
1.585000e+01	317	2.789000e+02	6.608289e+02	8067	7.828429e+03	1.590000e+01	318	0	0	10570	8.511970e+03	1.585000e+01	317	9.665824e-01	9.221570e-01	1.585000e+01	317	4.412108e-01	4.993320e-01	
1.595000e+01	319	-1562	6.608289e+02	8357	7.828429e+03	16	320	0	0	7173	8.511970e+03	1.595000e+01	319	1.229875e+00	9.221570e-01	1.595000e+01	319	4.864691e-01	4.993320e-01	
1.605000e+01	321	2.798000e+02	6.608289e+02	8669	7.828429e+03	1.610000e+01	322	0	0	7898	8.511970e+03	1.605000e+01	321	9.687332e-01	9.221570e-01	1.605000e+01	321	5.311869e-01	4.993320e-01	
1.615000e+01	323	5.615000e+02	6.608289e+02	8937	7.828429e+03	1.620000e+01	324	0	0	9867	8.511970e+03	1.615000e+01	323	9.408854e-01	9.221570e-01	1.615000e+01	323	4.904857e-01	4.993320e-01	
1.625000e+01	325	1940	6.608289e+02	5920	7.828429e+03	1.630000e+01	326	0	0	8832	8.511970e+03	1.625000e+01	325	7.531807e-01	9.221570e-01	1.625000e+01	325	4.708843e-01	4.993320e-01	
1.635000e+01	327	4.611000e+02	6.608289e+02	7600	7.828429e+03	1.640000e+01	328	0	0	8517	8.511970e+03	1.635000e+01	327	9.427994e-01	9.221570e-01	1.635000e+01	327	4.862499e-01	4.993320e-01	
1.645000e+01	329	8.576000e+02	6.608289e+02	7907	7.828429e+03	1.650000e+01	330	0	0	7882	8.511970e+03	1.645000e+01	329	9.021518e-01	9.221570e-01	1.645000e+01	329	5.265099e-01	4.993320e-01	
1.655000e+01	331	1988	6.608289e+02	7984	7.828429e+03	1.660000e+01	332	0	0	7261	8.511970e+03	1.655000e+01	331	8.006418e-01	9.221570e-01	1.655000e+01	331	5.786572e-01	4.993320e-01	
1.665000e+01	333	7.408000e+02	6.608289e+02	7400	7.828429e+03	1.670000e+01	334	0	0	8045	8.511970e+03	1.665000e+01	333	9.090016e-01	9.221570e-01	1.665000e+01	333	5.029594e-01	4.993320e-01	
1.675000e+01	335	3.035000e+01	6.608289e+02	8075	7.828429e+03	1.680000e+01	336	0	0	9374	8.511970e+03	1.675000e+01	335	9.962556e-01	9.221570e-01	1.675000e+01	335	4.637100e-01	4.993320e-01	
1.685000e+01	337	5.695000e+02	6.608289e+02	8569	7.828429e+03	1.690000e+01	338	0	0	7422	8.511970e+03	1.685000e+01	337	9.376812e-01	9.221570e-01	1.685000e+01	337	5.518251e-01	4.993320e-01	
1.695000e+01	339	1695	6.608289e+02	8497	7.828429e+03	17	340	0	0	8145	8.511970e+03	1.695000e+01	339	8.336931e-01	9.221570e-01	1.695000e+01	339	5.558161e-01	4.993320e-01	
1.705000e+01	341	1446	6.608289e+02	8860	7.828429e+03	1.710000e+01	342	0	0	6152	8.511970e+03	1.705000e+01	341	8.596934e-01	9.221570e-01	1.705000e+01	341	6.262000e-01	4.993320e-01	
1.715000e+01	343	-1.049000e+02	6.608289e+02	8531	7.828429e+03	1.720000e+01	344	0	0	8204	8.511970e+03	1.715000e+01	343	1.012449e+00	9.221570e-01	1.715000e+01	343	5.066777e-01	4.993320e-01	
1.725000e+01	345	2.981000e+02	6.608289e+02	8665	7.828429e+03	1.730000e+01	346	0	0	8805	8.511970e+03	1.725000e+01	345	9.667414e-01	9.221570e-01	1.725000e+01	345	5.044490e-01	4.993320e-01	
1.735000e+01	347	1375	6.608289e+02	8148	7.828429e+03	1.740000e+01	348	0	0	11660	8.511970e+03	1.735000e+01	347	8.556127e-01	9.221570e-01	1.735000e+01	347	4.495586e-01	4.993320e-01	
1.745000e+01	349	-9.385000e+02	6.608289e+02	7649	7.828429e+03	1.750000e+01	350	0	0	11150	8.511970e+03	1.745000e+01	349	1.139855e+00	9.221570e-01	1.745000e+01	349	3.757174e-01	4.993320e-01	
1.755000e+01	351	8.257000e+02	6.608289e+02	8772	7.828429e+03	1.760000e+01	352	0	0	8962	8.511970e+03	1.755000e+01	351	9.139690e-01	9.221570e-01	1.755000e+01	351	5.171258e-01	4.993320e-01	
1.765000e+01	353	2780	6.608289e+02	8282	7.828429e+03	1.770000e+01	354	0	0	7866	8.511970e+03	1.765000e+01	353	7.486892e-01	9.221570e-01	1.765000e+01	353	5.844252e-01	4.993320e-01	
1.775000e+01	355	1689	6.608289e+02	7729	7.828429e+03	1.780000e+01	356	0	0	9693	8.511970e+03	1.775000e+01	355	8.206626e-01	9.221570e-01	1.775000e+01	355	4.928052e-01	4.993320e-01	
1.785000e+01	357	1279	6.608289e+02	6728	7.828429e+03	1.790000e+01	358	0	0	8776	8.511970e+03	1.785000e+01	357	8.402648e-01	9.221570e-01	1.785000e+01	357	4.770899e-01	4.993320e-01	
1.795000e+01	359	-1.794000e+02	6.608289e+02	8881	7.828429e+03	18	360	0	0	8841	8.511970e+03	1.795000e+01	359	1.020617e+00	9.221570e-01	1.795000e+01	359	4.960268e-01	4.993320e-01	
1.805000e+01	361	2.395000e+02	6.608289e+02	9392	7.828429e+03	1.810000e+01	362	0	0	8855	8.511970e+03	1.805000e+01	361	9.751337e-01	9.221570e-01	1.805000e+01	361	5.210018e-01	4.993320e-01	
1.815000e+01	363	1.672000e+02	6.608289e+02	9212	7.828429e+03	1.820000e+01	364	0	0	7503	8.511970e+03	1.815000e+01	363	9.821733e-01	9.221570e-01	1.815000e+01	363	5.555674e-01	4.993320e-01	
1.825000e+01	365	-7.177000e+02	6.608289e+02	6818	7.828429e+03	1.830000e+01	366	0	0	6566	8.511970e+03	1.825000e+01	365	1.117650e+00	9.221570e-01	1.825000e+01	365	4.816166e-01	4.993320e-01	
1.835000e+01	367	2163	6.608289e+02	8545	7.828429e+03	1.840000e+01	368	0	0	7992	8.511970e+03	1.835000e+01	367	7.980015e-01	9.221570e-01	1.835000e+01	367	5.726203e-01	4.993320e-01	
1.845000e+01	369	3.305000e+02	6.608289e+02	7532	7.828429e+03	1.850000e+01	370	0	0	8989	8.511970e+03	1.845000e+01	369	9.579650e-01	9.221570e-01	1.845000e+01	369	4.665757e-01	4.993320e-01	
1.855000e+01	371	263	6.608289e+02	6610	7.828429e+03	1.860000e+01	372	0	0	7964	8.511970e+03	1.855000e+01	371	9.617343e-01	9.221570e-01	1.855000e+01	371	4.632338e-01	4.993320e-01	
1.865000e+01	373	8.674000e+02	6.608289e+02	8853	7.828429e+03	1.870000e+01	374	0	0	8697	8.511970e+03	1.865000e+01	373	9.107650e-01	9.221570e-01	1.865000e+01	373	5.277835e-01	4.993320e-01	
1.875000e+01	375	1309	6.608289e+02	6596	7.828429e+03	1.880000e+01	376	0	0	7430	8.511970e+03	1.875000e+01	375	8.344086e-01	9.221570e-01	1.875000e+01	375	5.154874e-01	4.993320e-01	
1.885000e+01	377	6842	5.162097e+03	6.953000e+01	8.115321e+02	1.890000e+01	378	0	0	8302	8.511970e+03	1.885000e+01	377	1.006000e-02	1.358524e-01	1.885000e+01	377	4.543015e-01	4.123840e-01	
1.895000e+01	379	7698	5.162097e+03	1085	8.115321e+02	19	380	0	0	6966	8.511970e+03	1.895000e+01	379	1.235341e-01	1.358524e-01	1.895000e+01	379	5.576862e-01	4.123840e-01	
1.905000e+01	381	5965	5.162097e+03	-1.216000e+02	8.115321e+02	1.910000e+01	382	0	0	8087	8.511970e+03	1.905000e+01	381	-2.080980e-02	1.358524e-01	1.905000e+01	381	4.194711e-01	4.123840e-01	
1.915000e+01	383	6108	5.162097e+03	2227	8.115321e+02	1.920000e+01	384	0	0	8015	8.511970e+03	1.915000e+01	383	2.671866e-01	1.358524e-01	1.915000e+01	383	5.097859e-01	4.123840e-01	
1.925000e+01	385	-3.036000e+02	6.608289e+02	7247	7.828429e+03	1.930000e+01	386	0	0	6957	8.511970e+03	1.925000e+01	385	1.043725e+00	9.221570e-01	1.925000e+01	385	4.995108e-01	4.993320e-01	
1.935000e+01	387	1030	6.608289e+02	8171	7.828429e+03	1.940000e+01	388	0	0	7435	8.511970e+03	1.935000e+01	387	8.880556e-01	9.221570e-01	1.935000e+01	387	5.530777e-01	4.993320e-01	
1.945000e+01	389	7417	5.162097e+03	489	8.115321e+02	1.950000e+01	390	0	0	7166	8.511970e+03	1.945000e+01	389	6.185176e-02	1.358524e-01	1.945000e+01	389	5.245488e-01	4.123840e-01	
1.955000e+01	391	7562	5.162097e+03	1565	8.115321e+02	1.960000e+01	392	0	0	8052	8.511970e+03	1.955000e+01	391	1.714693e-01	1.358524e-01	1.955000e+01	391	5.312882e-01	4.123840e-01	
1.965000e+01	393	7196	5.162097e+03	1706	8.115321e+02	1.970000e+01	394	0	0	8461	8.511970e+03	1.965000e+01	393	1.916423e-01	1.358524e-01	1.965000e+01	393	5.126994e-01	4.123840e-01	
1.975000e+01	395	3089	5.162097e+03	4681	4.457815e+03	1.980000e+01	396	0	0	8653	8.511970e+03	1.975000e+01	395	6.024453e-01	1.358524e-01	1.975000e+01	395	4.731170e-01	5.305523e-01	
1.985000e+01	397	3.292000e+02	6.608289e+02	7625	7.828429e+03	1.990000e+01	398	0	0	8279	8.511970e+03	1.985000e+01	397	9.586131e-01	9.221570e-01	1.985000e+01	397	4.899958e-01	5.305523e-01	
1.995000e+01	399	-6.788000e+02	6.608289e+02	6772	7.828429e+03	20	400	0	0	9299	8.511970e+03	1.995000e+01	399	1.111403e+00	9.221570e-01	1.995000e+01	399	3.958628e-01	5.305523e-01	
2.005000e+01	401	6899	5.162097e+03	1424	8.115321e+02	2.010000e+01	402	0	0	9363	8.511970e+03	2.005000e+01	401	1.710922e-01	1.358524e-01	2.005000e+01	401	4.705982e-01	4.123840e-01	
2.015000e+01	403	7786	5.162097e+03	1242	8.115321e+02	2.020000e+01	404	0	0	8915	8.511970e+03	2.015000e+01	403	1.375720e-01	1.358524e-01	2.015000e+01	403	5.031489e-01	4.123840e-01	
2.025000e+01	405	6958	5.162097e+03	230	8.115321e+02	2.030000e+01	406	0	0	7568	8.511970e+03	2.025000e+01	405	3.199777e-02	1.358524e-01	2.025000e+01	405	4.871239e-01	4.123840e-01	
2.035000e+01	407	6107	5.162097e+03	4.014000e+02	8.115321e+02	2.040000e+01	408	0	0	7278	8.511970e+03	2.035000e+01	407	6.167414e-02	1.358524e-01	2.035000e+01	407	4.720884e-01	4.123840e-01	
2.045000e+01	409	7907	5.162097e+03	-2.112000e+02	8.115321e+02	2.050000e+01	410	0	0	10360	8.511970e+03	2.045000e+01	409	-2.744354e-02	1.358524e-01	2.045000e+01	409	4.262232e-01	4.123840e-01	
2.055000e+01	411	8856	5.162097e+03	9.304000e+02	8.115321e+02	2.060000e+01	412	0	0	8069	8.511970e+03	2.055000e+01	411	9.507071e-02	1.358524e-01	2.055000e+01	411	5.480919e-01	4.123840e-01	
2.065000e+01	413	6635	5.162097e+03	2918	4.457815e+03	2.070000e+01	414	0	0	8669	8.511970e+03	2.065000e+01	413	3.054538e-01	1.358524e-01	2.065000e+01	413	5.242564e-01	5.305523e-01	
2.075000e+01	415	5146	5.162097e+03	4678	4.457815e+03	2.080000e+01	416	0	0	9187	8.511970e+03	2.075000e+01	415	4.761808e-01	1.358524e-01	2.075000e+01	415	5.167535e-01	5.305523e-01	
2.085000e+01	417	3470	5.162097e+03	4566	4.457815e+03	2.090000e+01	418	0	0	9715	8.511970e+03	2.085000e+01	417	5.681931e-01	1.358524e-01	2.085000e+01	417	4.527069e-01	5.305523e-01	
2.095000e+01	419	2918	5.162097e+03	3706	4.457815e+03	21	420	0	0	7197	8.511970e+03	2.095000e+01	419	5.594807e-01	1.358524e-01	2.095000e+01	419	4.792707e-01	5.305523e-01	
2.105000e+01	421	3725	5.162097e+03	4207	4.457815e+03	2.110000e+01	422	0	0	6360	8.511970e+03	2.105000e+01	421	5.303833e-01	1.358524e-01	2.105000e+01	421	5.549958e-01	5.305523e-01	
2.115000e+01	423	3804	5.162097e+03	4361	4.457815e+03	2.120000e+01	424	0	0	8392	8.511970e+03	2.115000e+01	423	5.341090e-01	1.358524e-01	2.115000e+01	423	4.931449e-01	5.305523e-01	
2.125000e+01	425	4182	5.162097e+03	4729	4.457815e+03	2.130000e+01	426	0	0	5861	8.511970e+03	2.125000e+01	425	5.306924e-01	1.358524e-01	2.125000e+01	425	6.032359e-01	5.305523e-01	
2.135000e+01	427	3839	5.162097e+03	4499	4.457815e+03	2.140000e+01	428	0	0	9448	8.511970e+03	2.135000e+01	427	5.395778e-01	1.358524e-01	2.135000e+01	427	4.687957e-01	5.305523e-01	
2.145000e+01	429	3175	5.162097e+03	4194	4.457815e+03	2.150000e+01	430	0	0	9272	8.511970e+03	2.145000e+01	429	5.691410e-01	1.358524e-01	2.145000e+01	429	4.428219e-01	5.305523e-01	
2.155000e+01	431	4468	5.162097e+03	5418	4.457815e+03	2.160000e+01	432	0	0	7394	8.511970e+03	2.155000e+01	431	5.480477e-01	1.358524e-01	2.155000e+01	431	5.721065e-01	5.305523e-01	
2.165000e+01	433	3345	5.162097e+03	4149	4.457815e+03	2.170000e+01	434	0	0	8695	8.511970e+03	2.165000e+01	433	5.536429e-01	1.358524e-01	2.165000e+01	433	4.629069e-01	5.305523e-01	
2.175000e+01	435	4142	5.162097e+03	5695	4.457815e+03	2.180000e+01	436	0	0	8215	8.511970e+03	2.175000e+01	435	5.789367e-01	1.358524e-01	2.175000e+01	435	5.449258e-01	5.305523e-01	
2.185000e+01	437	3866	5.162097e+03	5378	4.457815e+03	2.190000e+01	438	0	0	7927	8.511970e+03	2.185000e+01	437	5.817828e-01	1.358524e-01	2.185000e+01	437	5.383495e-01	5.305523e-01	
2.195000e+01	439	4978	5.162097e+03	4872	4.457815e+03	22	440	0	0	9135	8.511970e+03	2.195000e+01	439	4.946193e-01	1.358524e-01	2.195000e+01	439	5.188307e-01	5.305523e-01	
2.205000e+01	441	3914	5.162097e+03	4409	4.457815e+03	2.210000e+01	442	0	0	10870	8.511970e+03	2.205000e+01	441	5.297369e-01	1.358524e-01	2.205000e+01	441	4.336477e-01	5.305523e-01	
2.215000e+01	443	1669	5.162097e+03	5108	4.457815e+03	2.220000e+01	444	0	0	7201	8.511970e+03	2.215000e+01	443	7.537258e-01	1.358524e-01	2.215000e+01	443	4.848333e-01	5.305523e-01	
2.225000e+01	445	2966	5.162097e+03	4480	4.457815e+03	2.230000e+01	446	0	0	9795	8.511970e+03	2.225000e+01	445	6.016653e-01	1.358524e-01	2.225000e+01	445	4.318775e-01	5.305523e-01	
2.235000e+01	447	3593	5.162097e+03	4947	4.457815e+03	2.240000e+01	448	0	0	8559	8.511970e+03	2.235000e+01	447	5.792740e-01	1.358524e-01	2.235000e+01	447	4.994444e-01	5.305523e-01	
2.245000e+01	449	3506	5.162097e+03	6488	7.828429e+03	2.250000e+01	450	0	0	8037	8.511970e+03	2.245000e+01	449	6.491895e-01	1.358524e-01	2.245000e+01	449	5.542677e-01	6.041404e-01	
2.255000e+01	451	1803	6.608289e+02	7801	7.828429e+03	2.260000e+01	452	0	0	10120	8.511970e+03	2.255000e+01	451	8.122657e-01	9.221570e-01	2.255000e+01	451	4.869195e-01	6.041404e-01	
2.265000e+01	453	-2.846000e+02	6.608289e+02	7548	7.828429e+03	2.270000e+01	454	0	0	9151	8.511970e+03	2.265000e+01	453	1.039183e+00	9.221570e-01	2.265000e+01	453	4.425017e-01	6.041404e-01	
2.275000e+01	455	2193	6.608289e+02	6680	7.828429e+03	2.280000e+01	456	0	0	8585	8.511970e+03	2.275000e+01	455	7.528457e-01	9.221570e-01	2.275000e+01	455	5.082484e-01	6.041404e-01	
2.285000e+01	457	-5.562000e+02	6.608289e+02	6631	7.828429e+03	2.290000e+01	458	0	0	7400	8.511970e+03	2.285000e+01	457	1.091559e+00	9.221570e-01	2.285000e+01	457	4.508267e-01	6.041404e-01	
2.295000e+01	459	1.039000e+02	6.608289e+02	6457	7.828429e+03	23	460	0	0	8750	8.511970e+03	2.295000e+01	459	9.841638e-01	9.221570e-01	2.295000e+01	459	4.285117e-01	6.041404e-01	
2.305000e+01	461	8.526000e+01	6.608289e+02	9364	7.828429e+03	2.310000e+01	462	0	0	9433	8.511970e+03	2.305000e+01	461	9.909771e-01	9.221570e-01	2.305000e+01	461	5.004306e-01	6.041404e-01	
2.315000e+01	463	5.973000e+02	6.608289e+02	7218	7.828429e+03	2.320000e+01	464	0	0	9990	8.511970e+03	2.315000e+01	463	9.235730e-01	9.221570e-01	2.315000e+01	463	4.389311e-01	6.041404e-01	
2.325000e+01	465	2.648000e+02	6.608289e+02	8385	7.828429e+03	2.330000e+01	466	0	0	8427	8.511970e+03	2.325000e+01	465	9.693866e-01	9.221570e-01	2.325000e+01	465	5.065235e-01	6.041404e-01	
2.335000e+01	467	1796	6.608289e+02	5852	7.828429e+03	2.340000e+01	468	0	0	7966	8.511970e+03	2.335000e+01	467	7.651674e-01	9.221570e-01	2.335000e+01	467	4.898168e-01	6.041404e-01	
2.345000e+01	469	8560	5.162097e+03	2.835000e+02	8.115321e+02	2.350000e+01	470	0	0	7954	8.511970e+03	2.345000e+01	469	3.205744e-02	1.358524e-01	2.345000e+01	469	5.264772e-01	4.123840e-01	
2.355000e+01	471	7555	5.162097e+03	-1.353000e+00	8.115321e+02	2.360000e+01	472	0	0	10100	8.511970e+03	2.355000e+01	471	-1.791188e-04	1.358524e-01	2.355000e+01	471	4.278803e-01	4.123840e-01	
2.365000e+01	473	5341	5.162097e+03	9.526000e+02	8.115321e+02	2.370000e+01	474	0	0	7508	8.511970e+03	2.365000e+01	473	1.513601e-01	1.358524e-01	2.365000e+01	473	4.560051e-01	4.123840e-01	
2.375000e+01	475	9624	5.162097e+03	3.668000e+02	8.115321e+02	2.380000e+01	476	0	0	9729	8.511970e+03	2.375000e+01	475	3.671378e-02	1.358524e-01	2.375000e+01	475	5.066380e-01	4.123840e-01	
2.385000e+01	477	7030	5.162097e+03	1522	8.115321e+02	2.390000e+01	478	0	0	9535	8.511970e+03	2.385000e+01	477	1.779701e-01	1.358524e-01	2.385000e+01	477	4.728258e-01	4.123840e-01	
2.395000e+01	479	6951	5.162097e+03	1592	8.115321e+02	24	480	0	0	10100	8.511970e+03	2.395000e+01	479	1.863514e-01	1.358524e-01	2.395000e+01	479	4.582417e-01	4.123840e-01	
2.405000e+01	481	6461	5.162097e+03	1921	8.115321e+02	2.410000e+01	482	0	0	9560	8.511970e+03	2.405000e+01	481	2.291816e-01	1.358524e-01	2.405000e+01	481	4.671720e-01	4.123840e-01	
2.415000e+01	483	3987	5.162097e+03	3329	4.457815e+03	2.420000e+01	484	0	0	8230	8.511970e+03	2.415000e+01	483	4.550301e-01	1.358524e-01	2.415000e+01	483	4.706034e-01	5.305523e-01	
2.425000e+01	485	3078	5.162097e+03	4024	4.457815e+03	2.430000e+01	486	0	0	7121	8.511970e+03	2.425000e+01	485	5.666010e-01	1.358524e-01	2.425000e+01	485	4.993321e-01	5.305523e-01	
2.435000e+01	487	3707	5.162097e+03	4418	4.457815e+03	2.440000e+01	488	0	0	7296	8.511970e+03	2.435000e+01	487	5.437538e-01	1.358524e-01	2.435000e+01	487	5.268789e-01	5.305523e-01	
2.445000e+01	489	3923	5.162097e+03	5441	4.457815e+03	2.450000e+01	490	0	0	8512	8.511970e+03	2.445000e+01	489	5.810551e-01	1.358524e-01	2.445000e+01	489	5.238308e-01	5.305523e-01	
2.455000e+01	491	2801	5.162097e+03	4488	4.457815e+03	2.460000e+01	492	0	0	8596	8.511970e+03	2.455000e+01	491	6.157223e-01	1.358524e-01	2.455000e+01	491	4.588606e-01	5.305523e-01	
2.465000e+01	493	3625	5.162097e+03	4516	4.457815e+03	2.470000e+01	494	0	0	8678	8.511970e+03	2.465000e+01	493	5.547230e-01	1.358524e-01	2.465000e+01	493	4.840359e-01	5.305523e-01	
2.475000e+01	495	4664	5.162097e+03	3053	4.457815e+03	2.480000e+01	496	0	0	9266	8.511970e+03	2.475000e+01	495	3.956201e-01	1.358524e-01	2.475000e+01	495	4.543956e-01	5.305523e-01	
2.485000e+01	497	2776	5.162097e+03	4936	4.457815e+03	2.490000e+01	498	0	0	8691	8.511970e+03	2.485000e+01	497	6.400415e-01	1.358524e-01	2.485000e+01	497	4.701579e-01	5.305523e-01	
2.495000e+01	499	3905	5.162097e+03	4533	4.457815e+03	25	500	0	0	6651	8.511970e+03	2.495000e+01	499	5.372126e-01	1.358524e-01	2.495000e+01	499	5.592153e-01	5.305523e-01	
2.505000e+01	501	4243	5.162097e+03	5764	4.457815e+03	2.510000e+01	502	0	0	8363	8.511970e+03	2.505000e+01	501	5.759968e-01	1.358524e-01	2.505000e+01	501	5.447469e-01	5.305523e-01	
2.515000e+01	503	3933	5.162097e+03	4385	4.457815e+03	2.520000e+01	504	0	0	6397	8.511970e+03	2.515000e+01	503	5.271700e-01	1.358524e-01	2.515000e+01	503	5.652735e-01	5.305523e-01	
2.525000e+01	505	4739	5.162097e+03	3876	4.457815e+03	2.530000e+01	506	0	0	9782	8.511970e+03	2.525000e+01	505	4.499129e-01	1.358524e-01	2.525000e+01	505	4.682829e-01	5.305523e-01	
2.535000e+01	507	569	6.608289e+02	6930	7.828429e+03	2.540000e+01	508	0	0	9107	8.511970e+03	2.535000e+01	507	9.241232e-01	9.221570e-01	2.535000e+01	507	4.515838e-01	4.993320e-01	
2.545000e+01	509	9.994000e+02	6.608289e+02	6587	7.828429e+03	2.550000e+01	510	0	0	8538	8.511970e+03	2.545000e+01	509	8.682643e-01	9.221570e-01	2.545000e+01	509	4.704919e-01	4.993320e-01	
2.555000e+01	511	6.385000e+02	6.608289e+02	5473	7.828429e+03	2.560000e+01	512	0	0	7999	8.511970e+03	2.555000e+01	511	8.955248e-01	9.221570e-01	2.555000e+01	511	4.331172e-01	4.993320e-01	
2.565000e+01	513	4.048000e+02	6.608289e+02	7948	7.828429e+03	2.570000e+01	514	0	0	7092	8.511970e+03	2.565000e+01	513	9.515372e-01	9.221570e-01	2.565000e+01	513	5.408163e-01	4.993320e-01	
2.575000e+01	515	3.977000e+02	6.608289e+02	8143	7.828429e+03	2.580000e+01	516	0	0	8024	8.511970e+03	2.575000e+01	515	9.534347e-01	9.221570e-01	2.575000e+01	515	5.155964e-01	4.993320e-01	
2.585000e+01	517	6.885000e+02	6.608289e+02	7739	7.828429e+03	2.590000e+01	518	0	0	8608	8.511970e+03	2.585000e+01	517	9.183032e-01	9.221570e-01	2.585000e+01	517	4.947022e-01	4.993320e-01	
2.595000e+01	519	6.619000e+02	6.608289e+02	7442	7.828429e+03	26	520	0	0	7521	8.511970e+03	2.595000e+01	519	9.183233e-01	9.221570e-01	2.595000e+01	519	5.186529e-01	4.993320e-01	
2.605000e+01	521	1058	6.608289e+02	7546	7.828429e+03	2.610000e+01	522	0	0	9366	8.511970e+03	2.605000e+01	521	8.770339e-01	9.221570e-01	2.605000e+01	521	4.787980e-01	4.993320e-01	
2.615000e+01	523	9.245000e+02	6.608289e+02	6805	7.828429e+03	2.620000e+01	524	0	0	9118	8.511970e+03	2.615000e+01	523	8.803933e-01	9.221570e-01	2.615000e+01	523	4.587921e-01	4.993320e-01	
2.625000e+01	525	3.442000e+02	6.608289e+02	8503	7.828429e+03	2.630000e+01	526	0	0	10460	8.511970e+03	2.625000e+01	525	9.610950e-01	9.221570e-01	2.625000e+01	525	4.582332e-01	4.993320e-01	
2.635000e+01	527	3.676000e+02	6.608289e+02	5465	7.828429e+03	2.640000e+01	528	0	0	9573	8.511970e+03	2.635000e+01	527	9.369749e-01	9.221570e-01	2.635000e+01	527	3.786026e-01	4.993320e-01	
2.645000e+01	529	3.428000e+02	6.608289e+02	6188	7.828429e+03	2.650000e+01	530	0	0	10620	8.511970e+03	2.645000e+01	529	9.475103e-01	9.221570e-01	2.645000e+01	529	3.807869e-01	4.993320e-01	
2.655000e+01	531	1.467000e+01	6.608289e+02	7357	7.828429e+03	2.660000e+01	532	0	0	7568	8.511970e+03	2.655000e+01	531	9.980099e-01	9.221570e-01	2.655000e+01	531	4.934292e-01	4.993320e-01	
2.665000e+01	533	9.384000e+02	6.608289e+02	9480	7.828429e+03	2.670000e+01	534	0	0	8350	8.511970e+03	2.665000e+01	533	9.099286e-01	9.221570e-01	2.665000e+01	533	5.551033e-01	4.993320e-01	
2.675000e+01	535	8.068000e+02	6.608289e+02	8959	7.828429e+03	2.680000e+01	536	0	0	10210	8.511970e+03	2.675000e+01	535	9.173852e-01	9.221570e-01	2.675000e+01	535	4.888815e-01	4.993320e-01	
2.685000e+01	537	-7.937000e+02	6.608289e+02	7883	7.828429e+03	2.690000e+01	538	0	0	9485	8.511970e+03	2.685000e+01	537	1.111957e+00	9.221570e-01	2.685000e+01	537	4.277285e-01	4.993320e-01	
2.695000e+01	539	1331	6.608289e+02	8320	7.828429e+03	27	540	0	0	9387	8.511970e+03	2.695000e+01	539	8.620868e-01	9.221570e-01	2.695000e+01	539	5.069335e-01	4.993320e-01	
2.705000e+01	541	1064	6.608289e+02	8848	7.828429e+03	2.710000e+01	542	0	0	7030	8.511970e+03	2.705000e+01	541	8.926554e-01	9.221570e-01	2.705000e+01	541	5.850549e-01	4.993320e-01	
2.715000e+01	543	6.691000e+02	6.608289e+02	7517	7.828429e+03	2.720000e+01	544	0	0	8312	8.511970e+03	2.715000e+01	543	9.182639e-01	9.221570e-01	2.715000e+01	543	4.961844e-01	4.993320e-01	
2.725000e+01	545	6.877000e+02	6.608289e+02	6360	7.828429e+03	2.730000e+01	546	0	0	8828	8.511970e+03	2.725000e+01	545	9.024221e-01	9.221570e-01	2.725000e+01	545	4.439300e-01	4.993320e-01	
2.735000e+01	547	7.575000e+02	6.608289e+02	6324	7.828429e+03	2.740000e+01	548	0	0	8669	8.511970e+03	2.735000e+01	547	8.930311e-01	9.221570e-01	2.735000e+01	547	4.496048e-01	4.993320e-01	
2.745000e+01	549	6.686000e+02	6.608289e+02	7453	7.828429e+03	2.750000e+01	550	0	0	8097	8.511970e+03	2.745000e+01	549	9.176763e-01	9.221570e-01	2.745000e+01	549	5.007584e-01	4.993320e-01	
2.755000e+01	551	4.409000e+02	6.608289e+02	6155	7.828429e+03	2.760000e+01	552	0	0	8626	8.511970e+03	2.755000e+01	551	9.331554e-01	9.221570e-01	2.755000e+01	551	4.333165e-01	4.993320e-01	
2.765000e+01	553	7545	5.162097e+03	2229	8.115321e+02	2.770000e+01	554	0	0	8099	8.511970e+03	2.765000e+01	553	2.280540e-01	1.358524e-01	2.765000e+01	553	5.468584e-01	4.123840e-01	
2.775000e+01	555	5739	5.162097e+03	1065	8.115321e+02	2.780000e+01	556	0	0	6823	8.511970e+03	2.775000e+01	555	1.565256e-01	1.358524e-01	2.775000e+01	555	4.993029e-01	4.123840e-01	
2.785000e+01	557	6561	5.162097e+03	6.543000e+02	8.115321e+02	2.790000e+01	558	0	0	10340	8.511970e+03	2.785000e+01	557	9.068230e-02	1.358524e-01	2.785000e+01	557	4.110041e-01	4.123840e-01	
2.795000e+01	559	1266	6.608289e+02	7226	7.828429e+03	28	560	0	0	7865	8.511970e+03	2.795000e+01	559	8.509185e-01	9.221570e-01	2.795000e+01	559	5.191661e-01	4.993320e-01	
2.805000e+01	561	-2.538000e+02	6.608289e+02	6867	7.828429e+03	2.810000e+01	562	0	0	9691	8.511970e+03	2.805000e+01	561	1.038378e+00	9.221570e-01	2.805000e+01	561	4.056133e-01	4.993320e-01	
2.815000e+01	563	3.896000e+02	6.608289e+02	8466	7.828429e+03	2.820000e+01	564	0	0	8570	8.511970e+03	2.815000e+01	563	9.560052e-01	9.221570e-01	2.815000e+01	563	5.081948e-01	4.993320e-01	
2.825000e+01	565	2304	6.608289e+02	7007	7.828429e+03	2.830000e+01	566	0	0	7609	8.511970e+03	2.825000e+01	565	7.525507e-01	9.221570e-01	2.825000e+01	565	5.502955e-01	4.993320e-01	
2.835000e+01	567	-1.003000e+02	6.608289e+02	7632	7.828429e+03	2.840000e+01	568	0	0	8283	8.511970e+03	2.835000e+01	567	1.013317e+00	9.221570e-01	2.835000e+01	567	4.762468e-01	4.993320e-01	
2.845000e+01	569	9.968000e+02	6.608289e+02	6609	7.828429e+03	2.850000e+01	570	0	0	6865	8.511970e+03	2.845000e+01	569	8.689421e-01	9.221570e-01	2.845000e+01	569	5.255964e-01	4.993320e-01	
2.855000e+01	571	1062	6.608289e+02	7913	7.828429e+03	2.860000e+01	572	0	0	7715	8.511970e+03	2.855000e+01	571	8.816713e-01	9.221570e-01	2.855000e+01	571	5.377472e-01	4.993320e-01	
2.865000e+01	573	1219	6.608289e+02	7257	7.828429e+03	2.870000e+01	574	0	0	7125	8.511970e+03	2.865000e+01	573	8.561822e-01	9.221570e-01	2.865000e+01	573	5.432985e-01	4.993320e-01	
2.875000e+01	575	5.039000e+02	6.608289e+02	8901	7.828429e+03	2.880000e+01	576	0	0	9486	8.511970e+03	2.875000e+01	575	9.464215e-01	9.221570e-01	2.875000e+01	575	4.978535e-01	4.993320e-01	
2.885000e+01	577	105	6.608289e+02	6156	7.828429e+03	2.890000e+01	578	0	0	9523	8.511970e+03	2.885000e+01	577	9.832295e-01	9.221570e-01	2.885000e+01	577	3.966675e-01	4.993320e-01	
2.895000e+01	579	4.755000e+02	6.608289e+02	9110	7.828429e+03	29	580	0	0	8558	8.511970e+03	2.895000e+01	579	9.503938e-01	9.221570e-01	2.895000e+01	579	5.283159e-01	4.993320e-01	
2.905000e+01	581	9.943000e+02	6.608289e+02	6265	7.828429e+03	2.910000e+01	582	0	0	7249	8.511970e+03	2.905000e+01	581	8.630309e-01	9.221570e-01	2.905000e+01	581	5.003550e-01	4.993320e-01	
2.915000e+01	583	9.974000e+02	6.608289e+02	8064	7.828429e+03	2.920000e+01	584	0	0	7664	8.511970e+03	2.915000e+01	583	8.899287e-01	9.221570e-01	2.915000e+01	583	5.417748e-01	4.993320e-01	
2.925000e+01	585	1.645000e+02	6.608289e+02	8167	7.828429e+03	2.930000e+01	586	0	0	7604	8.511970e+03	2.925000e+01	585	9.802557e-01	9.221570e-01	2.925000e+01	585	5.228264e-01	4.993320e-01	
2.935000e+01	587	6.307000e+02	6.608289e+02	8320	7.828429e+03	2.940000e+01	588	0	0	9337	8.511970e+03	2.935000e+01	587	9.295362e-01	9.221570e-01	2.935000e+01	587	4.894383e-01	4.993320e-01	
2.945000e+01	589	4.542000e+02	6.608289e+02	8283	7.828429e+03	2.950000e+01	590	0	0	8824	8.511970e+03	2.945000e+01	589	9.480154e-01	9.221570e-01	2.945000e+01	589	4.975286e-01	4.993320e-01	
2.955000e+01	591	3.609000e+02	6.608289e+02	7774	7.828429e+03	2.960000e+01	592	0	0	7645	8.511970e+03	2.955000e+01	591	9.556356e-01	9.221570e-01	2.955000e+01	591	5.155229e-01	4.993320e-01	
2.965000e+01	593	6.924000e+01	6.608289e+02	8434	7.828429e+03	2.970000e+01	594	0	0	7347	8.511970e+03	2.965000e+01	593	9.918572e-01	9.221570e-01	2.965000e+01	593	5.364739e-01	4.993320e-01	
2.975000e+01	595	-188	6.608289e+02	7920	7.828429e+03	2.980000e+01	596	0	0	7877	8.511970e+03	2.975000e+01	595	1.024315e+00	9.221570e-01	2.975000e+01	595	4.953552e-01	4.993320e-01	
2.985000e+01	597	101	6.608289e+02	6713	7.828429e+03	2.990000e+01	598	0	0	7855	8.511970e+03	2.985000e+01	597	9.851776e-01	9.221570e-01	2.985000e+01	597	4.645170e-01	4.993320e-01	
2.995000e+01	599	1000	6.608289e+02	8573	7.828429e+03	30	600	0	0	6782	8.511970e+03	2.995000e+01	599	8.955395e-01	9.221570e-01	2.995000e+01	599	5.853256e-01	4.993320e-01	
3.005000e+01	601	4425	5.162097e+03	4383	4.457815e+03	3.010000e+01	602	0	0	7821	8.511970e+03	3.005000e+01	601	4.976158e-01	4.633946e-01	3.005000e+01	601	5.296771e-01	5.305523e-01	
3.015000e+01	603	3719	5.162097e+03	4788	4.457815e+03	3.020000e+01	604	0	0	10990	8.511970e+03	3.015000e+01	603	5.628306e-01	4.633946e-01	3.015000e+01	603	4.363235e-01	5.305523e-01	
3.025000e+01	605	4021	5.162097e+03	3701	4.457815e+03	3.030000e+01	606	0	0	8052	8.511970e+03	3.025000e+01	605	4.792800e-01	4.633946e-01	3.025000e+01	605	4.895397e-01	5.305523e-01	
3.035000e+01	607	4652	5.162097e+03	5287	4.457815e+03	3.040000e+01	608	0	0	7992	8.511970e+03	3.035000e+01	607	5.319449e-01	4.633946e-01	3.035000e+01	607	5.542915e-01	5.305523e-01	
3.045000e+01	609	3916	5.162097e+03	4519	4.457815e+03	3.050000e+01	610	0	0	9343	8.511970e+03	3.045000e+01	609	5.357439e-01	4.633946e-01	3.045000e+01	609	4.744628e-01	5.305523e-01	
3.055000e+01	611	3700	5.162097e+03	3917	4.457815e+03	3.060000e+01	612	0	0	9454	8.511970e+03	3.055000e+01	611	5.142445e-01	4.633946e-01	3.055000e+01	611	4.461953e-01	5.305523e-01	
3.065000e+01	613	3596	5.162097e+03	4190	4.457815e+03	3.070000e+01	614	0	0	11330	8.511970e+03	3.065000e+01	613	5.381454e-01	4.633946e-01	3.065000e+01	613	4.073028e-01	5.305523e-01	
3.075000e+01	615	3701	5.162097e+03	3100	4.457815e+03	3.080000e+01	616	0	0	8569	8.511970e+03	3.075000e+01	615	4.558153e-01	4.633946e-01	3.075000e+01	615	4.424854e-01	5.305523e-01	
3.085000e+01	617	4319	5.162097e+03	4461	4.457815e+03	3.090000e+01	618	0	0	7696	8.511970e+03	3.085000e+01	617	5.080866e-01	4.633946e-01	3.085000e+01	617	5.328963e-01	5.305523e-01	
3.095000e+01	619	4349	5.162097e+03	5742	4.457815e+03	31	620	0	0	9194	8.511970e+03	3.095000e+01	619	5.690219e-01	4.633946e-01	3.095000e+01	619	5.232564e-01	5.305523e-01	
3.105000e+01	621	1709	5.162097e+03	3289	4.457815e+03	3.110000e+01	622	0	0	9129	8.511970e+03	3.105000e+01	621	6.580632e-01	4.633946e-01	3.105000e+01	621	3.537906e-01	5.305523e-01	
3.115000e+01	623	4035	5.162097e+03	6075	4.457815e+03	3.120000e+01	624	0	0	6744	8.511970e+03	3.115000e+01	623	6.008902e-01	4.633946e-01	3.115000e+01	623	5.998576e-01	5.305523e-01	
3.125000e+01	625	4325	5.162097e+03	4953	4.457815e+03	3.130000e+01	626	0	0	8207	8.511970e+03	3.125000e+01	625	5.338435e-01	4.633946e-01	3.125000e+01	625	5.306263e-01	5.305523e-01	
3.135000e+01	627	4198	5.162097e+03	3708	4.457815e+03	3.140000e+01	628	0	0	9321	8.511970e+03	3.135000e+01	627	4.690109e-01	4.633946e-01	3.135000e+01	627	4.589307e-01	5.305523e-01	
3.145000e+01	629	4203	5.162097e+03	4122	4.457815e+03	3.150000e+01	630	0	0	5644	8.511970e+03	3.145000e+01	629	4.951351e-01	4.633946e-01	3.145000e+01	629	5.959625e-01	5.305523e-01	
3.155000e+01	631	3952	5.162097e+03	4925	4.457815e+03	3.160000e+01	632	0	0	9372	8.511970e+03	3.155000e+01	631	5.548046e-01	4.633946e-01	3.155000e+01	631	4.864376e-01	5.305523e-01	
3.165000e+01	633	2541	5.162097e+03	3433	4.457815e+03	3.170000e+01	634	0	0	10910	8.511970e+03	3.165000e+01	633	5.746568e-01	4.633946e-01	3.165000e+01	633	3.538261e-01	5.305523e-01	
3.175000e+01	635	1633	6.608289e+02	9112	7.828429e+03	3.180000e+01	636	0	0	8941	8.511970e+03	3.175000e+01	635	8.480223e-01	9.221570e-01	3.175000e+01	635	5.458194e-01	4.993320e-01	
3.185000e+01	637	4.289000e+02	6.608289e+02	6094	7.828429e+03	3.190000e+01	638	0	0	8994	8.511970e+03	3.185000e+01	637	9.342470e-01	9.221570e-01	3.185000e+01	637	4.203739e-01	4.993320e-01	
3.195000e+01	639	5.188000e+02	6.608289e+02	9116	7.828429e+03	32	640	0	0	8274	8.511970e+03	3.195000e+01	639	9.461535e-01	9.221570e-01	3.195000e+01	639	5.379925e-01	4.993320e-01	
3.205000e+01	641	-1.163000e+02	6.608289e+02	7326	7.828429e+03	3.210000e+01	642	0	0	8941	8.511970e+03	3.205000e+01	641	1.016131e+00	9.221570e-01	3.205000e+01	641	4.464017e-01	4.993320e-01	
3.215000e+01	643	5.484000e+02	6.608289e+02	7941	7.828429e+03	3.220000e+01	644	0	0	8245	8.511970e+03	3.215000e+01	643	9.354018e-01	9.221570e-01	3.215000e+01	643	5.073023e-01	4.993320e-01	
3.225000e+01	645	2.496000e+02	6.608289e+02	7247	7.828429e+03	3.230000e+01	646	0	0	9144	8.511970e+03	3.225000e+01	645	9.667049e-01	9.221570e-01	3.225000e+01	645	4.505006e-01	4.993320e-01	
3.235000e+01	647	728	6.608289e+02	7856	7.828429e+03	3.240000e+01	648	0	0	9272	8.511970e+03	3.235000e+01	647	9.151911e-01	9.221570e-01	3.235000e+01	647	4.807348e-01	4.993320e-01	
3.245000e+01	649	6.398000e+02	6.608289e+02	8192	7.828429e+03	3.250000e+01	650	0	0	8267	8.511970e+03	3.245000e+01	649	9.275572e-01	9.221570e-01	3.245000e+01	649	5.165158e-01	4.993320e-01	
3.255000e+01	651	-5.073000e+02	6.608289e+02	7945	7.828429e+03	3.260000e+01	652	0	0	9801	8.511970e+03	3.255000e+01	651	1.068207e+00	9.221570e-01	3.255000e+01	651	4.314536e-01	4.993320e-01	
3.265000e+01	653	-1.488000e+01	6.608289e+02	7524	7.828429e+03	3.270000e+01	654	0	0	8631	8.511970e+03	3.265000e+01	653	1.001982e+00	9.221570e-01	3.265000e+01	653	4.652456e-01	4.993320e-01	
3.275000e+01	655	1690	6.608289e+02	7770	7.828429e+03	3.280000e+01	656	0	0	9271	8.511970e+03	3.275000e+01	655	8.213531e-01	9.221570e-01	3.275000e+01	655	5.050451e-01	4.993320e-01	
3.285000e+01	657	2.821000e+02	6.608289e+02	7183	7.828429e+03	3.290000e+01	658	0	0	8646	8.511970e+03	3.285000e+01	657	9.622108e-01	9.221570e-01	3.285000e+01	657	4.633514e-01	4.993320e-01	
3.295000e+01	659	6.015000e+02	6.608289e+02	8184	7.828429e+03	33	660	0	0	7900	8.511970e+03	3.295000e+01	659	9.315349e-01	9.221570e-01	3.295000e+01	659	5.265350e-01	4.993320e-01	
3.305000e+01	661	1498	6.608289e+02	6709	7.828429e+03	3.310000e+01	662	0	0	9334	8.511970e+03	3.305000e+01	661	8.174729e-01	9.221570e-01	3.305000e+01	661	4.678753e-01	4.993320e-01	
3.315000e+01	663	2.792000e+02	6.608289e+02	8067	7.828429e+03	3.320000e+01	664	0	0	6043	8.511970e+03	3.315000e+01	663	9.665477e-01	9.221570e-01	3.315000e+01	663	5.800322e-01	4.993320e-01	
3.325000e+01	665	-9.237000e+01	6.608289e+02	10150	7.828429e+03	3.330000e+01	666	0	0	10820	8.511970e+03	3.325000e+01	665	1.009184e+00	9.221570e-01	3.325000e+01	665	4.817419e-01	4.993320e-01	
3.335000e+01	667	691	6.608289e+02	7300	7.828429e+03	3.340000e+01	668	0	0	9137	8.511970e+03	3.335000e+01	667	9.135277e-01	9.221570e-01	3.335000e+01	667	4.665460e-01	4.993320e-01	
3.345000e+01	669	1661	6.608289e+02	6377	7.828429e+03	3.350000e+01	670	0	0	7959	8.511970e+03	3.345000e+01	669	7.933566e-01	9.221570e-01	3.345000e+01	669	5.024692e-01	4.993320e-01	
3.355000e+01	671	5.859000e+02	6.608289e+02	8148	7.828429e+03	3.360000e+01	672	0	0	7890	8.511970e+03	3.355000e+01	671	9.329166e-01	0	3.355000e+01	671	5.253821e-01	0	
