time at 532nm	frame at 532nm	I_1 at 532nm(counts)	discr.I_1 at 532nm(counts)	I_2 at 532nm(counts)	discr.I_2 at 532nm(counts)	time at 638nm	frame at 638nm	I_1 at 638nm(counts)	discr.I_1 at 638nm(counts)	I_2 at 638nm(counts)	discr.I_2 at 638nm(counts)	time at 532nm	frame at 532nm	FRET_1>2	discr.FRET_1>2	time at 532nm	frame at 532nm	S_1>2	discr.S_1>2	
5.000000e-02	1	7460	7.128793e+03	-1.778000e+02	7.454851e+02	1.000000e-01	2	0	0	8011	7.379484e+03	5.000000e-02	1	-2.441570e-02	9.467346e-02	5.000000e-02	1	4.761724e-01	5.162188e-01	
1.500000e-01	3	7475	7.128793e+03	1877	7.454851e+02	2.000000e-01	4	0	0	7307	7.379484e+03	1.500000e-01	3	2.007057e-01	9.467346e-02	1.500000e-01	3	5.613782e-01	5.162188e-01	
2.500000e-01	5	6481	7.128793e+03	4.649000e+02	7.454851e+02	3.000000e-01	6	0	0	6509	7.379484e+03	2.500000e-01	5	6.693157e-02	9.467346e-02	2.500000e-01	5	5.162357e-01	5.162188e-01	
3.500000e-01	7	8.612000e+02	1.007264e+03	6288	6.611821e+03	4.000000e-01	8	0	0	5665	7.379484e+03	3.500000e-01	7	8.795390e-01	8.677973e-01	3.500000e-01	7	5.579123e-01	5.079875e-01	
4.500000e-01	9	1818	1.007264e+03	6552	6.611821e+03	5.000000e-01	10	0	0	6774	7.379484e+03	4.500000e-01	9	7.827957e-01	8.677973e-01	4.500000e-01	9	5.526941e-01	5.079875e-01	
5.500000e-01	11	6.046000e+02	1.007264e+03	8095	6.611821e+03	6.000000e-01	12	0	0	7167	7.379484e+03	5.500000e-01	11	9.305026e-01	8.677973e-01	5.500000e-01	11	5.482964e-01	5.079875e-01	
6.500000e-01	13	8.456000e+01	1.007264e+03	5862	6.611821e+03	7.000000e-01	14	0	0	6087	7.379484e+03	6.500000e-01	13	9.857800e-01	8.677973e-01	6.500000e-01	13	4.941647e-01	5.079875e-01	
7.500000e-01	15	659	1.007264e+03	6215	6.611821e+03	8.000000e-01	16	0	0	7081	7.379484e+03	7.500000e-01	15	9.041315e-01	8.677973e-01	7.500000e-01	15	4.925833e-01	5.079875e-01	
8.500000e-01	17	-6.439000e+02	1.007264e+03	4395	6.611821e+03	9.000000e-01	18	0	0	8023	7.379484e+03	8.500000e-01	17	1.171656e+00	8.677973e-01	8.500000e-01	17	3.185891e-01	5.079875e-01	
9.500000e-01	19	1656	1.007264e+03	6505	6.611821e+03	1	20	0	0	5912	7.379484e+03	9.500000e-01	19	7.970837e-01	8.677973e-01	9.500000e-01	19	5.799048e-01	5.079875e-01	
1.050000e+00	21	2.341000e+02	1.007264e+03	6322	6.611821e+03	1.100000e+00	22	0	0	7935	7.379484e+03	1.050000e+00	21	9.642928e-01	8.677973e-01	1.050000e+00	21	4.524225e-01	5.079875e-01	
1.150000e+00	23	1677	1.007264e+03	7500	6.611821e+03	1.200000e+00	24	0	0	7825	7.379484e+03	1.150000e+00	23	8.172605e-01	8.677973e-01	1.150000e+00	23	5.397600e-01	5.079875e-01	
1.250000e+00	25	6.386000e+02	1.007264e+03	6003	6.611821e+03	1.300000e+00	26	0	0	8000	7.379484e+03	1.250000e+00	25	9.038485e-01	8.677973e-01	1.250000e+00	25	4.536116e-01	5.079875e-01	
1.350000e+00	27	-2.723000e+02	1.007264e+03	8154	6.611821e+03	1.400000e+00	28	0	0	9170	7.379484e+03	1.350000e+00	27	1.034548e+00	8.677973e-01	1.350000e+00	27	4.622237e-01	5.079875e-01	
1.450000e+00	29	1829	1.007264e+03	6686	6.611821e+03	1.500000e+00	30	0	0	7774	7.379484e+03	1.450000e+00	29	7.852026e-01	8.677973e-01	1.450000e+00	29	5.227454e-01	5.079875e-01	
1.550000e+00	31	5.333000e+02	1.007264e+03	6104	6.611821e+03	1.600000e+00	32	0	0	5472	7.379484e+03	1.550000e+00	31	9.196511e-01	8.677973e-01	1.550000e+00	31	5.481159e-01	5.079875e-01	
1.650000e+00	33	769	1.007264e+03	5779	6.611821e+03	1.700000e+00	34	0	0	8760	7.379484e+03	1.650000e+00	33	8.825596e-01	8.677973e-01	1.650000e+00	33	4.277502e-01	5.079875e-01	
1.750000e+00	35	8.685000e+02	1.007264e+03	6636	6.611821e+03	1.800000e+00	36	0	0	6971	7.379484e+03	1.750000e+00	35	8.842694e-01	8.677973e-01	1.750000e+00	35	5.184277e-01	5.079875e-01	
1.850000e+00	37	1234	1.007264e+03	6365	6.611821e+03	1.900000e+00	38	0	0	5909	7.379484e+03	1.850000e+00	37	8.376102e-01	8.677973e-01	1.850000e+00	37	5.625555e-01	5.079875e-01	
1.950000e+00	39	1533	1.007264e+03	6139	6.611821e+03	2	40	0	0	7705	7.379484e+03	1.950000e+00	39	8.001825e-01	8.677973e-01	1.950000e+00	39	4.989270e-01	5.079875e-01	
2.050000e+00	41	1648	1.007264e+03	7280	6.611821e+03	2.100000e+00	42	0	0	6267	7.379484e+03	2.050000e+00	41	8.154122e-01	8.677973e-01	2.050000e+00	41	5.875617e-01	5.079875e-01	
2.150000e+00	43	1519	1.007264e+03	6486	6.611821e+03	2.200000e+00	44	0	0	7031	7.379484e+03	2.150000e+00	43	8.102436e-01	8.677973e-01	2.150000e+00	43	5.323889e-01	5.079875e-01	
2.250000e+00	45	2027	1.007264e+03	6083	6.611821e+03	2.300000e+00	46	0	0	8614	7.379484e+03	2.250000e+00	45	7.500617e-01	8.677973e-01	2.250000e+00	45	4.849318e-01	5.079875e-01	
2.350000e+00	47	1374	1.007264e+03	7612	6.611821e+03	2.400000e+00	48	0	0	8753	7.379484e+03	2.350000e+00	47	8.470955e-01	8.677973e-01	2.350000e+00	47	5.065675e-01	5.079875e-01	
2.450000e+00	49	1606	1.007264e+03	8153	6.611821e+03	2.500000e+00	50	0	0	8173	7.379484e+03	2.450000e+00	49	8.354340e-01	8.677973e-01	2.450000e+00	49	5.442226e-01	5.079875e-01	
2.550000e+00	51	1430	1.007264e+03	6905	6.611821e+03	2.600000e+00	52	0	0	6703	7.379484e+03	2.550000e+00	51	8.284343e-01	8.677973e-01	2.550000e+00	51	5.542625e-01	5.079875e-01	
2.650000e+00	53	9.811000e+02	1.007264e+03	7744	6.611821e+03	2.700000e+00	54	0	0	8774	7.379484e+03	2.650000e+00	53	8.875543e-01	8.677973e-01	2.650000e+00	53	4.986028e-01	5.079875e-01	
2.750000e+00	55	6.714000e+02	1.007264e+03	7297	6.611821e+03	2.800000e+00	56	0	0	7030	7.379484e+03	2.750000e+00	55	9.157422e-01	8.677973e-01	2.750000e+00	55	5.312833e-01	5.079875e-01	
2.850000e+00	57	1024	1.007264e+03	5865	6.611821e+03	2.900000e+00	58	0	0	7607	7.379484e+03	2.850000e+00	57	8.513572e-01	8.677973e-01	2.850000e+00	57	4.752345e-01	5.079875e-01	
2.950000e+00	59	2359	1.007264e+03	6937	6.611821e+03	3	60	0	0	10030	7.379484e+03	2.950000e+00	59	7.462349e-01	8.677973e-01	2.950000e+00	59	4.810100e-01	5.079875e-01	
3.050000e+00	61	7.013000e+02	1.007264e+03	6757	6.611821e+03	3.100000e+00	62	0	0	7048	7.379484e+03	3.050000e+00	61	9.059705e-01	8.677973e-01	3.050000e+00	61	5.141421e-01	5.079875e-01	
3.150000e+00	63	4.875000e+02	1.007264e+03	6744	6.611821e+03	3.200000e+00	64	0	0	6610	7.379484e+03	3.150000e+00	63	9.325866e-01	8.677973e-01	3.150000e+00	63	5.224506e-01	5.079875e-01	
3.250000e+00	65	4.087000e+02	1.007264e+03	6998	6.611821e+03	3.300000e+00	66	0	0	6757	7.379484e+03	3.250000e+00	65	9.448202e-01	8.677973e-01	3.250000e+00	65	5.229354e-01	5.079875e-01	
3.350000e+00	67	8.359000e+02	1.007264e+03	6679	6.611821e+03	3.400000e+00	68	0	0	6699	7.379484e+03	3.350000e+00	67	8.887676e-01	8.677973e-01	3.350000e+00	67	5.287008e-01	5.079875e-01	
3.450000e+00	69	355	1.007264e+03	4999	6.611821e+03	3.500000e+00	70	0	0	6760	7.379484e+03	3.450000e+00	69	9.336944e-01	8.677973e-01	3.450000e+00	69	4.419680e-01	5.079875e-01	
3.550000e+00	71	1634	1.007264e+03	6276	6.611821e+03	3.600000e+00	72	0	0	8161	7.379484e+03	3.550000e+00	71	7.934260e-01	8.677973e-01	3.550000e+00	71	4.921909e-01	5.079875e-01	
3.650000e+00	73	1513	1.007264e+03	6235	6.611821e+03	3.700000e+00	74	0	0	7526	7.379484e+03	3.650000e+00	73	8.047238e-01	8.677973e-01	3.650000e+00	73	5.072673e-01	5.079875e-01	
3.750000e+00	75	1660	1.007264e+03	5865	6.611821e+03	3.800000e+00	76	0	0	6462	7.379484e+03	3.750000e+00	75	7.794020e-01	8.677973e-01	3.750000e+00	75	5.379996e-01	5.079875e-01	
3.850000e+00	77	5.174000e+02	1.007264e+03	7591	6.611821e+03	3.900000e+00	78	0	0	6406	7.379484e+03	3.850000e+00	77	9.361896e-01	8.677973e-01	3.850000e+00	77	5.586452e-01	5.079875e-01	
3.950000e+00	79	1154	1.007264e+03	6375	6.611821e+03	4	80	0	0	8464	7.379484e+03	3.950000e+00	79	8.467260e-01	8.677973e-01	3.950000e+00	79	4.707685e-01	5.079875e-01	
4.050000e+00	81	1590	1.007264e+03	6718	6.611821e+03	4.100000e+00	82	0	0	6338	7.379484e+03	4.050000e+00	81	8.086182e-01	8.677973e-01	4.050000e+00	81	5.672539e-01	5.079875e-01	
4.150000e+00	83	1141	1.007264e+03	4841	6.611821e+03	4.200000e+00	84	0	0	8525	7.379484e+03	4.150000e+00	83	8.092611e-01	8.677973e-01	4.150000e+00	83	4.123527e-01	5.079875e-01	
4.250000e+00	85	9.207000e+02	1.007264e+03	7006	6.611821e+03	4.300000e+00	86	0	0	7991	7.379484e+03	4.250000e+00	85	8.838483e-01	8.677973e-01	4.250000e+00	85	4.979802e-01	5.079875e-01	
4.350000e+00	87	1656	1.007264e+03	7990	6.611821e+03	4.400000e+00	88	0	0	7705	7.379484e+03	4.350000e+00	87	8.283226e-01	8.677973e-01	4.350000e+00	87	5.559334e-01	5.079875e-01	
4.450000e+00	89	6519	7.128793e+03	-2.859000e+02	7.454851e+02	4.500000e+00	90	0	0	8318	7.379484e+03	4.450000e+00	89	-4.586803e-02	9.467346e-02	4.450000e+00	89	4.283594e-01	5.162188e-01	
4.550000e+00	91	6763	7.128793e+03	1529	7.454851e+02	4.600000e+00	92	0	0	7461	7.379484e+03	4.550000e+00	91	1.843946e-01	9.467346e-02	4.550000e+00	91	5.263759e-01	5.162188e-01	
4.650000e+00	93	9531	7.128793e+03	1053	7.454851e+02	4.700000e+00	94	0	0	8654	7.379484e+03	4.650000e+00	93	9.948980e-02	9.467346e-02	4.650000e+00	93	5.501611e-01	5.162188e-01	
4.750000e+00	95	8202	7.128793e+03	1225	7.454851e+02	4.800000e+00	96	0	0	6595	7.379484e+03	4.750000e+00	95	1.299459e-01	9.467346e-02	4.750000e+00	95	5.883785e-01	5.162188e-01	
4.850000e+00	97	6821	7.128793e+03	1389	7.454851e+02	4.900000e+00	98	0	0	7939	7.379484e+03	4.850000e+00	97	1.691839e-01	9.467346e-02	4.850000e+00	97	5.083906e-01	5.162188e-01	
4.950000e+00	99	7424	7.128793e+03	6.625000e+02	7.454851e+02	5	100	0	0	6145	7.379484e+03	4.950000e+00	99	8.192667e-02	9.467346e-02	4.950000e+00	99	5.682114e-01	5.162188e-01	
5.050000e+00	101	6130	7.128793e+03	7.151000e+02	7.454851e+02	5.100000e+00	102	0	0	7333	7.379484e+03	5.050000e+00	101	1.044689e-01	9.467346e-02	5.050000e+00	101	4.827939e-01	5.162188e-01	
5.150000e+00	103	8437	7.128793e+03	-5.696000e+02	7.454851e+02	5.200000e+00	104	0	0	6905	7.379484e+03	5.150000e+00	103	-7.240003e-02	9.467346e-02	5.150000e+00	103	5.325743e-01	5.162188e-01	
5.250000e+00	105	6042	7.128793e+03	1184	7.454851e+02	5.300000e+00	106	0	0	6837	7.379484e+03	5.250000e+00	105	1.638528e-01	9.467346e-02	5.250000e+00	105	5.138306e-01	5.162188e-01	
5.350000e+00	107	6496	7.128793e+03	7.409000e+02	7.454851e+02	5.400000e+00	108	0	0	7653	7.379484e+03	5.350000e+00	107	1.023781e-01	9.467346e-02	5.350000e+00	107	4.860274e-01	5.162188e-01	
5.450000e+00	109	4111	3.574118e+03	4804	4.292654e+03	5.500000e+00	110	0	0	6786	7.379484e+03	5.450000e+00	109	5.388671e-01	5.456691e-01	5.450000e+00	109	5.677982e-01	5.159806e-01	
5.550000e+00	111	3275	3.574118e+03	2817	4.292654e+03	5.600000e+00	112	0	0	6503	7.379484e+03	5.550000e+00	111	4.624097e-01	5.456691e-01	5.550000e+00	111	4.836840e-01	5.159806e-01	
5.650000e+00	113	3164	3.574118e+03	3955	4.292654e+03	5.700000e+00	114	0	0	8983	7.379484e+03	5.650000e+00	113	5.555556e-01	5.456691e-01	5.650000e+00	113	4.421190e-01	5.159806e-01	
5.750000e+00	115	3865	3.574118e+03	4579	4.292654e+03	5.800000e+00	116	0	0	7350	7.379484e+03	5.750000e+00	115	5.422785e-01	5.456691e-01	5.750000e+00	115	5.346334e-01	5.159806e-01	
5.850000e+00	117	3946	3.574118e+03	4563	4.292654e+03	5.900000e+00	118	0	0	7945	7.379484e+03	5.850000e+00	117	5.362557e-01	5.456691e-01	5.850000e+00	117	5.171387e-01	5.159806e-01	
5.950000e+00	119	2910	3.574118e+03	3993	4.292654e+03	6	120	0	0	9093	7.379484e+03	5.950000e+00	119	5.784442e-01	5.456691e-01	5.950000e+00	119	4.315454e-01	5.159806e-01	
6.050000e+00	121	2652	3.574118e+03	5483	6.611821e+03	6.100000e+00	122	0	0	6890	7.379484e+03	6.050000e+00	121	6.740012e-01	5.456691e-01	6.050000e+00	121	5.414309e-01	5.798858e-01	
6.150000e+00	123	1413	1.007264e+03	7351	6.611821e+03	6.200000e+00	124	0	0	7587	7.379484e+03	6.150000e+00	123	8.387723e-01	8.677973e-01	6.150000e+00	123	5.359917e-01	5.798858e-01	
6.250000e+00	125	3.221000e+02	1.007264e+03	6061	6.611821e+03	6.300000e+00	126	0	0	8726	7.379484e+03	6.250000e+00	125	9.495386e-01	8.677973e-01	6.250000e+00	125	4.224673e-01	5.798858e-01	
6.350000e+00	127	1814	1.007264e+03	6453	6.611821e+03	6.400000e+00	128	0	0	6360	7.379484e+03	6.350000e+00	127	7.805734e-01	8.677973e-01	6.350000e+00	127	5.651877e-01	5.798858e-01	
6.450000e+00	129	8.429000e+02	1.007264e+03	6617	6.611821e+03	6.500000e+00	130	0	0	8326	7.379484e+03	6.450000e+00	129	8.870092e-01	8.677973e-01	6.450000e+00	129	4.725673e-01	5.798858e-01	
6.550000e+00	131	6.933000e+02	1.007264e+03	7295	6.611821e+03	6.600000e+00	132	0	0	7877	7.379484e+03	6.550000e+00	131	9.132106e-01	8.677973e-01	6.550000e+00	131	5.035077e-01	5.798858e-01	
6.650000e+00	133	1414	1.007264e+03	6504	6.611821e+03	6.700000e+00	134	0	0	8074	7.379484e+03	6.650000e+00	133	8.214196e-01	8.677973e-01	6.650000e+00	133	4.951226e-01	5.798858e-01	
6.750000e+00	135	1235	1.007264e+03	7913	6.611821e+03	6.800000e+00	136	0	0	7527	7.379484e+03	6.750000e+00	135	8.649978e-01	8.677973e-01	6.750000e+00	135	5.486057e-01	5.798858e-01	
6.850000e+00	137	419	1.007264e+03	5954	6.611821e+03	6.900000e+00	138	0	0	7891	7.379484e+03	6.850000e+00	137	9.342539e-01	8.677973e-01	6.850000e+00	137	4.467891e-01	5.798858e-01	
6.950000e+00	139	1600	1.007264e+03	7648	6.611821e+03	7	140	0	0	7698	7.379484e+03	6.950000e+00	139	8.269896e-01	8.677973e-01	6.950000e+00	139	5.457335e-01	5.798858e-01	
7.050000e+00	141	9.578000e+02	1.007264e+03	7839	6.611821e+03	7.100000e+00	142	0	0	8754	7.379484e+03	7.050000e+00	141	8.911195e-01	8.677973e-01	7.050000e+00	141	5.012193e-01	5.798858e-01	
7.150000e+00	143	1657	1.007264e+03	6757	6.611821e+03	7.200000e+00	144	0	0	6901	7.379484e+03	7.150000e+00	143	8.030663e-01	8.677973e-01	7.150000e+00	143	5.493960e-01	5.798858e-01	
7.250000e+00	145	5.783000e+02	1.007264e+03	4908	6.611821e+03	7.300000e+00	146	0	0	7303	7.379484e+03	7.250000e+00	145	8.945920e-01	8.677973e-01	7.250000e+00	145	4.289758e-01	5.798858e-01	
7.350000e+00	147	3.385000e+01	1.007264e+03	4957	6.611821e+03	7.400000e+00	148	0	0	7218	7.379484e+03	7.350000e+00	147	9.932176e-01	8.677973e-01	7.350000e+00	147	4.087895e-01	5.798858e-01	
7.450000e+00	149	1.658000e+02	1.007264e+03	6869	6.611821e+03	7.500000e+00	150	0	0	6459	7.379484e+03	7.450000e+00	149	9.764315e-01	8.677973e-01	7.450000e+00	149	5.213357e-01	5.798858e-01	
7.550000e+00	151	9.793000e+02	1.007264e+03	6191	6.611821e+03	7.600000e+00	152	0	0	7838	7.379484e+03	7.550000e+00	151	8.634227e-01	8.677973e-01	7.550000e+00	151	4.777556e-01	5.798858e-01	
7.650000e+00	153	1367	1.007264e+03	5638	6.611821e+03	7.700000e+00	154	0	0	9361	7.379484e+03	7.650000e+00	153	8.048537e-01	8.677973e-01	7.650000e+00	153	4.280215e-01	5.798858e-01	
7.750000e+00	155	1790	1.007264e+03	7103	6.611821e+03	7.800000e+00	156	0	0	7345	7.379484e+03	7.750000e+00	155	7.987181e-01	8.677973e-01	7.750000e+00	155	5.476660e-01	5.798858e-01	
7.850000e+00	157	1082	1.007264e+03	6914	6.611821e+03	7.900000e+00	158	0	0	7566	7.379484e+03	7.850000e+00	157	8.646823e-01	8.677973e-01	7.850000e+00	157	5.138157e-01	5.798858e-01	
7.950000e+00	159	2249	1.007264e+03	5822	6.611821e+03	8	160	0	0	8207	7.379484e+03	7.950000e+00	159	7.213480e-01	8.677973e-01	7.950000e+00	159	4.958226e-01	5.798858e-01	
8.050000e+00	161	3313	3.574118e+03	4295	4.292654e+03	8.100000e+00	162	0	0	7443	7.379484e+03	8.050000e+00	161	5.645373e-01	5.456691e-01	8.050000e+00	161	5.054814e-01	5.159806e-01	
8.150000e+00	163	5745	7.128793e+03	2.686000e+02	7.454851e+02	8.200000e+00	164	0	0	7066	7.379484e+03	8.150000e+00	163	4.466543e-02	5.456691e-01	8.150000e+00	163	4.597694e-01	5.159806e-01	
8.250000e+00	165	7337	7.128793e+03	-1.407000e+02	7.454851e+02	8.300000e+00	166	0	0	7017	7.379484e+03	8.250000e+00	165	-1.955171e-02	5.456691e-01	8.250000e+00	165	5.063075e-01	5.159806e-01	
8.350000e+00	167	7627	7.128793e+03	1677	7.454851e+02	8.400000e+00	168	0	0	8299	7.379484e+03	8.350000e+00	167	1.802451e-01	5.456691e-01	8.350000e+00	167	5.285463e-01	5.159806e-01	
8.450000e+00	169	5771	7.128793e+03	9.930000e+01	7.454851e+02	8.500000e+00	170	0	0	6312	7.379484e+03	8.450000e+00	169	1.691566e-02	5.456691e-01	8.450000e+00	169	4.818712e-01	5.159806e-01	
8.550000e+00	171	7553	7.128793e+03	3.225000e+02	7.454851e+02	8.600000e+00	172	0	0	6272	7.379484e+03	8.550000e+00	171	4.094978e-02	5.456691e-01	8.550000e+00	171	5.566708e-01	5.159806e-01	
8.650000e+00	173	6987	7.128793e+03	4.151000e+02	7.454851e+02	8.700000e+00	174	0	0	6887	7.379484e+03	8.650000e+00	173	5.607868e-02	5.456691e-01	8.650000e+00	173	5.180242e-01	5.159806e-01	
8.750000e+00	175	8264	7.128793e+03	2222	7.454851e+02	8.800000e+00	176	0	0	8098	7.379484e+03	8.750000e+00	175	2.119016e-01	5.456691e-01	8.750000e+00	175	5.642488e-01	5.159806e-01	
8.850000e+00	177	6699	7.128793e+03	6.333000e+02	7.454851e+02	8.900000e+00	178	0	0	7871	7.379484e+03	8.850000e+00	177	8.637126e-02	5.456691e-01	8.850000e+00	177	4.822835e-01	5.159806e-01	
8.950000e+00	179	8864	7.128793e+03	7.641000e+02	7.454851e+02	9	180	0	0	7706	7.379484e+03	8.950000e+00	179	7.936145e-02	5.456691e-01	8.950000e+00	179	5.554427e-01	5.159806e-01	
9.050000e+00	181	6544	7.128793e+03	1471	7.454851e+02	9.100000e+00	182	0	0	6010	7.379484e+03	9.050000e+00	181	1.835309e-01	5.456691e-01	9.050000e+00	181	5.714795e-01	5.159806e-01	
9.150000e+00	183	6781	7.128793e+03	2179	7.454851e+02	9.200000e+00	184	0	0	8233	7.379484e+03	9.150000e+00	183	2.431920e-01	5.456691e-01	9.150000e+00	183	5.211423e-01	5.159806e-01	
9.250000e+00	185	6855	7.128793e+03	9.419000e+02	7.454851e+02	9.300000e+00	186	0	0	7087	7.379484e+03	9.250000e+00	185	1.208044e-01	5.456691e-01	9.250000e+00	185	5.238479e-01	5.159806e-01	
9.350000e+00	187	7740	7.128793e+03	-1.831000e+00	7.454851e+02	9.400000e+00	188	0	0	7048	7.379484e+03	9.350000e+00	187	-2.366193e-04	5.456691e-01	9.350000e+00	187	5.233383e-01	5.159806e-01	
9.450000e+00	189	6375	7.128793e+03	-9.423000e+02	7.454851e+02	9.500000e+00	190	0	0	8145	7.379484e+03	9.450000e+00	189	-1.734497e-01	5.456691e-01	9.450000e+00	189	4.001193e-01	5.159806e-01	
9.550000e+00	191	1995	1.007264e+03	5759	6.611821e+03	9.600000e+00	192	0	0	7086	7.379484e+03	9.550000e+00	191	7.427134e-01	8.677973e-01	9.550000e+00	191	5.225067e-01	5.079875e-01	
9.650000e+00	193	1604	1.007264e+03	5808	6.611821e+03	9.700000e+00	194	0	0	7848	7.379484e+03	9.650000e+00	193	7.835942e-01	8.677973e-01	9.650000e+00	193	4.857143e-01	5.079875e-01	
9.750000e+00	195	9.148000e+02	1.007264e+03	6771	6.611821e+03	9.800000e+00	196	0	0	8690	7.379484e+03	9.750000e+00	195	8.809753e-01	8.677973e-01	9.750000e+00	195	4.693389e-01	5.079875e-01	
9.850000e+00	197	7.741000e+02	1.007264e+03	5857	6.611821e+03	9.900000e+00	198	0	0	4913	7.379484e+03	9.850000e+00	197	8.832622e-01	8.677973e-01	9.850000e+00	197	5.744146e-01	5.079875e-01	
9.950000e+00	199	4.193000e+02	1.007264e+03	7318	6.611821e+03	10	200	0	0	7399	7.379484e+03	9.950000e+00	199	9.458080e-01	8.677973e-01	9.950000e+00	199	5.111751e-01	5.079875e-01	
1.005000e+01	201	9.165000e+02	1.007264e+03	8086	6.611821e+03	1.010000e+01	202	0	0	7324	7.379484e+03	1.005000e+01	201	8.981949e-01	8.677973e-01	1.005000e+01	201	5.514042e-01	5.079875e-01	
1.015000e+01	203	1.465000e+02	1.007264e+03	6777	6.611821e+03	1.020000e+01	204	0	0	5575	7.379484e+03	1.015000e+01	203	9.788402e-01	8.677973e-01	1.015000e+01	203	5.539465e-01	5.079875e-01	
1.025000e+01	205	2555	1.007264e+03	6208	6.611821e+03	1.030000e+01	206	0	0	7028	7.379484e+03	1.025000e+01	205	7.084332e-01	8.677973e-01	1.025000e+01	205	5.549364e-01	5.079875e-01	
1.035000e+01	207	1689	1.007264e+03	7827	6.611821e+03	1.040000e+01	208	0	0	9156	7.379484e+03	1.035000e+01	207	8.225095e-01	8.677973e-01	1.035000e+01	207	5.096401e-01	5.079875e-01	
1.045000e+01	209	4.920000e+01	1.007264e+03	6102	6.611821e+03	1.050000e+01	210	0	0	6389	7.379484e+03	1.045000e+01	209	9.920016e-01	8.677973e-01	1.045000e+01	209	4.905185e-01	5.079875e-01	
1.055000e+01	211	1178	1.007264e+03	5955	6.611821e+03	1.060000e+01	212	0	0	7563	7.379484e+03	1.055000e+01	211	8.348521e-01	8.677973e-01	1.055000e+01	211	4.853702e-01	5.079875e-01	
1.065000e+01	213	1333	1.007264e+03	7434	6.611821e+03	1.070000e+01	214	0	0	6496	7.379484e+03	1.065000e+01	213	8.479525e-01	8.677973e-01	1.065000e+01	213	5.743956e-01	5.079875e-01	
1.075000e+01	215	1.735000e+02	1.007264e+03	7036	6.611821e+03	1.080000e+01	216	0	0	8619	7.379484e+03	1.075000e+01	215	9.759345e-01	8.677973e-01	1.075000e+01	215	4.554759e-01	5.079875e-01	
1.085000e+01	217	1734	1.007264e+03	5959	6.611821e+03	1.090000e+01	218	0	0	6808	7.379484e+03	1.085000e+01	217	7.746003e-01	8.677973e-01	1.085000e+01	217	5.305151e-01	5.079875e-01	
1.095000e+01	219	1564	1.007264e+03	6940	6.611821e+03	11	220	0	0	5824	7.379484e+03	1.095000e+01	219	8.160865e-01	8.677973e-01	1.095000e+01	219	5.935232e-01	5.079875e-01	
1.105000e+01	221	2228	1.007264e+03	6825	6.611821e+03	1.110000e+01	222	0	0	7243	7.379484e+03	1.105000e+01	221	7.538937e-01	8.677973e-01	1.105000e+01	221	5.555351e-01	5.079875e-01	
1.115000e+01	223	4.264000e+02	1.007264e+03	6594	6.611821e+03	1.120000e+01	224	0	0	7963	7.379484e+03	1.115000e+01	223	9.392627e-01	8.677973e-01	1.115000e+01	223	4.685452e-01	5.079875e-01	
1.125000e+01	225	1467	1.007264e+03	6719	6.611821e+03	1.130000e+01	226	0	0	7334	7.379484e+03	1.125000e+01	225	8.207916e-01	8.677973e-01	1.125000e+01	225	5.274485e-01	5.079875e-01	
1.135000e+01	227	2179	1.007264e+03	6176	6.611821e+03	1.140000e+01	228	0	0	5387	7.379484e+03	1.135000e+01	227	7.391981e-01	8.677973e-01	1.135000e+01	227	6.079901e-01	5.079875e-01	
1.145000e+01	229	3.997000e+02	1.007264e+03	5922	6.611821e+03	1.150000e+01	230	0	0	8417	7.379484e+03	1.145000e+01	229	9.367733e-01	8.677973e-01	1.145000e+01	229	4.289184e-01	5.079875e-01	
1.155000e+01	231	1.437000e+02	1.007264e+03	6042	6.611821e+03	1.160000e+01	232	0	0	7242	7.379484e+03	1.155000e+01	231	9.767690e-01	8.677973e-01	1.155000e+01	231	4.606671e-01	5.079875e-01	
1.165000e+01	233	-255	1.007264e+03	6664	6.611821e+03	1.170000e+01	234	0	0	8196	7.379484e+03	1.165000e+01	233	1.039788e+00	8.677973e-01	1.165000e+01	233	4.388223e-01	5.079875e-01	
1.175000e+01	235	964	1.007264e+03	6769	6.611821e+03	1.180000e+01	236	0	0	6606	7.379484e+03	1.175000e+01	235	8.753395e-01	8.677973e-01	1.175000e+01	235	5.392984e-01	5.079875e-01	
1.185000e+01	237	2422	1.007264e+03	6605	6.611821e+03	1.190000e+01	238	0	0	6306	7.379484e+03	1.185000e+01	237	7.316938e-01	8.677973e-01	1.185000e+01	237	5.887302e-01	5.079875e-01	
1.195000e+01	239	-7.744000e+02	1.007264e+03	6540	6.611821e+03	12	240	0	0	7837	7.379484e+03	1.195000e+01	239	1.134314e+00	8.677973e-01	1.195000e+01	239	4.238601e-01	5.079875e-01	
1.205000e+01	241	9.923000e+02	1.007264e+03	7317	6.611821e+03	1.210000e+01	242	0	0	7147	7.379484e+03	1.205000e+01	241	8.805796e-01	8.677973e-01	1.205000e+01	241	5.375996e-01	5.079875e-01	
1.215000e+01	243	1373	1.007264e+03	7019	6.611821e+03	1.220000e+01	244	0	0	6991	7.379484e+03	1.215000e+01	243	8.363918e-01	8.677973e-01	1.215000e+01	243	5.455373e-01	5.079875e-01	
1.225000e+01	245	7.822000e+02	1.007264e+03	6465	6.611821e+03	1.230000e+01	246	0	0	6263	7.379484e+03	1.225000e+01	245	8.920687e-01	8.677973e-01	1.225000e+01	245	5.364243e-01	5.079875e-01	
1.235000e+01	247	-1.506000e+02	1.007264e+03	6932	6.611821e+03	1.240000e+01	248	0	0	7303	7.379484e+03	1.235000e+01	247	1.022208e+00	8.677973e-01	1.235000e+01	247	4.814831e-01	5.079875e-01	
1.245000e+01	249	1612	1.007264e+03	6889	6.611821e+03	1.250000e+01	250	0	0	9188	7.379484e+03	1.245000e+01	249	8.103752e-01	8.677973e-01	1.245000e+01	249	4.805812e-01	5.079875e-01	
1.255000e+01	251	1745	1.007264e+03	6838	6.611821e+03	1.260000e+01	252	0	0	7081	7.379484e+03	1.255000e+01	251	7.966911e-01	8.677973e-01	1.255000e+01	251	5.479443e-01	5.079875e-01	
1.265000e+01	253	3.932000e+02	1.007264e+03	5805	6.611821e+03	1.270000e+01	254	0	0	8576	7.379484e+03	1.265000e+01	253	9.365622e-01	8.677973e-01	1.265000e+01	253	4.195286e-01	5.079875e-01	
1.275000e+01	255	1429	1.007264e+03	8115	6.611821e+03	1.280000e+01	256	0	0	7449	7.379484e+03	1.275000e+01	255	8.502724e-01	8.677973e-01	1.275000e+01	255	5.616430e-01	5.079875e-01	
1.285000e+01	257	1942	1.007264e+03	6786	6.611821e+03	1.290000e+01	258	0	0	6217	7.379484e+03	1.285000e+01	257	7.774977e-01	8.677973e-01	1.285000e+01	257	5.840080e-01	5.079875e-01	
1.295000e+01	259	-9.922000e+02	1.007264e+03	7332	6.611821e+03	13	260	0	0	7503	7.379484e+03	1.295000e+01	259	1.156503e+00	8.677973e-01	1.295000e+01	259	4.579854e-01	5.079875e-01	
1.305000e+01	261	2317	1.007264e+03	5128	4.292654e+03	1.310000e+01	262	0	0	6752	7.379484e+03	1.305000e+01	261	6.887844e-01	8.677973e-01	1.305000e+01	261	5.244066e-01	4.179943e-01	
1.315000e+01	263	3651	3.574118e+03	4620	4.292654e+03	1.320000e+01	264	0	0	6648	7.379484e+03	1.315000e+01	263	5.585782e-01	5.456691e-01	1.315000e+01	263	5.543937e-01	4.179943e-01	
1.325000e+01	265	2338	3.574118e+03	4580	4.292654e+03	1.330000e+01	266	0	0	7635	7.379484e+03	1.325000e+01	265	6.620411e-01	5.456691e-01	1.325000e+01	265	4.753659e-01	4.179943e-01	
1.335000e+01	267	3762	3.574118e+03	3821	4.292654e+03	1.340000e+01	268	0	0	5532	7.379484e+03	1.335000e+01	267	5.038903e-01	5.456691e-01	1.335000e+01	267	5.781929e-01	4.179943e-01	
1.345000e+01	269	3770	3.574118e+03	2942	4.292654e+03	1.350000e+01	270	0	0	6941	7.379484e+03	1.345000e+01	269	4.383194e-01	5.456691e-01	1.345000e+01	269	4.916136e-01	4.179943e-01	
1.355000e+01	271	4567	3.574118e+03	4936	4.292654e+03	1.360000e+01	272	0	0	8142	7.379484e+03	1.355000e+01	271	5.194149e-01	5.456691e-01	1.355000e+01	271	5.385662e-01	4.179943e-01	
1.365000e+01	273	3818	3.574118e+03	2948	4.292654e+03	1.370000e+01	274	0	0	8708	7.379484e+03	1.365000e+01	273	4.357080e-01	5.456691e-01	1.365000e+01	273	4.372496e-01	4.179943e-01	
1.375000e+01	275	-2.062000e+02	1.007264e+03	7095	6.611821e+03	1.380000e+01	276	0	0	7958	7.379484e+03	1.375000e+01	275	1.029933e+00	8.677973e-01	1.375000e+01	275	4.639922e-01	5.079875e-01	
1.385000e+01	277	1660	1.007264e+03	6719	6.611821e+03	1.390000e+01	278	0	0	6208	7.379484e+03	1.385000e+01	277	8.018857e-01	8.677973e-01	1.385000e+01	277	5.744156e-01	5.079875e-01	
1.395000e+01	279	1035	1.007264e+03	7714	6.611821e+03	14	280	0	0	6421	7.379484e+03	1.395000e+01	279	8.817008e-01	8.677973e-01	1.395000e+01	279	5.767304e-01	5.079875e-01	
1.405000e+01	281	1432	1.007264e+03	5838	6.611821e+03	1.410000e+01	282	0	0	6398	7.379484e+03	1.405000e+01	281	8.030261e-01	8.677973e-01	1.405000e+01	281	5.318993e-01	5.079875e-01	
1.415000e+01	283	9.428000e+02	1.007264e+03	6986	6.611821e+03	1.420000e+01	284	0	0	6311	7.379484e+03	1.415000e+01	283	8.810917e-01	8.677973e-01	1.415000e+01	283	5.568056e-01	5.079875e-01	
1.425000e+01	285	8.782000e+02	1.007264e+03	7211	6.611821e+03	1.430000e+01	286	0	0	8503	7.379484e+03	1.425000e+01	285	8.914355e-01	8.677973e-01	1.425000e+01	285	4.875303e-01	5.079875e-01	
1.435000e+01	287	1531	1.007264e+03	4906	6.611821e+03	1.440000e+01	288	0	0	7943	7.379484e+03	1.435000e+01	287	7.621563e-01	8.677973e-01	1.435000e+01	287	4.476356e-01	5.079875e-01	
1.445000e+01	289	4.808000e+02	1.007264e+03	6999	6.611821e+03	1.450000e+01	290	0	0	6401	7.379484e+03	1.445000e+01	289	9.357202e-01	8.677973e-01	1.445000e+01	289	5.388594e-01	5.079875e-01	
1.455000e+01	291	1861	1.007264e+03	6139	6.611821e+03	1.460000e+01	292	0	0	7389	7.379484e+03	1.455000e+01	291	7.673750e-01	8.677973e-01	1.455000e+01	291	5.198518e-01	5.079875e-01	
1.465000e+01	293	1099	1.007264e+03	6849	6.611821e+03	1.470000e+01	294	0	0	8419	7.379484e+03	1.465000e+01	293	8.617262e-01	8.677973e-01	1.465000e+01	293	4.856113e-01	5.079875e-01	
1.475000e+01	295	1293	1.007264e+03	7550	6.611821e+03	1.480000e+01	296	0	0	6943	7.379484e+03	1.475000e+01	295	8.537827e-01	8.677973e-01	1.475000e+01	295	5.601799e-01	5.079875e-01	
1.485000e+01	297	-8.582000e+02	1.007264e+03	5212	6.611821e+03	1.490000e+01	298	0	0	5035	7.379484e+03	1.485000e+01	297	1.197115e+00	8.677973e-01	1.485000e+01	297	4.637227e-01	5.079875e-01	
1.495000e+01	299	7.144000e+02	1.007264e+03	5614	6.611821e+03	15	300	0	0	7275	7.379484e+03	1.495000e+01	299	8.871121e-01	8.677973e-01	1.495000e+01	299	4.652072e-01	5.079875e-01	
1.505000e+01	301	1821	1.007264e+03	6644	6.611821e+03	1.510000e+01	302	0	0	6794	7.379484e+03	1.505000e+01	301	7.848789e-01	8.677973e-01	1.505000e+01	301	5.547546e-01	5.079875e-01	
1.515000e+01	303	1788	1.007264e+03	5804	6.611821e+03	1.520000e+01	304	0	0	7120	7.379484e+03	1.515000e+01	303	7.644889e-01	8.677973e-01	1.515000e+01	303	5.160413e-01	5.079875e-01	
1.525000e+01	305	1110	1.007264e+03	6125	6.611821e+03	1.530000e+01	306	0	0	6389	7.379484e+03	1.525000e+01	305	8.465791e-01	8.677973e-01	1.525000e+01	305	5.310482e-01	5.079875e-01	
1.535000e+01	307	1696	1.007264e+03	5305	6.611821e+03	1.540000e+01	308	0	0	5282	7.379484e+03	1.535000e+01	307	7.577489e-01	8.677973e-01	1.535000e+01	307	5.699748e-01	5.079875e-01	
1.545000e+01	309	1206	1.007264e+03	7360	6.611821e+03	1.550000e+01	310	0	0	5777	7.379484e+03	1.545000e+01	309	8.592108e-01	8.677973e-01	1.545000e+01	309	5.972251e-01	5.079875e-01	
1.555000e+01	311	1173	1.007264e+03	8468	6.611821e+03	1.560000e+01	312	0	0	9055	7.379484e+03	1.555000e+01	311	8.783321e-01	8.677973e-01	1.555000e+01	311	5.156718e-01	5.079875e-01	
1.565000e+01	313	-1.898000e+02	1.007264e+03	6625	6.611821e+03	1.570000e+01	314	0	0	8420	7.379484e+03	1.565000e+01	313	1.029494e+00	8.677973e-01	1.565000e+01	313	4.331951e-01	5.079875e-01	
1.575000e+01	315	-2.715000e+02	1.007264e+03	7356	6.611821e+03	1.580000e+01	316	0	0	6650	7.379484e+03	1.575000e+01	315	1.038323e+00	8.677973e-01	1.575000e+01	315	5.158178e-01	5.079875e-01	
1.585000e+01	317	6.593000e+02	1.007264e+03	7717	6.611821e+03	1.590000e+01	318	0	0	9820	7.379484e+03	1.585000e+01	317	9.212898e-01	8.677973e-01	1.585000e+01	317	4.603298e-01	5.079875e-01	
1.595000e+01	319	7.928000e+02	1.007264e+03	6557	6.611821e+03	16	320	0	0	7353	7.379484e+03	1.595000e+01	319	8.921331e-01	8.677973e-01	1.595000e+01	319	4.998912e-01	5.079875e-01	
1.605000e+01	321	1007	1.007264e+03	6276	6.611821e+03	1.610000e+01	322	0	0	6969	7.379484e+03	1.605000e+01	321	8.617328e-01	8.677973e-01	1.605000e+01	321	5.110160e-01	5.079875e-01	
1.615000e+01	323	6.373000e+02	1.007264e+03	7278	6.611821e+03	1.620000e+01	324	0	0	8418	7.379484e+03	1.615000e+01	323	9.194850e-01	8.677973e-01	1.615000e+01	323	4.846112e-01	5.079875e-01	
1.625000e+01	325	1335	1.007264e+03	7494	6.611821e+03	1.630000e+01	326	0	0	8729	7.379484e+03	1.625000e+01	325	8.487937e-01	8.677973e-01	1.625000e+01	325	5.028477e-01	5.079875e-01	
1.635000e+01	327	-3.292000e+02	1.007264e+03	6510	6.611821e+03	1.640000e+01	328	0	0	5865	7.379484e+03	1.635000e+01	327	1.053262e+00	8.677973e-01	1.635000e+01	327	5.131083e-01	5.079875e-01	
1.645000e+01	329	2073	1.007264e+03	6700	6.611821e+03	1.650000e+01	330	0	0	7658	7.379484e+03	1.645000e+01	329	7.637068e-01	8.677973e-01	1.645000e+01	329	5.339298e-01	5.079875e-01	
1.655000e+01	331	3.161000e+02	1.007264e+03	6818	6.611821e+03	1.660000e+01	332	0	0	7491	7.379484e+03	1.655000e+01	331	9.556917e-01	8.677973e-01	1.655000e+01	331	4.877984e-01	5.079875e-01	
1.665000e+01	333	347	1.007264e+03	6010	6.611821e+03	1.670000e+01	334	0	0	7918	7.379484e+03	1.665000e+01	333	9.454145e-01	8.677973e-01	1.665000e+01	333	4.453240e-01	5.079875e-01	
1.675000e+01	335	485	1.007264e+03	6425	6.611821e+03	1.680000e+01	336	0	0	7761	7.379484e+03	1.675000e+01	335	9.298119e-01	8.677973e-01	1.675000e+01	335	4.709972e-01	5.079875e-01	
1.685000e+01	337	-5.467000e+02	1.007264e+03	6289	6.611821e+03	1.690000e+01	338	0	0	7716	7.379484e+03	1.685000e+01	337	1.095206e+00	8.677973e-01	1.685000e+01	337	4.266735e-01	5.079875e-01	
1.695000e+01	339	789	1.007264e+03	6787	6.611821e+03	17	340	0	0	6660	7.379484e+03	1.695000e+01	339	8.958553e-01	8.677973e-01	1.695000e+01	339	5.321720e-01	5.079875e-01	
1.705000e+01	341	6.624000e+02	1.007264e+03	5294	6.611821e+03	1.710000e+01	342	0	0	7839	7.379484e+03	1.705000e+01	341	8.887919e-01	8.677973e-01	1.705000e+01	341	4.317671e-01	5.079875e-01	
1.715000e+01	343	3.438000e+02	1.007264e+03	6404	6.611821e+03	1.720000e+01	344	0	0	6857	7.379484e+03	1.715000e+01	343	9.490501e-01	8.677973e-01	1.715000e+01	343	4.959867e-01	5.079875e-01	
1.725000e+01	345	-9.015000e+01	1.007264e+03	6310	6.611821e+03	1.730000e+01	346	0	0	9498	7.379484e+03	1.725000e+01	345	1.014494e+00	8.677973e-01	1.725000e+01	345	3.957189e-01	5.079875e-01	
1.735000e+01	347	1512	1.007264e+03	6222	6.611821e+03	1.740000e+01	348	0	0	7103	7.379484e+03	1.735000e+01	347	8.044996e-01	8.677973e-01	1.735000e+01	347	5.212644e-01	5.079875e-01	
1.745000e+01	349	1626	1.007264e+03	6894	6.611821e+03	1.750000e+01	350	0	0	8255	7.379484e+03	1.745000e+01	349	8.091549e-01	8.677973e-01	1.745000e+01	349	5.078987e-01	5.079875e-01	
1.755000e+01	351	6759	7.128793e+03	1541	7.454851e+02	1.760000e+01	352	0	0	7254	7.379484e+03	1.755000e+01	351	1.856627e-01	9.467346e-02	1.755000e+01	351	5.336248e-01	5.162188e-01	
1.765000e+01	353	7053	7.128793e+03	362	7.454851e+02	1.770000e+01	354	0	0	7153	7.379484e+03	1.765000e+01	353	4.881996e-02	9.467346e-02	1.765000e+01	353	5.089923e-01	5.162188e-01	
1.775000e+01	355	4185	3.574118e+03	3906	4.292654e+03	1.780000e+01	356	0	0	8186	7.379484e+03	1.775000e+01	355	4.827586e-01	5.456691e-01	1.775000e+01	355	4.970818e-01	5.159806e-01	
1.785000e+01	357	3337	3.574118e+03	4695	4.292654e+03	1.790000e+01	358	0	0	7391	7.379484e+03	1.785000e+01	357	5.845369e-01	5.456691e-01	1.785000e+01	357	5.207807e-01	5.159806e-01	
1.795000e+01	359	3211	3.574118e+03	4160	4.292654e+03	18	360	0	0	5326	7.379484e+03	1.795000e+01	359	5.643739e-01	5.456691e-01	1.795000e+01	359	5.805308e-01	5.159806e-01	
1.805000e+01	361	3597	3.574118e+03	5236	4.292654e+03	1.810000e+01	362	0	0	7418	7.379484e+03	1.805000e+01	361	5.927771e-01	5.456691e-01	1.805000e+01	361	5.435358e-01	5.159806e-01	
1.815000e+01	363	4669	3.574118e+03	4246	4.292654e+03	1.820000e+01	364	0	0	6566	7.379484e+03	1.815000e+01	363	4.762759e-01	5.456691e-01	1.815000e+01	363	5.758672e-01	5.159806e-01	
1.825000e+01	365	3251	3.574118e+03	3488	4.292654e+03	1.830000e+01	366	0	0	5118	7.379484e+03	1.825000e+01	365	5.175842e-01	5.456691e-01	1.825000e+01	365	5.683562e-01	5.159806e-01	
1.835000e+01	367	3720	3.574118e+03	5154	4.292654e+03	1.840000e+01	368	0	0	7718	7.379484e+03	1.835000e+01	367	5.807978e-01	5.456691e-01	1.835000e+01	367	5.348361e-01	5.159806e-01	
1.845000e+01	369	3579	3.574118e+03	4043	4.292654e+03	1.850000e+01	370	0	0	9023	7.379484e+03	1.845000e+01	369	5.304382e-01	5.456691e-01	1.845000e+01	369	4.579153e-01	5.159806e-01	
1.855000e+01	371	2957	3.574118e+03	3720	4.292654e+03	1.860000e+01	372	0	0	7851	7.379484e+03	1.855000e+01	371	5.571364e-01	5.456691e-01	1.855000e+01	371	4.595953e-01	5.159806e-01	
1.865000e+01	373	3558	3.574118e+03	4994	4.292654e+03	1.870000e+01	374	0	0	6830	7.379484e+03	1.865000e+01	373	5.839570e-01	5.456691e-01	1.865000e+01	373	5.559745e-01	5.159806e-01	
1.875000e+01	375	3167	3.574118e+03	4768	4.292654e+03	1.880000e+01	376	0	0	7944	7.379484e+03	1.875000e+01	375	6.008822e-01	5.456691e-01	1.875000e+01	375	4.997166e-01	5.159806e-01	
1.885000e+01	377	2928	3.574118e+03	3802	4.292654e+03	1.890000e+01	378	0	0	7193	7.379484e+03	1.885000e+01	377	5.649331e-01	5.456691e-01	1.885000e+01	377	4.833728e-01	5.159806e-01	
1.895000e+01	379	4013	3.574118e+03	4698	4.292654e+03	19	380	0	0	6498	7.379484e+03	1.895000e+01	379	5.393181e-01	5.456691e-01	1.895000e+01	379	5.727530e-01	5.159806e-01	
1.905000e+01	381	4280	3.574118e+03	4965	4.292654e+03	1.910000e+01	382	0	0	6511	7.379484e+03	1.905000e+01	381	5.370471e-01	5.456691e-01	1.905000e+01	381	5.867606e-01	5.159806e-01	
1.915000e+01	383	3237	3.574118e+03	3608	4.292654e+03	1.920000e+01	384	0	0	8623	7.379484e+03	1.915000e+01	383	5.271001e-01	5.456691e-01	1.915000e+01	383	4.425265e-01	5.159806e-01	
1.925000e+01	385	4031	3.574118e+03	4312	4.292654e+03	1.930000e+01	386	0	0	7368	7.379484e+03	1.925000e+01	385	5.168405e-01	5.456691e-01	1.925000e+01	385	5.310292e-01	5.159806e-01	
1.935000e+01	387	3742	3.574118e+03	4803	4.292654e+03	1.940000e+01	388	0	0	6590	7.379484e+03	1.935000e+01	387	5.620831e-01	5.456691e-01	1.935000e+01	387	5.645854e-01	5.159806e-01	
1.945000e+01	389	3896	3.574118e+03	4714	4.292654e+03	1.950000e+01	390	0	0	6927	7.379484e+03	1.945000e+01	389	5.475029e-01	5.456691e-01	1.945000e+01	389	5.541610e-01	5.159806e-01	
1.955000e+01	391	3127	3.574118e+03	3938	4.292654e+03	1.960000e+01	392	0	0	8334	7.379484e+03	1.955000e+01	391	5.573956e-01	5.456691e-01	1.955000e+01	391	4.587960e-01	5.159806e-01	
1.965000e+01	393	3472	3.574118e+03	2353	4.292654e+03	1.970000e+01	394	0	0	7690	7.379484e+03	1.965000e+01	393	4.039485e-01	5.456691e-01	1.965000e+01	393	4.310026e-01	5.159806e-01	
1.975000e+01	395	4095	3.574118e+03	5004	4.292654e+03	1.980000e+01	396	0	0	7041	7.379484e+03	1.975000e+01	395	5.499505e-01	5.456691e-01	1.975000e+01	395	5.637546e-01	5.159806e-01	
1.985000e+01	397	3159	3.574118e+03	5473	4.292654e+03	1.990000e+01	398	0	0	6427	7.379484e+03	1.985000e+01	397	6.340361e-01	5.456691e-01	1.985000e+01	397	5.732120e-01	5.159806e-01	
1.995000e+01	399	3330	3.574118e+03	4267	4.292654e+03	20	400	0	0	7069	7.379484e+03	1.995000e+01	399	5.616691e-01	5.456691e-01	1.995000e+01	399	5.180008e-01	5.159806e-01	
2.005000e+01	401	3696	3.574118e+03	4500	4.292654e+03	2.010000e+01	402	0	0	7383	7.379484e+03	2.005000e+01	401	5.490483e-01	5.456691e-01	2.005000e+01	401	5.260928e-01	5.159806e-01	
2.015000e+01	403	2928	3.574118e+03	3205	4.292654e+03	2.020000e+01	404	0	0	7149	7.379484e+03	2.015000e+01	403	5.225827e-01	5.456691e-01	2.015000e+01	403	4.617527e-01	5.159806e-01	
2.025000e+01	405	4900	3.574118e+03	4504	4.292654e+03	2.030000e+01	406	0	0	8195	7.379484e+03	2.025000e+01	405	4.789451e-01	5.456691e-01	2.025000e+01	405	5.343485e-01	5.159806e-01	
2.035000e+01	407	4830	3.574118e+03	3024	4.292654e+03	2.040000e+01	408	0	0	8641	7.379484e+03	2.035000e+01	407	3.850267e-01	5.456691e-01	2.035000e+01	407	4.761443e-01	5.159806e-01	
2.045000e+01	409	2404	3.574118e+03	5328	4.292654e+03	2.050000e+01	410	0	0	6609	7.379484e+03	2.045000e+01	409	6.890843e-01	5.456691e-01	2.045000e+01	409	5.391535e-01	5.159806e-01	
2.055000e+01	411	3447	3.574118e+03	3568	4.292654e+03	2.060000e+01	412	0	0	6984	7.379484e+03	2.055000e+01	411	5.086244e-01	5.456691e-01	2.055000e+01	411	5.011072e-01	5.159806e-01	
2.065000e+01	413	3750	3.574118e+03	5263	4.292654e+03	2.070000e+01	414	0	0	7580	7.379484e+03	2.065000e+01	413	5.839343e-01	5.456691e-01	2.065000e+01	413	5.431809e-01	5.159806e-01	
2.075000e+01	415	3566	3.574118e+03	3716	4.292654e+03	2.080000e+01	416	0	0	7295	7.379484e+03	2.075000e+01	415	5.102994e-01	5.456691e-01	2.075000e+01	415	4.995541e-01	5.159806e-01	
2.085000e+01	417	4458	3.574118e+03	4848	4.292654e+03	2.090000e+01	418	0	0	8674	7.379484e+03	2.085000e+01	417	5.209542e-01	5.456691e-01	2.085000e+01	417	5.175751e-01	5.159806e-01	
2.095000e+01	419	2614	3.574118e+03	3678	4.292654e+03	21	420	0	0	7932	7.379484e+03	2.095000e+01	419	5.845518e-01	5.456691e-01	2.095000e+01	419	4.423510e-01	5.159806e-01	
2.105000e+01	421	3472	3.574118e+03	4533	4.292654e+03	2.110000e+01	422	0	0	6966	7.379484e+03	2.105000e+01	421	5.662711e-01	5.456691e-01	2.105000e+01	421	5.347004e-01	5.159806e-01	
2.115000e+01	423	3710	3.574118e+03	3695	4.292654e+03	2.120000e+01	424	0	0	8885	7.379484e+03	2.115000e+01	423	4.989872e-01	5.456691e-01	2.115000e+01	423	4.545734e-01	5.159806e-01	
2.125000e+01	425	3698	3.574118e+03	4802	4.292654e+03	2.130000e+01	426	0	0	8630	7.379484e+03	2.125000e+01	425	5.649412e-01	5.456691e-01	2.125000e+01	425	4.962055e-01	5.159806e-01	
2.135000e+01	427	3124	3.574118e+03	5403	4.292654e+03	2.140000e+01	428	0	0	7474	7.379484e+03	2.135000e+01	427	6.336343e-01	5.456691e-01	2.135000e+01	427	5.329042e-01	5.159806e-01	
2.145000e+01	429	1765	1.007264e+03	4823	4.292654e+03	2.150000e+01	430	0	0	7396	7.379484e+03	2.145000e+01	429	7.320886e-01	5.456691e-01	2.145000e+01	429	4.711098e-01	4.179943e-01	
2.155000e+01	431	-4.919000e+02	1.007264e+03	6838	6.611821e+03	2.160000e+01	432	0	0	7425	7.379484e+03	2.155000e+01	431	1.077512e+00	8.677973e-01	2.155000e+01	431	4.608274e-01	4.179943e-01	
2.165000e+01	433	1018	1.007264e+03	7794	6.611821e+03	2.170000e+01	434	0	0	6382	7.379484e+03	2.165000e+01	433	8.844757e-01	8.677973e-01	2.165000e+01	433	5.799658e-01	4.179943e-01	
2.175000e+01	435	7.807000e+02	1.007264e+03	6699	6.611821e+03	2.180000e+01	436	0	0	7169	7.379484e+03	2.175000e+01	435	8.956242e-01	8.677973e-01	2.175000e+01	435	5.106050e-01	4.179943e-01	
2.185000e+01	437	2418	1.007264e+03	7109	6.611821e+03	2.190000e+01	438	0	0	7349	7.379484e+03	2.185000e+01	437	7.461950e-01	8.677973e-01	2.185000e+01	437	5.645295e-01	4.179943e-01	
2.195000e+01	439	1421	1.007264e+03	5771	6.611821e+03	22	440	0	0	8575	7.379484e+03	2.195000e+01	439	8.024194e-01	8.677973e-01	2.195000e+01	439	4.561426e-01	4.179943e-01	
2.205000e+01	441	1698	1.007264e+03	5436	6.611821e+03	2.210000e+01	442	0	0	7805	7.379484e+03	2.205000e+01	441	7.619849e-01	0	2.205000e+01	441	4.775420e-01	0	
