timeat605nm	I_1at605nm
1.000000e-01	148
3.000000e-01	154
5.000000e-01	144
7.000000e-01	139
9.000000e-01	142
1.100000e+00	135
1.300000e+00	141
1.500000e+00	151
1.700000e+00	150
1.900000e+00	149
2.100000e+00	141
2.300000e+00	146
2.500000e+00	147
2.700000e+00	145
2.900000e+00	138
3.100000e+00	145
3.300000e+00	150
3.500000e+00	149
3.700000e+00	145
3.900000e+00	144
4.100000e+00	160
4.300000e+00	141
4.500000e+00	144
4.700000e+00	142
4.900000e+00	138
5.100000e+00	139
5.300000e+00	141
5.500000e+00	140
5.700000e+00	144
5.900000e+00	143
6.100000e+00	153
6.300000e+00	142
6.500000e+00	149
6.700000e+00	146
6.900000e+00	137
7.100000e+00	149
7.300000e+00	138
7.500000e+00	143
7.700000e+00	148
7.900000e+00	147
8.100000e+00	141
8.300000e+00	132
8.500000e+00	144
8.700000e+00	141
8.900000e+00	143
9.100000e+00	149
9.300000e+00	141
9.500000e+00	146
9.700000e+00	153
9.900000e+00	146
1.010000e+01	149
1.030000e+01	149
1.050000e+01	140
1.070000e+01	140
1.090000e+01	149
1.110000e+01	144
1.130000e+01	132
1.150000e+01	145
1.170000e+01	146
1.190000e+01	150
1.210000e+01	146
1.230000e+01	154
1.250000e+01	141
1.270000e+01	134
1.290000e+01	143
1.310000e+01	139
1.330000e+01	145
1.350000e+01	146
1.370000e+01	139
1.390000e+01	149
1.410000e+01	148
1.430000e+01	160
1.450000e+01	142
1.470000e+01	145
1.490000e+01	147
1.510000e+01	143
1.530000e+01	151
1.550000e+01	151
1.570000e+01	149
1.590000e+01	142
1.610000e+01	142
1.630000e+01	151
1.650000e+01	143
1.670000e+01	143
1.690000e+01	141
1.710000e+01	142
1.730000e+01	141
1.750000e+01	146
1.770000e+01	135
1.790000e+01	145
1.810000e+01	139
1.830000e+01	139
1.850000e+01	135
1.870000e+01	151
1.890000e+01	147
1.910000e+01	139
1.930000e+01	142
1.950000e+01	144
1.970000e+01	151
1.990000e+01	143
2.010000e+01	150
2.030000e+01	134
2.050000e+01	142
2.070000e+01	140
2.090000e+01	142
2.110000e+01	143
2.130000e+01	150
2.150000e+01	145
2.170000e+01	140
2.190000e+01	145
2.210000e+01	143
2.230000e+01	142
2.250000e+01	138
2.270000e+01	154
2.290000e+01	148
2.310000e+01	145
2.330000e+01	153
2.350000e+01	144
2.370000e+01	152
2.390000e+01	153
2.410000e+01	148
2.430000e+01	138
2.450000e+01	145
2.470000e+01	145
2.490000e+01	144
2.510000e+01	136
2.530000e+01	146
2.550000e+01	141
2.570000e+01	142
2.590000e+01	141
2.610000e+01	159
2.630000e+01	149
2.650000e+01	148
2.670000e+01	143
2.690000e+01	148
2.710000e+01	147
2.730000e+01	146
2.750000e+01	145
2.770000e+01	139
2.790000e+01	144
2.810000e+01	141
2.830000e+01	136
2.850000e+01	143
2.870000e+01	148
2.890000e+01	150
2.910000e+01	146
2.930000e+01	143
2.950000e+01	143
2.970000e+01	156
2.990000e+01	152
3.010000e+01	148
3.030000e+01	153
3.050000e+01	144
3.070000e+01	145
3.090000e+01	136
3.110000e+01	137
3.130000e+01	143
3.150000e+01	148
3.170000e+01	139
3.190000e+01	140
3.210000e+01	135
3.230000e+01	137
3.250000e+01	152
3.270000e+01	146
3.290000e+01	143
3.310000e+01	138
3.330000e+01	136
3.350000e+01	151
3.370000e+01	141
3.390000e+01	158
3.410000e+01	142
3.430000e+01	145
3.450000e+01	146
3.470000e+01	150
3.490000e+01	144
3.510000e+01	148
3.530000e+01	143
3.550000e+01	142
3.570000e+01	142
3.590000e+01	152
3.610000e+01	140
3.630000e+01	148
3.650000e+01	141
3.670000e+01	145
3.690000e+01	142
3.710000e+01	151
3.730000e+01	145
3.750000e+01	153
3.770000e+01	134
3.790000e+01	146
3.810000e+01	145
3.830000e+01	141
3.850000e+01	150
3.870000e+01	156
3.890000e+01	141
3.910000e+01	136
3.930000e+01	153
3.950000e+01	137
3.970000e+01	146
3.990000e+01	139
4.010000e+01	144
4.030000e+01	138
4.050000e+01	137
4.070000e+01	138
4.090000e+01	142
4.110000e+01	142
4.130000e+01	137
4.150000e+01	154
4.170000e+01	147
4.190000e+01	127
4.210000e+01	140
4.230000e+01	136
4.250000e+01	139
4.270000e+01	150
4.290000e+01	141
4.310000e+01	140
4.330000e+01	144
4.350000e+01	134
4.370000e+01	141
4.390000e+01	146
4.410000e+01	140
4.430000e+01	138
4.450000e+01	137
4.470000e+01	133
4.490000e+01	143
4.510000e+01	155
4.530000e+01	147
4.550000e+01	136
4.570000e+01	139
4.590000e+01	137
4.610000e+01	146
4.630000e+01	142
4.650000e+01	151
4.670000e+01	145
4.690000e+01	141
4.710000e+01	143
4.730000e+01	142
4.750000e+01	145
4.770000e+01	144
4.790000e+01	149
4.810000e+01	139
4.830000e+01	149
4.850000e+01	145
4.870000e+01	145
4.890000e+01	141
4.910000e+01	145
4.930000e+01	147
4.950000e+01	146
4.970000e+01	149
4.990000e+01	150
5.010000e+01	145
5.030000e+01	145
5.050000e+01	147
5.070000e+01	138
5.090000e+01	147
5.110000e+01	148
5.130000e+01	136
5.150000e+01	143
5.170000e+01	150
5.190000e+01	147
5.210000e+01	144
5.230000e+01	145
5.250000e+01	146
5.270000e+01	148
5.290000e+01	150
5.310000e+01	149
5.330000e+01	148
5.350000e+01	148
5.370000e+01	147
5.390000e+01	136
5.410000e+01	154
5.430000e+01	144
5.450000e+01	136
5.470000e+01	147
5.490000e+01	141
5.510000e+01	137
5.530000e+01	143
5.550000e+01	144
5.570000e+01	149
5.590000e+01	150
5.610000e+01	145
5.630000e+01	140
5.650000e+01	139
5.670000e+01	148
5.690000e+01	141
5.710000e+01	149
5.730000e+01	154
5.750000e+01	150
5.770000e+01	139
5.790000e+01	142
5.810000e+01	141
5.830000e+01	149
5.850000e+01	141
5.870000e+01	142
5.890000e+01	156
5.910000e+01	149
5.930000e+01	151
5.950000e+01	149
5.970000e+01	156
5.990000e+01	145
6.010000e+01	145
6.030000e+01	146
6.050000e+01	143
6.070000e+01	141
6.090000e+01	145
6.110000e+01	148
6.130000e+01	137
6.150000e+01	127
6.170000e+01	142
6.190000e+01	140
6.210000e+01	138
6.230000e+01	151
6.250000e+01	141
6.270000e+01	142
6.290000e+01	135
6.310000e+01	150
6.330000e+01	140
6.350000e+01	142
6.370000e+01	142
6.390000e+01	142
6.410000e+01	152
6.430000e+01	138
6.450000e+01	146
6.470000e+01	140
6.490000e+01	148
6.510000e+01	135
6.530000e+01	148
6.550000e+01	142
6.570000e+01	141
6.590000e+01	143
6.610000e+01	141
6.630000e+01	140
6.650000e+01	142
6.670000e+01	136
6.690000e+01	157
6.710000e+01	148
6.730000e+01	137
6.750000e+01	155
6.770000e+01	142
6.790000e+01	143
6.810000e+01	131
6.830000e+01	153
6.850000e+01	152
6.870000e+01	143
6.890000e+01	135
6.910000e+01	147
6.930000e+01	151
6.950000e+01	150
6.970000e+01	150
6.990000e+01	134
7.010000e+01	144
7.030000e+01	145
7.050000e+01	138
7.070000e+01	135
7.090000e+01	150
7.110000e+01	141
7.130000e+01	150
7.150000e+01	133
7.170000e+01	141
7.190000e+01	139
7.210000e+01	150
7.230000e+01	138
7.250000e+01	142
7.270000e+01	141
7.290000e+01	144
7.310000e+01	143
7.330000e+01	141
7.350000e+01	147
7.370000e+01	141
7.390000e+01	140
7.410000e+01	143
7.430000e+01	146
7.450000e+01	153
7.470000e+01	135
7.490000e+01	144
7.510000e+01	145
7.530000e+01	140
7.550000e+01	148
7.570000e+01	147
7.590000e+01	144
7.610000e+01	139
7.630000e+01	147
7.650000e+01	147
7.670000e+01	145
7.690000e+01	145
7.710000e+01	137
7.730000e+01	149
7.750000e+01	139
7.770000e+01	153
7.790000e+01	144
7.810000e+01	150
7.830000e+01	144
7.850000e+01	142
7.870000e+01	144
7.890000e+01	137
7.910000e+01	148
7.930000e+01	141
7.950000e+01	130
7.970000e+01	140
7.990000e+01	146
8.010000e+01	138
8.030000e+01	144
8.050000e+01	144
8.070000e+01	151
8.090000e+01	143
8.110000e+01	140
8.130000e+01	149
8.150000e+01	130
8.170000e+01	156
8.190000e+01	145
8.210000e+01	146
8.230000e+01	133
8.250000e+01	146
8.270000e+01	140
8.290000e+01	150
8.310000e+01	143
8.330000e+01	145
8.350000e+01	134
8.370000e+01	143
8.390000e+01	156
8.410000e+01	141
8.430000e+01	136
8.450000e+01	140
8.470000e+01	134
8.490000e+01	135
8.510000e+01	142
8.530000e+01	155
8.550000e+01	147
8.570000e+01	146
8.590000e+01	146
8.610000e+01	141
8.630000e+01	136
8.650000e+01	136
8.670000e+01	142
8.690000e+01	140
8.710000e+01	157
8.730000e+01	138
8.750000e+01	145
8.770000e+01	144
8.790000e+01	136
8.810000e+01	148
8.830000e+01	130
8.850000e+01	143
8.870000e+01	144
8.890000e+01	144
8.910000e+01	143
8.930000e+01	144
8.950000e+01	135
8.970000e+01	150
8.990000e+01	132
9.010000e+01	135
9.030000e+01	153
9.050000e+01	144
9.070000e+01	147
9.090000e+01	141
9.110000e+01	142
9.130000e+01	141
9.150000e+01	149
9.170000e+01	136
9.190000e+01	145
9.210000e+01	144
9.230000e+01	148
9.250000e+01	141
9.270000e+01	150
9.290000e+01	141
9.310000e+01	156
9.330000e+01	150
9.350000e+01	151
9.370000e+01	149
9.390000e+01	142
9.410000e+01	139
9.430000e+01	146
9.450000e+01	145
9.470000e+01	134
9.490000e+01	145
9.510000e+01	140
9.530000e+01	148
9.550000e+01	145
9.570000e+01	152
9.590000e+01	147
9.610000e+01	139
9.630000e+01	139
9.650000e+01	150
9.670000e+01	149
9.690000e+01	156
9.710000e+01	148
9.730000e+01	139
9.750000e+01	148
9.770000e+01	136
9.790000e+01	142
9.810000e+01	128
9.830000e+01	144
9.850000e+01	139
9.870000e+01	149
9.890000e+01	156
9.910000e+01	146
9.930000e+01	135
9.950000e+01	149
9.970000e+01	135
9.990000e+01	136
