timeat605nm	I_1at605nm
1.000000e-01	135
3.000000e-01	129
5.000000e-01	126
7.000000e-01	132
9.000000e-01	138
1.100000e+00	123
1.300000e+00	134
1.500000e+00	133
1.700000e+00	129
1.900000e+00	133
2.100000e+00	130
2.300000e+00	129
2.500000e+00	127
2.700000e+00	126
2.900000e+00	124
3.100000e+00	134
3.300000e+00	131
3.500000e+00	128
3.700000e+00	125
3.900000e+00	137
4.100000e+00	132
4.300000e+00	129
4.500000e+00	124
4.700000e+00	130
4.900000e+00	132
5.100000e+00	141
5.300000e+00	128
5.500000e+00	135
5.700000e+00	125
5.900000e+00	131
6.100000e+00	132
6.300000e+00	131
6.500000e+00	128
6.700000e+00	130
6.900000e+00	127
7.100000e+00	128
7.300000e+00	125
7.500000e+00	127
7.700000e+00	136
7.900000e+00	144
8.100000e+00	131
8.300000e+00	133
8.500000e+00	129
8.700000e+00	129
8.900000e+00	125
9.100000e+00	124
9.300000e+00	129
9.500000e+00	127
9.700000e+00	128
9.900000e+00	127
1.010000e+01	124
1.030000e+01	130
1.050000e+01	128
1.070000e+01	126
1.090000e+01	126
1.110000e+01	123
1.130000e+01	131
1.150000e+01	135
1.170000e+01	130
1.190000e+01	133
1.210000e+01	143
1.230000e+01	130
1.250000e+01	132
1.270000e+01	129
1.290000e+01	127
1.310000e+01	129
1.330000e+01	137
1.350000e+01	132
1.370000e+01	128
1.390000e+01	128
1.410000e+01	127
1.430000e+01	127
1.450000e+01	129
1.470000e+01	122
1.490000e+01	136
1.510000e+01	129
1.530000e+01	132
1.550000e+01	130
1.570000e+01	128
1.590000e+01	128
1.610000e+01	136
1.630000e+01	124
1.650000e+01	130
1.670000e+01	122
1.690000e+01	133
1.710000e+01	127
1.730000e+01	123
1.750000e+01	135
1.770000e+01	133
1.790000e+01	126
1.810000e+01	128
1.830000e+01	127
1.850000e+01	140
1.870000e+01	130
1.890000e+01	134
1.910000e+01	132
1.930000e+01	121
1.950000e+01	134
1.970000e+01	127
1.990000e+01	124
2.010000e+01	128
2.030000e+01	136
2.050000e+01	130
2.070000e+01	134
2.090000e+01	137
2.110000e+01	126
2.130000e+01	129
2.150000e+01	137
2.170000e+01	126
2.190000e+01	129
2.210000e+01	131
2.230000e+01	132
2.250000e+01	129
2.270000e+01	134
2.290000e+01	134
2.310000e+01	127
2.330000e+01	133
2.350000e+01	123
2.370000e+01	127
2.390000e+01	125
2.410000e+01	126
2.430000e+01	124
2.450000e+01	131
2.470000e+01	135
2.490000e+01	132
2.510000e+01	127
2.530000e+01	132
2.550000e+01	135
2.570000e+01	131
2.590000e+01	135
2.610000e+01	134
2.630000e+01	131
2.650000e+01	128
2.670000e+01	132
2.690000e+01	129
2.710000e+01	129
2.730000e+01	134
2.750000e+01	126
2.770000e+01	132
2.790000e+01	130
2.810000e+01	142
2.830000e+01	122
2.850000e+01	122
2.870000e+01	125
2.890000e+01	128
2.910000e+01	134
2.930000e+01	134
2.950000e+01	130
2.970000e+01	129
2.990000e+01	130
3.010000e+01	131
3.030000e+01	135
3.050000e+01	125
3.070000e+01	132
3.090000e+01	131
3.110000e+01	129
3.130000e+01	131
3.150000e+01	135
3.170000e+01	127
3.190000e+01	126
3.210000e+01	134
3.230000e+01	131
3.250000e+01	130
3.270000e+01	132
3.290000e+01	128
3.310000e+01	132
3.330000e+01	123
3.350000e+01	131
3.370000e+01	127
3.390000e+01	128
3.410000e+01	135
3.430000e+01	133
3.450000e+01	130
3.470000e+01	125
3.490000e+01	133
3.510000e+01	140
3.530000e+01	133
3.550000e+01	127
3.570000e+01	135
3.590000e+01	132
3.610000e+01	135
3.630000e+01	132
3.650000e+01	129
3.670000e+01	126
3.690000e+01	126
3.710000e+01	126
3.730000e+01	130
3.750000e+01	131
3.770000e+01	133
3.790000e+01	129
3.810000e+01	134
3.830000e+01	124
3.850000e+01	130
3.870000e+01	125
3.890000e+01	122
3.910000e+01	140
3.930000e+01	131
3.950000e+01	132
3.970000e+01	124
3.990000e+01	124
4.010000e+01	127
4.030000e+01	132
4.050000e+01	125
4.070000e+01	129
4.090000e+01	133
4.110000e+01	141
4.130000e+01	136
4.150000e+01	128
4.170000e+01	131
4.190000e+01	132
4.210000e+01	131
4.230000e+01	130
4.250000e+01	124
4.270000e+01	125
4.290000e+01	134
4.310000e+01	129
4.330000e+01	133
4.350000e+01	125
4.370000e+01	128
4.390000e+01	132
4.410000e+01	128
4.430000e+01	127
4.450000e+01	131
4.470000e+01	134
4.490000e+01	121
4.510000e+01	131
4.530000e+01	120
4.550000e+01	132
4.570000e+01	132
4.590000e+01	134
4.610000e+01	136
4.630000e+01	125
4.650000e+01	127
4.670000e+01	133
4.690000e+01	126
4.710000e+01	132
4.730000e+01	129
4.750000e+01	134
4.770000e+01	131
4.790000e+01	131
4.810000e+01	133
4.830000e+01	129
4.850000e+01	130
4.870000e+01	121
4.890000e+01	128
4.910000e+01	134
4.930000e+01	134
4.950000e+01	122
4.970000e+01	134
4.990000e+01	131
5.010000e+01	135
5.030000e+01	133
5.050000e+01	132
5.070000e+01	127
5.090000e+01	127
5.110000e+01	129
5.130000e+01	130
5.150000e+01	135
5.170000e+01	131
5.190000e+01	131
5.210000e+01	132
5.230000e+01	135
5.250000e+01	126
5.270000e+01	122
5.290000e+01	128
5.310000e+01	136
5.330000e+01	132
5.350000e+01	137
5.370000e+01	132
5.390000e+01	127
5.410000e+01	129
5.430000e+01	132
5.450000e+01	126
5.470000e+01	132
5.490000e+01	130
5.510000e+01	124
5.530000e+01	128
5.550000e+01	124
5.570000e+01	134
5.590000e+01	135
5.610000e+01	128
5.630000e+01	130
5.650000e+01	133
5.670000e+01	125
5.690000e+01	137
5.710000e+01	130
5.730000e+01	127
5.750000e+01	127
5.770000e+01	127
5.790000e+01	132
5.810000e+01	128
5.830000e+01	126
5.850000e+01	131
5.870000e+01	130
5.890000e+01	126
5.910000e+01	133
5.930000e+01	131
5.950000e+01	123
5.970000e+01	127
5.990000e+01	130
6.010000e+01	125
6.030000e+01	126
6.050000e+01	132
6.070000e+01	138
6.090000e+01	132
6.110000e+01	136
6.130000e+01	129
6.150000e+01	128
6.170000e+01	126
6.190000e+01	137
6.210000e+01	133
6.230000e+01	127
6.250000e+01	133
6.270000e+01	124
6.290000e+01	142
6.310000e+01	138
6.330000e+01	135
6.350000e+01	126
6.370000e+01	131
6.390000e+01	121
6.410000e+01	136
6.430000e+01	139
6.450000e+01	135
6.470000e+01	123
6.490000e+01	131
6.510000e+01	130
6.530000e+01	132
6.550000e+01	124
6.570000e+01	128
6.590000e+01	132
6.610000e+01	133
6.630000e+01	133
6.650000e+01	127
6.670000e+01	134
6.690000e+01	125
6.710000e+01	125
6.730000e+01	134
6.750000e+01	125
6.770000e+01	132
6.790000e+01	127
6.810000e+01	129
6.830000e+01	133
6.850000e+01	125
6.870000e+01	137
6.890000e+01	129
6.910000e+01	137
6.930000e+01	130
6.950000e+01	125
6.970000e+01	132
6.990000e+01	128
7.010000e+01	136
7.030000e+01	133
7.050000e+01	125
7.070000e+01	132
7.090000e+01	131
7.110000e+01	128
7.130000e+01	127
7.150000e+01	127
7.170000e+01	128
7.190000e+01	129
7.210000e+01	127
7.230000e+01	130
7.250000e+01	133
7.270000e+01	135
7.290000e+01	131
7.310000e+01	129
7.330000e+01	135
7.350000e+01	128
7.370000e+01	134
7.390000e+01	127
7.410000e+01	130
7.430000e+01	139
7.450000e+01	127
7.470000e+01	131
7.490000e+01	131
7.510000e+01	123
7.530000e+01	122
7.550000e+01	130
7.570000e+01	137
7.590000e+01	131
7.610000e+01	135
7.630000e+01	131
7.650000e+01	137
7.670000e+01	128
7.690000e+01	132
7.710000e+01	129
7.730000e+01	133
7.750000e+01	127
7.770000e+01	136
7.790000e+01	126
7.810000e+01	130
7.830000e+01	134
7.850000e+01	122
7.870000e+01	121
7.890000e+01	126
7.910000e+01	142
7.930000e+01	122
7.950000e+01	134
7.970000e+01	123
7.990000e+01	135
8.010000e+01	128
8.030000e+01	129
8.050000e+01	129
8.070000e+01	125
8.090000e+01	134
8.110000e+01	129
8.130000e+01	127
8.150000e+01	129
8.170000e+01	130
8.190000e+01	124
8.210000e+01	123
8.230000e+01	124
8.250000e+01	132
8.270000e+01	127
8.290000e+01	130
8.310000e+01	128
8.330000e+01	130
8.350000e+01	123
8.370000e+01	135
8.390000e+01	131
8.410000e+01	131
8.430000e+01	134
8.450000e+01	128
8.470000e+01	128
8.490000e+01	124
8.510000e+01	135
8.530000e+01	130
8.550000e+01	133
8.570000e+01	133
8.590000e+01	131
8.610000e+01	123
8.630000e+01	132
8.650000e+01	134
8.670000e+01	122
8.690000e+01	127
8.710000e+01	132
8.730000e+01	133
8.750000e+01	131
8.770000e+01	130
8.790000e+01	124
8.810000e+01	125
8.830000e+01	131
8.850000e+01	123
8.870000e+01	135
8.890000e+01	138
8.910000e+01	130
8.930000e+01	127
8.950000e+01	130
8.970000e+01	128
8.990000e+01	137
9.010000e+01	130
9.030000e+01	127
9.050000e+01	130
9.070000e+01	126
9.090000e+01	124
9.110000e+01	122
9.130000e+01	125
9.150000e+01	128
9.170000e+01	141
9.190000e+01	132
9.210000e+01	132
9.230000e+01	131
9.250000e+01	123
9.270000e+01	128
9.290000e+01	136
9.310000e+01	131
9.330000e+01	129
9.350000e+01	127
9.370000e+01	127
9.390000e+01	124
9.410000e+01	121
9.430000e+01	132
9.450000e+01	127
9.470000e+01	130
9.490000e+01	127
9.510000e+01	128
9.530000e+01	133
9.550000e+01	129
9.570000e+01	131
9.590000e+01	130
9.610000e+01	123
9.630000e+01	128
9.650000e+01	136
9.670000e+01	126
9.690000e+01	131
9.710000e+01	125
9.730000e+01	130
9.750000e+01	133
9.770000e+01	134
9.790000e+01	133
9.810000e+01	131
9.830000e+01	135
9.850000e+01	128
9.870000e+01	129
9.890000e+01	132
9.910000e+01	129
9.930000e+01	129
9.950000e+01	137
9.970000e+01	135
9.990000e+01	130
