coordinates:	177.8,213.9
timeat101nm	I_1at101nm
1.000000e-01	157
3.000000e-01	158
5.000000e-01	152
7.000000e-01	150
9.000000e-01	175
1.100000e+00	161
1.300000e+00	168
1.500000e+00	161
1.700000e+00	168
1.900000e+00	160
2.100000e+00	165
2.300000e+00	172
2.500000e+00	158
2.700000e+00	158
2.900000e+00	157
3.100000e+00	159
3.300000e+00	155
3.500000e+00	168
3.700000e+00	165
3.900000e+00	159
4.100000e+00	170
4.300000e+00	156
4.500000e+00	163
4.700000e+00	150
4.900000e+00	160
5.100000e+00	171
5.300000e+00	163
5.500000e+00	165
5.700000e+00	161
5.900000e+00	170
6.100000e+00	169
6.300000e+00	177
6.500000e+00	156
6.700000e+00	161
6.900000e+00	154
7.100000e+00	161
7.300000e+00	167
7.500000e+00	177
7.700000e+00	156
7.900000e+00	157
8.100000e+00	178
8.300000e+00	168
8.500000e+00	159
8.700000e+00	159
8.900000e+00	150
9.100000e+00	154
9.300000e+00	173
9.500000e+00	157
9.700000e+00	163
9.900000e+00	172
1.010000e+01	163
1.030000e+01	176
1.050000e+01	150
1.070000e+01	153
1.090000e+01	173
1.110000e+01	164
1.130000e+01	175
1.150000e+01	170
1.170000e+01	161
1.190000e+01	163
1.210000e+01	168
1.230000e+01	170
1.250000e+01	152
1.270000e+01	163
1.290000e+01	162
1.310000e+01	166
1.330000e+01	170
1.350000e+01	164
1.370000e+01	165
1.390000e+01	161
1.410000e+01	167
1.430000e+01	161
1.450000e+01	171
1.470000e+01	161
1.490000e+01	164
1.510000e+01	168
1.530000e+01	161
1.550000e+01	164
1.570000e+01	165
1.590000e+01	169
1.610000e+01	168
1.630000e+01	161
1.650000e+01	156
1.670000e+01	161
1.690000e+01	164
1.710000e+01	163
1.730000e+01	178
1.750000e+01	164
1.770000e+01	171
1.790000e+01	160
1.810000e+01	158
1.830000e+01	155
1.850000e+01	162
1.870000e+01	173
1.890000e+01	157
1.910000e+01	163
1.930000e+01	174
1.950000e+01	165
1.970000e+01	167
1.990000e+01	148
2.010000e+01	162
2.030000e+01	154
2.050000e+01	164
2.070000e+01	156
2.090000e+01	171
2.110000e+01	167
2.130000e+01	159
2.150000e+01	165
2.170000e+01	170
2.190000e+01	171
2.210000e+01	169
2.230000e+01	162
2.250000e+01	151
2.270000e+01	161
2.290000e+01	158
2.310000e+01	159
2.330000e+01	164
2.350000e+01	166
2.370000e+01	170
2.390000e+01	169
2.410000e+01	170
2.430000e+01	161
2.450000e+01	164
2.470000e+01	160
2.490000e+01	174
2.510000e+01	167
2.530000e+01	157
2.550000e+01	161
2.570000e+01	169
2.590000e+01	164
2.610000e+01	157
2.630000e+01	167
2.650000e+01	164
2.670000e+01	160
2.690000e+01	170
2.710000e+01	161
2.730000e+01	167
2.750000e+01	163
2.770000e+01	175
2.790000e+01	161
2.810000e+01	159
2.830000e+01	162
2.850000e+01	175
2.870000e+01	154
2.890000e+01	163
2.910000e+01	169
2.930000e+01	169
2.950000e+01	167
2.970000e+01	174
2.990000e+01	159
3.010000e+01	163
3.030000e+01	171
3.050000e+01	166
3.070000e+01	162
3.090000e+01	159
3.110000e+01	165
3.130000e+01	155
3.150000e+01	160
3.170000e+01	169
3.190000e+01	161
3.210000e+01	173
3.230000e+01	157
3.250000e+01	151
3.270000e+01	178
3.290000e+01	155
3.310000e+01	173
3.330000e+01	163
3.350000e+01	157
3.370000e+01	164
3.390000e+01	176
3.410000e+01	177
3.430000e+01	160
3.450000e+01	171
3.470000e+01	164
3.490000e+01	159
3.510000e+01	165
3.530000e+01	169
3.550000e+01	163
3.570000e+01	155
3.590000e+01	163
3.610000e+01	164
3.630000e+01	160
3.650000e+01	164
3.670000e+01	160
3.690000e+01	167
3.710000e+01	165
3.730000e+01	156
3.750000e+01	165
3.770000e+01	166
3.790000e+01	181
3.810000e+01	164
3.830000e+01	171
3.850000e+01	157
3.870000e+01	171
3.890000e+01	175
3.910000e+01	163
3.930000e+01	177
3.950000e+01	178
3.970000e+01	178
3.990000e+01	157
4.010000e+01	158
4.030000e+01	160
4.050000e+01	167
4.070000e+01	168
4.090000e+01	162
4.110000e+01	159
4.130000e+01	172
4.150000e+01	167
4.170000e+01	164
4.190000e+01	176
4.210000e+01	167
4.230000e+01	159
4.250000e+01	173
4.270000e+01	156
4.290000e+01	155
4.310000e+01	169
4.330000e+01	160
4.350000e+01	157
4.370000e+01	161
4.390000e+01	169
4.410000e+01	155
4.430000e+01	161
4.450000e+01	167
4.470000e+01	152
4.490000e+01	160
4.510000e+01	156
4.530000e+01	152
4.550000e+01	159
4.570000e+01	170
4.590000e+01	160
4.610000e+01	183
4.630000e+01	153
4.650000e+01	170
4.670000e+01	171
4.690000e+01	173
4.710000e+01	167
4.730000e+01	161
4.750000e+01	160
4.770000e+01	175
4.790000e+01	167
4.810000e+01	157
4.830000e+01	161
4.850000e+01	158
4.870000e+01	163
4.890000e+01	165
4.910000e+01	165
4.930000e+01	171
4.950000e+01	177
4.970000e+01	163
4.990000e+01	159
5.010000e+01	164
5.030000e+01	169
5.050000e+01	169
5.070000e+01	162
5.090000e+01	164
5.110000e+01	169
5.130000e+01	166
5.150000e+01	172
5.170000e+01	175
5.190000e+01	165
5.210000e+01	157
5.230000e+01	168
5.250000e+01	164
5.270000e+01	155
5.290000e+01	180
5.310000e+01	170
5.330000e+01	167
5.350000e+01	163
5.370000e+01	158
5.390000e+01	169
5.410000e+01	157
5.430000e+01	169
5.450000e+01	160
5.470000e+01	160
5.490000e+01	162
5.510000e+01	154
5.530000e+01	170
5.550000e+01	168
5.570000e+01	157
5.590000e+01	154
5.610000e+01	174
5.630000e+01	167
5.650000e+01	174
5.670000e+01	155
5.690000e+01	165
5.710000e+01	175
5.730000e+01	166
5.750000e+01	165
5.770000e+01	164
5.790000e+01	178
5.810000e+01	174
5.830000e+01	170
5.850000e+01	159
5.870000e+01	161
5.890000e+01	156
5.910000e+01	163
5.930000e+01	163
5.950000e+01	171
5.970000e+01	154
5.990000e+01	163
6.010000e+01	162
6.030000e+01	172
6.050000e+01	155
6.070000e+01	156
6.090000e+01	155
6.110000e+01	163
6.130000e+01	174
6.150000e+01	163
6.170000e+01	160
6.190000e+01	171
6.210000e+01	152
6.230000e+01	172
6.250000e+01	168
6.270000e+01	169
6.290000e+01	157
6.310000e+01	161
6.330000e+01	159
6.350000e+01	167
6.370000e+01	161
6.390000e+01	166
6.410000e+01	155
6.430000e+01	168
6.450000e+01	161
6.470000e+01	170
6.490000e+01	154
6.510000e+01	181
6.530000e+01	154
6.550000e+01	156
6.570000e+01	169
6.590000e+01	169
6.610000e+01	160
6.630000e+01	163
6.650000e+01	173
6.670000e+01	161
6.690000e+01	157
6.710000e+01	154
6.730000e+01	169
6.750000e+01	149
6.770000e+01	175
6.790000e+01	165
6.810000e+01	162
6.830000e+01	165
6.850000e+01	153
6.870000e+01	162
6.890000e+01	155
6.910000e+01	165
6.930000e+01	159
6.950000e+01	165
6.970000e+01	164
6.990000e+01	172
7.010000e+01	174
7.030000e+01	169
7.050000e+01	170
7.070000e+01	164
7.090000e+01	163
7.110000e+01	174
7.130000e+01	164
7.150000e+01	169
7.170000e+01	163
7.190000e+01	158
7.210000e+01	171
7.230000e+01	164
7.250000e+01	158
7.270000e+01	158
7.290000e+01	149
7.310000e+01	178
7.330000e+01	164
7.350000e+01	164
7.370000e+01	152
7.390000e+01	161
7.410000e+01	171
7.430000e+01	163
7.450000e+01	155
7.470000e+01	162
7.490000e+01	157
7.510000e+01	154
7.530000e+01	155
7.550000e+01	163
7.570000e+01	166
7.590000e+01	160
7.610000e+01	157
7.630000e+01	150
7.650000e+01	161
7.670000e+01	159
7.690000e+01	161
7.710000e+01	157
7.730000e+01	163
7.750000e+01	163
7.770000e+01	155
7.790000e+01	165
7.810000e+01	161
7.830000e+01	161
7.850000e+01	180
7.870000e+01	160
7.890000e+01	156
7.910000e+01	172
7.930000e+01	165
7.950000e+01	155
7.970000e+01	162
7.990000e+01	160
8.010000e+01	154
8.030000e+01	155
8.050000e+01	151
8.070000e+01	162
8.090000e+01	152
8.110000e+01	166
8.130000e+01	166
8.150000e+01	165
8.170000e+01	166
8.190000e+01	164
8.210000e+01	166
8.230000e+01	158
8.250000e+01	161
8.270000e+01	160
8.290000e+01	175
8.310000e+01	173
8.330000e+01	172
8.350000e+01	160
8.370000e+01	155
8.390000e+01	175
8.410000e+01	174
8.430000e+01	170
8.450000e+01	177
8.470000e+01	161
8.490000e+01	162
8.510000e+01	162
8.530000e+01	171
8.550000e+01	166
8.570000e+01	150
8.590000e+01	193
8.610000e+01	159
8.630000e+01	169
8.650000e+01	166
8.670000e+01	162
8.690000e+01	167
8.710000e+01	168
8.730000e+01	172
8.750000e+01	154
8.770000e+01	162
8.790000e+01	157
8.810000e+01	162
8.830000e+01	161
8.850000e+01	161
8.870000e+01	163
8.890000e+01	168
8.910000e+01	153
8.930000e+01	158
8.950000e+01	172
8.970000e+01	164
8.990000e+01	155
9.010000e+01	171
9.030000e+01	167
9.050000e+01	153
9.070000e+01	171
9.090000e+01	158
9.110000e+01	155
9.130000e+01	161
9.150000e+01	161
9.170000e+01	168
9.190000e+01	150
9.210000e+01	153
9.230000e+01	163
9.250000e+01	154
9.270000e+01	158
9.290000e+01	167
9.310000e+01	173
9.330000e+01	161
9.350000e+01	161
9.370000e+01	174
9.390000e+01	165
9.410000e+01	152
9.430000e+01	177
9.450000e+01	165
9.470000e+01	177
9.490000e+01	162
9.510000e+01	165
9.530000e+01	174
9.550000e+01	172
9.570000e+01	171
9.590000e+01	159
9.610000e+01	160
9.630000e+01	165
9.650000e+01	162
9.670000e+01	153
9.690000e+01	169
9.710000e+01	156
9.730000e+01	163
9.750000e+01	167
9.770000e+01	168
9.790000e+01	163
9.810000e+01	164
9.830000e+01	178
9.850000e+01	158
9.870000e+01	174
9.890000e+01	154
9.910000e+01	157
9.930000e+01	168
9.950000e+01	160
9.970000e+01	175
9.990000e+01	143
