timeat154nm	I_1at154nm	I_2at154nm	I_3at154nm	timeat591nm	I_1at591nm	I_2at591nm	I_3at591nm	timeat723nm	I_1at723nm	I_2at723nm	I_3at723nm
1.000000e-01	131	115	137	2.000000e-01	113	117	141	3.000000e-01	113	113	138
4.000000e-01	127	119	135	5.000000e-01	113	118	144	6.000000e-01	113	113	132
7.000000e-01	130	114	130	8.000000e-01	113	117	139	9.000000e-01	113	113	155
1	127	117	143	1.100000e+00	113	117	135	1.200000e+00	113	113	147
1.300000e+00	126	117	132	1.400000e+00	113	119	150	1.500000e+00	113	113	145
1.600000e+00	130	120	135	1.700000e+00	113	120	147	1.800000e+00	113	113	146
1.900000e+00	124	116	137	2	113	120	133	2.100000e+00	113	113	149
2.200000e+00	120	118	138	2.300000e+00	113	120	138	2.400000e+00	113	113	142
2.500000e+00	126	120	138	2.600000e+00	113	117	141	2.700000e+00	113	113	134
2.800000e+00	127	118	135	2.900000e+00	113	118	139	3	113	113	147
3.100000e+00	132	113	131	3.200000e+00	113	118	141	3.300000e+00	113	113	137
3.400000e+00	129	116	131	3.500000e+00	113	118	145	3.600000e+00	113	113	142
3.700000e+00	128	116	129	3.800000e+00	113	120	140	3.900000e+00	113	113	145
4	129	116	126	4.100000e+00	113	122	140	4.200000e+00	113	113	140
4.300000e+00	126	117	130	4.400000e+00	113	118	134	4.500000e+00	113	113	148
4.600000e+00	122	115	143	4.700000e+00	113	117	130	4.800000e+00	113	113	139
4.900000e+00	128	114	140	5	113	119	141	5.100000e+00	113	113	142
5.200000e+00	123	118	135	5.300000e+00	113	116	145	5.400000e+00	113	113	138
5.500000e+00	125	116	133	5.600000e+00	113	121	138	5.700000e+00	113	113	145
5.800000e+00	128	116	132	5.900000e+00	113	122	138	6	113	113	154
6.100000e+00	131	115	141	6.200000e+00	113	115	141	6.300000e+00	113	113	138
6.400000e+00	129	121	133	6.500000e+00	113	117	128	6.600000e+00	113	113	154
6.700000e+00	125	117	135	6.800000e+00	113	123	140	6.900000e+00	113	113	138
7	127	117	141	7.100000e+00	113	122	142	7.200000e+00	113	113	144
7.300000e+00	120	117	138	7.400000e+00	113	119	135	7.500000e+00	113	113	146
7.600000e+00	131	116	133	7.700000e+00	113	119	141	7.800000e+00	113	113	146
7.900000e+00	131	115	138	8	113	122	138	8.100000e+00	113	113	138
8.200000e+00	128	119	138	8.300000e+00	113	118	135	8.400000e+00	113	113	150
8.500000e+00	120	116	128	8.600000e+00	113	117	132	8.700000e+00	113	113	137
8.800000e+00	125	117	139	8.900000e+00	113	120	140	9	113	113	140
9.100000e+00	129	119	133	9.200000e+00	113	118	144	9.300000e+00	113	113	142
9.400000e+00	123	118	142	9.500000e+00	113	121	142	9.600000e+00	113	113	146
9.700000e+00	128	118	126	9.800000e+00	113	116	138	9.900000e+00	113	113	154
10	130	116	137	1.010000e+01	113	120	134	1.020000e+01	113	113	147
1.030000e+01	132	124	127	1.040000e+01	113	121	139	1.050000e+01	113	113	141
1.060000e+01	133	117	136	1.070000e+01	113	121	140	1.080000e+01	113	113	137
1.090000e+01	134	116	133	11	113	119	140	1.110000e+01	113	113	140
1.120000e+01	129	120	140	1.130000e+01	113	121	141	1.140000e+01	113	113	149
1.150000e+01	130	116	134	1.160000e+01	113	119	142	1.170000e+01	113	113	138
1.180000e+01	127	125	131	1.190000e+01	113	119	140	12	113	113	143
1.210000e+01	134	116	136	1.220000e+01	113	123	139	1.230000e+01	113	113	141
1.240000e+01	136	115	134	1.250000e+01	113	126	137	1.260000e+01	113	113	151
1.270000e+01	126	116	134	1.280000e+01	113	123	140	1.290000e+01	113	113	134
13	132	116	126	1.310000e+01	113	124	149	1.320000e+01	113	113	138
1.330000e+01	128	118	131	1.340000e+01	113	121	134	1.350000e+01	113	113	144
1.360000e+01	125	119	128	1.370000e+01	113	118	135	1.380000e+01	113	113	142
1.390000e+01	131	118	139	14	113	120	131	1.410000e+01	113	113	154
1.420000e+01	151	113	130	1.430000e+01	113	126	142	1.440000e+01	113	113	140
1.450000e+01	140	115	130	1.460000e+01	113	121	131	1.470000e+01	113	113	141
1.480000e+01	129	114	128	1.490000e+01	113	118	131	15	113	113	146
1.510000e+01	139	115	138	1.520000e+01	113	119	139	1.530000e+01	113	113	144
1.540000e+01	135	116	145	1.550000e+01	113	122	134	1.560000e+01	113	113	145
1.570000e+01	137	114	134	1.580000e+01	113	120	137	1.590000e+01	113	113	140
16	137	114	130	1.610000e+01	113	123	132	1.620000e+01	113	113	136
1.630000e+01	139	115	139	1.640000e+01	113	125	141	1.650000e+01	113	113	135
1.660000e+01	129	115	129	1.670000e+01	113	119	136	1.680000e+01	113	113	149
1.690000e+01	138	115	141	17	113	120	129	1.710000e+01	113	113	145
1.720000e+01	138	113	132	1.730000e+01	113	120	144	1.740000e+01	113	113	142
1.750000e+01	131	115	131	1.760000e+01	113	119	138	1.770000e+01	113	113	139
1.780000e+01	140	115	128	1.790000e+01	113	125	143	18	113	113	140
1.810000e+01	131	113	137	1.820000e+01	113	126	137	1.830000e+01	113	113	137
1.840000e+01	131	115	131	1.850000e+01	113	122	142	1.860000e+01	113	113	138
1.870000e+01	139	115	138	1.880000e+01	113	116	142	1.890000e+01	113	113	143
19	136	113	134	1.910000e+01	113	121	132	1.920000e+01	113	113	139
1.930000e+01	134	114	130	1.940000e+01	113	117	142	1.950000e+01	113	113	150
1.960000e+01	139	115	130	1.970000e+01	113	117	136	1.980000e+01	113	113	141
1.990000e+01	133	118	128	20	113	120	128	2.010000e+01	113	113	144
2.020000e+01	139	114	136	2.030000e+01	113	116	142	2.040000e+01	113	113	144
2.050000e+01	136	113	135	2.060000e+01	113	118	144	2.070000e+01	113	113	141
2.080000e+01	135	113	133	2.090000e+01	113	118	147	21	113	113	142
2.110000e+01	131	114	134	2.120000e+01	113	117	140	2.130000e+01	113	113	141
2.140000e+01	134	115	135	2.150000e+01	113	117	131	2.160000e+01	113	113	136
2.170000e+01	143	114	135	2.180000e+01	113	124	140	2.190000e+01	113	113	152
22	129	114	133	2.210000e+01	113	117	140	2.220000e+01	113	113	141
2.230000e+01	134	114	137	2.240000e+01	113	121	135	2.250000e+01	113	113	137
2.260000e+01	135	116	133	2.270000e+01	113	121	143	2.280000e+01	113	113	137
2.290000e+01	135	115	135	23	113	118	135	2.310000e+01	113	113	147
2.320000e+01	127	113	130	2.330000e+01	113	118	140	2.340000e+01	113	113	142
2.350000e+01	122	113	129	2.360000e+01	113	117	135	2.370000e+01	113	113	139
2.380000e+01	137	115	128	2.390000e+01	113	119	129	24	113	113	141
2.410000e+01	136	114	137	2.420000e+01	113	123	145	2.430000e+01	113	113	136
2.440000e+01	132	114	141	2.450000e+01	113	120	140	2.460000e+01	113	113	135
2.470000e+01	133	113	127	2.480000e+01	113	128	130	2.490000e+01	113	113	151
25	135	113	145	2.510000e+01	113	121	138	2.520000e+01	113	113	136
2.530000e+01	135	114	129	2.540000e+01	113	118	139	2.550000e+01	113	113	144
2.560000e+01	125	113	133	2.570000e+01	113	121	146	2.580000e+01	113	113	144
2.590000e+01	127	115	130	26	113	123	139	2.610000e+01	113	113	143
2.620000e+01	138	113	135	2.630000e+01	113	124	129	2.640000e+01	113	113	135
2.650000e+01	131	114	129	2.660000e+01	113	122	137	2.670000e+01	113	113	145
2.680000e+01	131	117	140	2.690000e+01	113	115	133	27	113	113	144
2.710000e+01	133	113	133	2.720000e+01	113	125	141	2.730000e+01	113	113	142
2.740000e+01	139	117	130	2.750000e+01	113	120	144	2.760000e+01	113	113	148
2.770000e+01	130	114	135	2.780000e+01	113	119	140	2.790000e+01	113	113	145
28	127	115	138	2.810000e+01	113	118	141	2.820000e+01	113	113	147
2.830000e+01	125	113	130	2.840000e+01	113	122	135	2.850000e+01	113	113	146
2.860000e+01	131	114	133	2.870000e+01	113	123	143	2.880000e+01	113	113	153
2.890000e+01	136	115	127	29	113	119	138	2.910000e+01	113	113	144
2.920000e+01	141	116	136	2.930000e+01	113	120	139	2.940000e+01	113	113	152
2.950000e+01	134	115	133	2.960000e+01	113	118	146	2.970000e+01	113	113	136
2.980000e+01	135	115	141	2.990000e+01	113	119	141	30	113	113	143
3.010000e+01	141	113	136	3.020000e+01	113	119	138	3.030000e+01	113	113	136
3.040000e+01	138	114	126	3.050000e+01	113	120	131	3.060000e+01	113	113	141
3.070000e+01	130	120	136	3.080000e+01	113	125	140	3.090000e+01	113	113	148
31	133	115	138	3.110000e+01	113	117	135	3.120000e+01	113	113	140
3.130000e+01	135	116	140	3.140000e+01	113	121	130	3.150000e+01	113	113	157
3.160000e+01	135	117	136	3.170000e+01	113	122	137	3.180000e+01	113	113	147
3.190000e+01	134	114	126	32	113	121	147	3.210000e+01	113	113	149
3.220000e+01	135	115	132	3.230000e+01	113	121	143	3.240000e+01	113	113	149
3.250000e+01	142	114	135	3.260000e+01	113	126	135	3.270000e+01	113	113	136
3.280000e+01	141	114	126	3.290000e+01	113	118	139	33	113	113	137
3.310000e+01	140	116	138	3.320000e+01	113	119	135	3.330000e+01	113	113	142
3.340000e+01	128	115	141	3.350000e+01	113	116	133	3.360000e+01	113	113	152
3.370000e+01	138	114	137	3.380000e+01	113	122	139	3.390000e+01	113	113	142
34	136	115	128	3.410000e+01	113	121	143	3.420000e+01	113	113	150
3.430000e+01	140	114	134	3.440000e+01	113	118	142	3.450000e+01	113	113	148
3.460000e+01	134	114	131	3.470000e+01	113	126	144	3.480000e+01	113	113	150
3.490000e+01	133	113	130	35	113	116	135	3.510000e+01	113	113	148
3.520000e+01	137	113	136	3.530000e+01	113	120	137	3.540000e+01	113	113	149
3.550000e+01	138	115	141	3.560000e+01	113	122	138	3.570000e+01	113	113	139
3.580000e+01	134	113	131	3.590000e+01	113	121	134	36	113	113	137
3.610000e+01	131	114	129	3.620000e+01	113	120	135	3.630000e+01	113	113	144
3.640000e+01	131	114	134	3.650000e+01	113	120	127	3.660000e+01	113	113	145
3.670000e+01	140	115	131	3.680000e+01	113	121	136	3.690000e+01	113	113	143
37	135	113	134	3.710000e+01	113	120	133	3.720000e+01	113	113	154
3.730000e+01	136	114	130	3.740000e+01	113	119	138	3.750000e+01	113	113	145
3.760000e+01	143	116	125	3.770000e+01	113	122	143	3.780000e+01	113	113	152
3.790000e+01	134	113	133	38	113	127	142	3.810000e+01	113	113	142
3.820000e+01	134	113	132	3.830000e+01	113	121	131	3.840000e+01	113	113	142
3.850000e+01	133	113	131	3.860000e+01	113	120	138	3.870000e+01	113	113	144
3.880000e+01	130	116	131	3.890000e+01	113	115	142	39	113	113	140
3.910000e+01	135	117	134	3.920000e+01	113	125	141	3.930000e+01	113	113	140
3.940000e+01	137	113	132	3.950000e+01	113	119	141	3.960000e+01	113	113	141
3.970000e+01	135	114	127	3.980000e+01	113	118	131	3.990000e+01	113	113	148
40	130	114	128	4.010000e+01	113	117	143	4.020000e+01	113	113	144
4.030000e+01	130	115	136	4.040000e+01	113	120	137	4.050000e+01	113	113	134
4.060000e+01	134	113	144	4.070000e+01	113	121	128	4.080000e+01	113	113	137
4.090000e+01	137	116	132	41	113	117	138	4.110000e+01	113	113	138
4.120000e+01	132	113	141	4.130000e+01	113	121	142	4.140000e+01	113	113	136
4.150000e+01	133	115	138	4.160000e+01	113	122	131	4.170000e+01	113	113	149
4.180000e+01	125	113	132	4.190000e+01	113	118	142	42	113	113	134
4.210000e+01	133	113	122	4.220000e+01	113	120	134	4.230000e+01	113	113	142
4.240000e+01	138	114	141	4.250000e+01	113	119	132	4.260000e+01	113	113	144
4.270000e+01	132	114	144	4.280000e+01	113	122	139	4.290000e+01	113	113	150
43	137	115	127	4.310000e+01	113	124	129	4.320000e+01	113	113	142
4.330000e+01	137	115	135	4.340000e+01	113	122	148	4.350000e+01	113	113	143
4.360000e+01	139	116	136	4.370000e+01	113	116	136	4.380000e+01	113	113	143
4.390000e+01	136	116	140	44	113	122	131	4.410000e+01	113	113	144
4.420000e+01	129	114	140	4.430000e+01	113	125	133	4.440000e+01	113	113	147
4.450000e+01	135	116	135	4.460000e+01	113	122	136	4.470000e+01	113	113	144
4.480000e+01	136	115	133	4.490000e+01	113	118	139	45	113	113	147
4.510000e+01	141	114	132	4.520000e+01	113	122	141	4.530000e+01	113	113	147
4.540000e+01	139	113	133	4.550000e+01	113	122	135	4.560000e+01	113	113	144
4.570000e+01	129	114	139	4.580000e+01	113	116	149	4.590000e+01	113	113	144
46	141	115	132	4.610000e+01	113	120	137	4.620000e+01	113	113	143
4.630000e+01	124	114	135	4.640000e+01	113	119	152	4.650000e+01	113	113	140
4.660000e+01	132	114	131	4.670000e+01	113	116	135	4.680000e+01	113	113	140
4.690000e+01	140	114	138	47	113	122	147	4.710000e+01	113	113	141
4.720000e+01	131	113	134	4.730000e+01	113	121	138	4.740000e+01	113	113	140
4.750000e+01	141	116	135	4.760000e+01	113	115	139	4.770000e+01	113	113	147
4.780000e+01	140	115	130	4.790000e+01	113	120	137	48	113	113	138
4.810000e+01	133	113	124	4.820000e+01	113	121	142	4.830000e+01	113	113	148
4.840000e+01	137	113	137	4.850000e+01	113	121	151	4.860000e+01	113	113	150
4.870000e+01	138	115	136	4.880000e+01	113	121	130	4.890000e+01	113	113	141
49	133	114	140	4.910000e+01	113	119	132	4.920000e+01	113	113	139
4.930000e+01	139	116	137	4.940000e+01	113	119	138	4.950000e+01	113	113	145
4.960000e+01	130	115	123	4.970000e+01	113	124	142	4.980000e+01	113	113	145
4.990000e+01	134	113	127	50	113	122	139	5.010000e+01	113	113	134
5.020000e+01	137	116	138	5.030000e+01	113	117	135	5.040000e+01	113	113	140
5.050000e+01	134	113	133	5.060000e+01	113	117	145	5.070000e+01	113	113	150
5.080000e+01	139	116	136	5.090000e+01	113	118	140	51	113	113	149
5.110000e+01	135	114	129	5.120000e+01	113	119	144	5.130000e+01	113	113	143
5.140000e+01	136	113	129	5.150000e+01	113	121	140	5.160000e+01	113	113	142
5.170000e+01	134	115	133	5.180000e+01	113	123	140	5.190000e+01	113	113	149
52	145	114	134	5.210000e+01	113	118	143	5.220000e+01	113	113	142
5.230000e+01	133	114	140	5.240000e+01	113	117	143	5.250000e+01	113	113	135
5.260000e+01	137	114	133	5.270000e+01	113	122	139	5.280000e+01	113	113	147
5.290000e+01	124	116	138	53	113	116	139	5.310000e+01	113	113	137
5.320000e+01	134	116	128	5.330000e+01	113	122	148	5.340000e+01	113	113	146
5.350000e+01	139	114	130	5.360000e+01	113	122	138	5.370000e+01	113	113	143
5.380000e+01	132	117	129	5.390000e+01	113	124	139	54	113	113	151
5.410000e+01	128	116	142	5.420000e+01	113	118	139	5.430000e+01	113	113	151
5.440000e+01	128	118	129	5.450000e+01	113	118	139	5.460000e+01	113	113	149
5.470000e+01	140	115	131	5.480000e+01	113	117	132	5.490000e+01	113	113	143
55	135	116	134	5.510000e+01	113	120	141	5.520000e+01	113	113	142
5.530000e+01	133	113	134	5.540000e+01	113	119	144	5.550000e+01	113	113	154
5.560000e+01	129	115	137	5.570000e+01	113	122	140	5.580000e+01	113	113	134
5.590000e+01	131	113	134	56	113	122	142	5.610000e+01	113	113	140
5.620000e+01	135	115	138	5.630000e+01	113	122	138	5.640000e+01	113	113	148
5.650000e+01	135	116	139	5.660000e+01	113	117	136	5.670000e+01	113	113	139
5.680000e+01	134	115	141	5.690000e+01	113	121	134	57	113	113	149
5.710000e+01	139	115	128	5.720000e+01	113	122	137	5.730000e+01	113	113	142
5.740000e+01	137	115	135	5.750000e+01	113	119	142	5.760000e+01	113	113	158
5.770000e+01	134	113	129	5.780000e+01	113	125	136	5.790000e+01	113	113	136
58	133	114	136	5.810000e+01	113	119	138	5.820000e+01	113	113	143
5.830000e+01	141	113	132	5.840000e+01	113	123	137	5.850000e+01	113	113	149
5.860000e+01	137	114	140	5.870000e+01	113	121	143	5.880000e+01	113	113	147
5.890000e+01	134	116	141	59	113	123	148	5.910000e+01	113	113	140
5.920000e+01	133	115	129	5.930000e+01	113	125	131	5.940000e+01	113	113	147
5.950000e+01	131	114	139	5.960000e+01	113	120	136	5.970000e+01	113	113	142
5.980000e+01	132	114	136	5.990000e+01	113	124	135	60	113	113	152
6.010000e+01	133	114	131	6.020000e+01	113	121	138	6.030000e+01	113	113	139
6.040000e+01	133	115	134	6.050000e+01	113	124	139	6.060000e+01	113	113	141
6.070000e+01	130	115	131	6.080000e+01	113	120	141	6.090000e+01	113	113	146
61	131	116	132	6.110000e+01	113	117	139	6.120000e+01	113	113	145
6.130000e+01	134	115	138	6.140000e+01	113	116	139	6.150000e+01	113	113	136
6.160000e+01	140	115	141	6.170000e+01	113	124	145	6.180000e+01	113	113	151
6.190000e+01	138	115	134	62	113	119	135	6.210000e+01	113	113	147
6.220000e+01	134	114	130	6.230000e+01	113	117	140	6.240000e+01	113	113	139
6.250000e+01	139	115	133	6.260000e+01	113	121	139	6.270000e+01	113	113	143
6.280000e+01	134	116	137	6.290000e+01	113	124	136	63	113	113	150
6.310000e+01	143	113	134	6.320000e+01	113	121	141	6.330000e+01	113	113	145
6.340000e+01	130	116	134	6.350000e+01	113	124	140	6.360000e+01	113	113	141
6.370000e+01	141	113	139	6.380000e+01	113	123	133	6.390000e+01	113	113	138
64	140	114	136	6.410000e+01	113	123	128	6.420000e+01	113	113	149
6.430000e+01	137	115	134	6.440000e+01	113	117	143	6.450000e+01	113	113	142
6.460000e+01	129	115	148	6.470000e+01	113	121	133	6.480000e+01	113	113	132
6.490000e+01	132	117	137	65	113	123	146	6.510000e+01	113	113	144
6.520000e+01	144	113	139	6.530000e+01	113	122	135	6.540000e+01	113	113	139
6.550000e+01	129	115	133	6.560000e+01	113	125	143	6.570000e+01	113	113	152
6.580000e+01	127	116	129	6.590000e+01	113	124	136	66	113	113	139
6.610000e+01	138	116	137	6.620000e+01	113	117	136	6.630000e+01	113	113	135
6.640000e+01	139	115	140	6.650000e+01	113	117	131	6.660000e+01	113	113	140
6.670000e+01	137	113	127	6.680000e+01	113	122	133	6.690000e+01	113	113	138
67	142	115	136	6.710000e+01	113	119	148	6.720000e+01	113	113	140
6.730000e+01	142	114	134	6.740000e+01	113	121	139	6.750000e+01	113	113	148
6.760000e+01	130	115	125	6.770000e+01	113	119	137	6.780000e+01	113	113	148
6.790000e+01	131	115	131	68	113	122	132	6.810000e+01	113	113	141
6.820000e+01	131	113	138	6.830000e+01	113	120	137	6.840000e+01	113	113	148
6.850000e+01	129	115	140	6.860000e+01	113	116	137	6.870000e+01	113	113	141
6.880000e+01	134	116	137	6.890000e+01	113	120	137	69	113	113	140
6.910000e+01	139	114	137	6.920000e+01	113	116	139	6.930000e+01	113	113	139
6.940000e+01	134	114	133	6.950000e+01	113	117	131	6.960000e+01	113	113	147
6.970000e+01	133	113	137	6.980000e+01	113	121	132	6.990000e+01	113	113	146
70	129	113	130	7.010000e+01	113	118	133	7.020000e+01	113	113	142
7.030000e+01	137	115	130	7.040000e+01	113	113	138	7.050000e+01	113	113	138
7.060000e+01	133	115	126	7.070000e+01	113	122	142	7.080000e+01	113	113	138
7.090000e+01	134	115	129	71	113	118	136	7.110000e+01	113	113	142
7.120000e+01	143	115	127	7.130000e+01	113	118	136	7.140000e+01	113	113	144
7.150000e+01	138	114	127	7.160000e+01	113	121	140	7.170000e+01	113	113	137
7.180000e+01	138	114	135	7.190000e+01	113	120	150	72	113	113	140
7.210000e+01	136	114	132	7.220000e+01	113	118	134	7.230000e+01	113	113	141
7.240000e+01	130	114	132	7.250000e+01	113	120	144	7.260000e+01	113	113	138
7.270000e+01	146	114	131	7.280000e+01	113	120	144	7.290000e+01	113	113	143
73	133	118	132	7.310000e+01	113	123	136	7.320000e+01	113	113	143
7.330000e+01	140	115	133	7.340000e+01	113	121	140	7.350000e+01	113	113	149
7.360000e+01	141	115	134	7.370000e+01	113	121	133	7.380000e+01	113	113	144
7.390000e+01	129	117	140	74	113	130	135	7.410000e+01	113	113	142
7.420000e+01	129	114	132	7.430000e+01	113	118	136	7.440000e+01	113	113	140
7.450000e+01	141	118	132	7.460000e+01	113	122	141	7.470000e+01	113	113	142
7.480000e+01	135	114	131	7.490000e+01	113	124	139	75	113	113	150
7.510000e+01	140	114	131	7.520000e+01	113	119	124	7.530000e+01	113	113	143
7.540000e+01	141	114	132	7.550000e+01	113	117	131	7.560000e+01	113	113	140
7.570000e+01	140	115	135	7.580000e+01	113	124	134	7.590000e+01	113	113	135
76	135	115	128	7.610000e+01	113	124	128	7.620000e+01	113	113	141
7.630000e+01	139	117	137	7.640000e+01	113	118	139	7.650000e+01	113	113	144
7.660000e+01	137	116	133	7.670000e+01	113	128	135	7.680000e+01	113	113	147
7.690000e+01	138	114	131	77	113	132	133	7.710000e+01	113	113	151
7.720000e+01	138	114	128	7.730000e+01	113	126	129	7.740000e+01	113	113	146
7.750000e+01	130	116	125	7.760000e+01	113	130	133	7.770000e+01	113	113	142
7.780000e+01	134	115	136	7.790000e+01	113	128	131	78	113	113	149
7.810000e+01	133	113	142	7.820000e+01	113	123	140	7.830000e+01	113	113	146
7.840000e+01	129	113	129	7.850000e+01	113	121	133	7.860000e+01	113	113	157
7.870000e+01	138	116	128	7.880000e+01	113	121	130	7.890000e+01	113	113	136
79	134	115	128	7.910000e+01	113	124	126	7.920000e+01	113	113	133
7.930000e+01	131	117	138	7.940000e+01	113	127	129	7.950000e+01	113	113	143
7.960000e+01	131	114	131	7.970000e+01	113	126	130	7.980000e+01	113	113	139
7.990000e+01	132	114	136	80	113	127	134	8.010000e+01	113	113	140
8.020000e+01	140	117	132	8.030000e+01	113	125	139	8.040000e+01	113	113	139
8.050000e+01	135	118	138	8.060000e+01	113	128	135	8.070000e+01	113	113	144
8.080000e+01	143	117	131	8.090000e+01	113	122	123	81	113	113	142
8.110000e+01	137	116	129	8.120000e+01	113	124	139	8.130000e+01	113	113	145
8.140000e+01	134	116	127	8.150000e+01	113	122	136	8.160000e+01	113	113	141
8.170000e+01	136	115	128	8.180000e+01	113	125	131	8.190000e+01	113	113	152
82	133	116	133	8.210000e+01	113	117	140	8.220000e+01	113	113	143
8.230000e+01	128	126	138	8.240000e+01	113	124	138	8.250000e+01	113	113	148
8.260000e+01	124	122	133	8.270000e+01	113	123	138	8.280000e+01	113	113	153
8.290000e+01	125	120	128	83	113	127	125	8.310000e+01	113	113	145
8.320000e+01	124	121	131	8.330000e+01	113	120	133	8.340000e+01	113	113	144
8.350000e+01	126	120	129	8.360000e+01	113	117	138	8.370000e+01	113	113	151
8.380000e+01	125	119	126	8.390000e+01	113	128	140	84	113	113	135
8.410000e+01	124	119	130	8.420000e+01	113	123	134	8.430000e+01	113	113	140
8.440000e+01	127	114	134	8.450000e+01	113	129	124	8.460000e+01	113	113	146
8.470000e+01	131	120	135	8.480000e+01	113	129	139	8.490000e+01	113	113	146
85	122	118	134	8.510000e+01	113	126	142	8.520000e+01	113	113	143
8.530000e+01	130	118	126	8.540000e+01	113	133	129	8.550000e+01	113	113	140
8.560000e+01	124	120	130	8.570000e+01	113	124	132	8.580000e+01	113	113	144
8.590000e+01	128	123	140	86	113	131	134	8.610000e+01	113	113	142
8.620000e+01	136	120	126	8.630000e+01	113	123	132	8.640000e+01	113	113	148
8.650000e+01	131	117	132	8.660000e+01	113	121	138	8.670000e+01	113	113	141
8.680000e+01	127	119	139	8.690000e+01	113	124	135	87	113	113	154
8.710000e+01	126	119	140	8.720000e+01	113	129	128	8.730000e+01	113	113	137
8.740000e+01	123	119	125	8.750000e+01	113	124	137	8.760000e+01	113	113	144
8.770000e+01	131	120	134	8.780000e+01	113	123	127	8.790000e+01	113	113	139
88	124	120	129	8.810000e+01	113	124	126	8.820000e+01	113	113	132
8.830000e+01	123	116	129	8.840000e+01	113	123	135	8.850000e+01	113	113	147
8.860000e+01	122	120	138	8.870000e+01	113	123	127	8.880000e+01	113	113	137
8.890000e+01	122	120	136	89	113	124	125	8.910000e+01	113	113	141
8.920000e+01	124	117	135	8.930000e+01	113	120	127	8.940000e+01	113	113	141
8.950000e+01	118	114	124	8.960000e+01	113	121	132	8.970000e+01	113	113	148
8.980000e+01	122	118	137	8.990000e+01	113	130	135	90	113	113	140
9.010000e+01	128	117	131	9.020000e+01	113	126	132	9.030000e+01	113	113	132
9.040000e+01	128	118	131	9.050000e+01	113	120	135	9.060000e+01	113	113	145
9.070000e+01	129	117	135	9.080000e+01	113	124	132	9.090000e+01	113	113	148
91	125	116	129	9.110000e+01	113	126	131	9.120000e+01	113	113	145
9.130000e+01	129	115	136	9.140000e+01	113	132	131	9.150000e+01	113	113	145
9.160000e+01	126	118	138	9.170000e+01	113	121	135	9.180000e+01	113	113	139
9.190000e+01	126	118	127	92	113	123	145	9.210000e+01	113	113	145
9.220000e+01	135	119	138	9.230000e+01	113	121	133	9.240000e+01	113	113	134
9.250000e+01	125	118	137	9.260000e+01	113	124	137	9.270000e+01	113	113	144
9.280000e+01	135	115	136	9.290000e+01	113	125	135	93	113	113	146
9.310000e+01	126	121	139	9.320000e+01	113	119	133	9.330000e+01	113	113	142
9.340000e+01	126	117	136	9.350000e+01	113	115	130	9.360000e+01	113	113	144
9.370000e+01	130	117	134	9.380000e+01	113	120	142	9.390000e+01	113	113	140
94	129	119	137	9.410000e+01	113	118	131	9.420000e+01	113	113	145
9.430000e+01	121	119	135	9.440000e+01	113	129	144	9.450000e+01	113	113	142
9.460000e+01	127	115	134	9.470000e+01	113	122	134	9.480000e+01	113	113	149
9.490000e+01	135	121	135	95	113	131	141	9.510000e+01	113	113	147
9.520000e+01	129	115	133	9.530000e+01	113	120	135	9.540000e+01	113	113	142
9.550000e+01	127	120	137	9.560000e+01	113	117	132	9.570000e+01	113	113	148
9.580000e+01	121	116	136	9.590000e+01	113	125	137	96	113	113	139
9.610000e+01	123	115	142	9.620000e+01	113	122	136	9.630000e+01	113	113	144
9.640000e+01	125	120	129	9.650000e+01	113	122	135	9.660000e+01	113	113	143
9.670000e+01	130	117	126	9.680000e+01	113	124	137	9.690000e+01	113	113	136
97	126	119	132	9.710000e+01	113	121	151	9.720000e+01	113	113	140
9.730000e+01	121	117	130	9.740000e+01	113	119	142	9.750000e+01	113	113	146
9.760000e+01	130	119	131	9.770000e+01	113	122	144	9.780000e+01	113	113	136
9.790000e+01	129	115	130	98	113	125	135	9.810000e+01	113	113	141
9.820000e+01	124	117	142	9.830000e+01	113	124	130	9.840000e+01	113	113	137
9.850000e+01	129	114	139	9.860000e+01	113	120	138	9.870000e+01	113	113	134
9.880000e+01	129	119	140	9.890000e+01	113	121	129	99	113	113	140
9.910000e+01	121	119	141	9.920000e+01	113	122	128	9.930000e+01	113	113	137
9.940000e+01	125	114	136	9.950000e+01	113	127	130	9.960000e+01	113	113	135
9.970000e+01	125	118	138	9.980000e+01	113	125	126	9.990000e+01	113	113	140
100	124	117	142	1.001000e+02	113	119	136	1.002000e+02	113	113	143
1.003000e+02	124	122	133	1.004000e+02	113	122	132	1.005000e+02	113	113	142
1.006000e+02	125	118	132	1.007000e+02	113	119	128	1.008000e+02	113	113	147
1.009000e+02	130	119	133	101	113	125	142	1.011000e+02	113	113	132
1.012000e+02	124	119	139	1.013000e+02	113	119	128	1.014000e+02	113	113	137
1.015000e+02	120	117	141	1.016000e+02	113	121	128	1.017000e+02	113	113	149
1.018000e+02	134	119	131	1.019000e+02	113	121	133	102	113	113	143
1.021000e+02	135	118	135	1.022000e+02	113	120	132	1.023000e+02	113	113	138
1.024000e+02	128	120	130	1.025000e+02	113	132	142	1.026000e+02	113	113	135
1.027000e+02	123	117	138	1.028000e+02	113	122	134	1.029000e+02	113	113	142
103	122	117	140	1.031000e+02	113	122	135	1.032000e+02	113	113	142
1.033000e+02	128	121	132	1.034000e+02	113	122	134	1.035000e+02	113	113	145
1.036000e+02	130	114	128	1.037000e+02	113	119	133	1.038000e+02	113	113	147
1.039000e+02	132	120	131	104	113	123	131	1.041000e+02	113	113	143
1.042000e+02	132	120	140	1.043000e+02	113	121	140	1.044000e+02	113	113	140
1.045000e+02	130	116	136	1.046000e+02	113	129	134	1.047000e+02	113	113	142
1.048000e+02	125	120	134	1.049000e+02	113	126	142	105	113	113	143
1.051000e+02	126	119	126	1.052000e+02	113	122	140	1.053000e+02	113	113	143
1.054000e+02	121	120	134	1.055000e+02	113	117	136	1.056000e+02	113	113	144
1.057000e+02	124	117	130	1.058000e+02	113	121	144	1.059000e+02	113	113	147
106	124	118	134	1.061000e+02	113	125	132	1.062000e+02	113	113	153
1.063000e+02	126	117	131	1.064000e+02	113	122	143	1.065000e+02	113	113	142
1.066000e+02	124	119	136	1.067000e+02	113	122	136	1.068000e+02	113	113	141
1.069000e+02	129	120	142	107	113	124	135	1.071000e+02	113	113	136
1.072000e+02	130	117	128	1.073000e+02	113	121	141	1.074000e+02	113	113	139
1.075000e+02	120	118	138	1.076000e+02	113	122	131	1.077000e+02	113	113	144
1.078000e+02	129	118	142	1.079000e+02	113	122	138	108	113	113	138
1.081000e+02	125	120	136	1.082000e+02	113	122	132	1.083000e+02	113	113	137
1.084000e+02	124	121	143	1.085000e+02	113	120	133	1.086000e+02	113	113	144
1.087000e+02	133	119	131	1.088000e+02	113	117	132	1.089000e+02	113	113	146
109	128	118	142	1.091000e+02	113	124	148	1.092000e+02	113	113	146
1.093000e+02	123	114	148	1.094000e+02	113	123	125	1.095000e+02	113	113	135
1.096000e+02	127	120	134	1.097000e+02	113	118	138	1.098000e+02	113	113	152
1.099000e+02	122	116	129	110	113	121	136	1.101000e+02	113	113	145
1.102000e+02	125	120	138	1.103000e+02	113	125	141	1.104000e+02	113	113	144
1.105000e+02	120	118	124	1.106000e+02	113	119	135	1.107000e+02	113	113	145
1.108000e+02	130	115	134	1.109000e+02	113	121	133	111	113	113	151
1.111000e+02	131	116	138	1.112000e+02	113	123	139	1.113000e+02	113	113	152
1.114000e+02	130	116	131	1.115000e+02	113	122	140	1.116000e+02	113	113	146
1.117000e+02	123	119	137	1.118000e+02	113	124	127	1.119000e+02	113	113	146
112	121	118	140	1.121000e+02	113	120	144	1.122000e+02	113	113	145
1.123000e+02	130	117	140	1.124000e+02	113	122	135	1.125000e+02	113	113	149
1.126000e+02	129	116	132	1.127000e+02	113	126	137	1.128000e+02	113	113	148
1.129000e+02	117	119	130	113	113	118	129	1.131000e+02	113	113	142
1.132000e+02	123	116	135	1.133000e+02	113	123	138	1.134000e+02	113	113	133
1.135000e+02	120	121	131	1.136000e+02	113	118	135	1.137000e+02	113	113	133
1.138000e+02	129	115	141	1.139000e+02	113	119	135	114	113	113	136
1.141000e+02	125	118	137	1.142000e+02	113	123	134	1.143000e+02	113	113	146
1.144000e+02	126	114	136	1.145000e+02	113	125	134	1.146000e+02	113	113	143
1.147000e+02	128	114	140	1.148000e+02	113	130	143	1.149000e+02	113	113	144
115	131	117	129	1.151000e+02	113	122	140	1.152000e+02	113	113	151
1.153000e+02	129	121	127	1.154000e+02	113	127	145	1.155000e+02	113	113	146
1.156000e+02	134	115	134	1.157000e+02	113	122	134	1.158000e+02	113	113	143
1.159000e+02	128	116	136	116	113	122	132	1.161000e+02	113	113	148
1.162000e+02	128	121	141	1.163000e+02	113	119	133	1.164000e+02	113	113	147
1.165000e+02	127	118	137	1.166000e+02	113	121	140	1.167000e+02	113	113	150
1.168000e+02	130	120	135	1.169000e+02	113	126	140	117	113	113	143
1.171000e+02	131	117	132	1.172000e+02	113	120	143	1.173000e+02	113	113	139
1.174000e+02	128	118	141	1.175000e+02	113	120	136	1.176000e+02	113	113	142
1.177000e+02	126	120	142	1.178000e+02	113	123	134	1.179000e+02	113	113	134
118	124	119	134	1.181000e+02	113	124	138	1.182000e+02	113	113	146
1.183000e+02	126	115	129	1.184000e+02	113	123	141	1.185000e+02	113	113	136
1.186000e+02	128	118	137	1.187000e+02	113	125	134	1.188000e+02	113	113	146
1.189000e+02	119	118	137	119	113	121	133	1.191000e+02	113	113	132
1.192000e+02	134	117	135	1.193000e+02	113	122	139	1.194000e+02	113	113	145
1.195000e+02	124	119	135	1.196000e+02	113	129	139	1.197000e+02	113	113	150
1.198000e+02	127	119	135	1.199000e+02	113	120	139	120	113	113	140
1.201000e+02	132	119	131	1.202000e+02	113	124	139	1.203000e+02	113	113	138
1.204000e+02	128	117	131	1.205000e+02	113	119	131	1.206000e+02	113	113	149
1.207000e+02	127	117	142	1.208000e+02	113	121	127	1.209000e+02	113	113	146
121	128	117	129	1.211000e+02	113	125	130	1.212000e+02	113	113	144
1.213000e+02	129	117	129	1.214000e+02	113	121	138	1.215000e+02	113	113	143
1.216000e+02	128	114	132	1.217000e+02	113	122	133	1.218000e+02	113	113	141
1.219000e+02	130	118	141	122	113	125	140	1.221000e+02	113	113	133
1.222000e+02	134	118	137	1.223000e+02	113	124	135	1.224000e+02	113	113	146
1.225000e+02	121	120	137	1.226000e+02	113	121	140	1.227000e+02	113	113	147
1.228000e+02	130	116	140	1.229000e+02	113	122	136	123	113	113	142
1.231000e+02	129	119	129	1.232000e+02	113	124	138	1.233000e+02	113	113	145
1.234000e+02	125	114	132	1.235000e+02	113	125	135	1.236000e+02	113	113	144
1.237000e+02	127	124	140	1.238000e+02	113	120	137	1.239000e+02	113	113	147
124	122	120	130	1.241000e+02	113	122	137	1.242000e+02	113	113	142
1.243000e+02	126	117	135	1.244000e+02	113	124	141	1.245000e+02	113	113	143
1.246000e+02	126	118	135	1.247000e+02	113	123	132	1.248000e+02	113	113	139
1.249000e+02	124	114	133	125	113	123	134	1.251000e+02	113	113	136
1.252000e+02	130	125	140	1.253000e+02	113	124	141	1.254000e+02	113	113	140
1.255000e+02	125	119	145	1.256000e+02	113	121	142	1.257000e+02	113	113	131
1.258000e+02	124	118	144	1.259000e+02	113	124	129	126	113	113	150
1.261000e+02	126	117	138	1.262000e+02	113	122	149	1.263000e+02	113	113	142
1.264000e+02	121	118	136	1.265000e+02	113	125	132	1.266000e+02	113	113	139
1.267000e+02	128	119	126	1.268000e+02	113	124	140	1.269000e+02	113	113	145
127	125	116	137	1.271000e+02	113	118	137	1.272000e+02	113	113	149
1.273000e+02	134	116	141	1.274000e+02	113	124	134	1.275000e+02	113	113	148
1.276000e+02	132	115	135	1.277000e+02	113	122	132	1.278000e+02	113	113	147
1.279000e+02	131	115	133	128	113	120	142	1.281000e+02	113	113	135
1.282000e+02	141	114	129	1.283000e+02	113	124	133	1.284000e+02	113	113	136
1.285000e+02	141	114	129	1.286000e+02	113	123	138	1.287000e+02	113	113	158
1.288000e+02	130	118	130	1.289000e+02	113	127	130	129	113	113	150
1.291000e+02	137	117	134	1.292000e+02	113	123	143	1.293000e+02	113	113	145
1.294000e+02	136	113	128	1.295000e+02	113	120	136	1.296000e+02	113	113	141
1.297000e+02	131	116	132	1.298000e+02	113	125	145	1.299000e+02	113	113	138
130	144	116	132	1.301000e+02	113	122	136	1.302000e+02	113	113	139
1.303000e+02	133	113	129	1.304000e+02	113	121	135	1.305000e+02	113	113	141
1.306000e+02	140	113	128	1.307000e+02	113	122	141	1.308000e+02	113	113	149
1.309000e+02	133	113	138	131	113	123	136	1.311000e+02	113	113	150
1.312000e+02	141	114	136	1.313000e+02	113	124	139	1.314000e+02	113	113	148
1.315000e+02	140	113	134	1.316000e+02	113	122	138	1.317000e+02	113	113	138
1.318000e+02	133	116	133	1.319000e+02	113	123	137	132	113	113	151
1.321000e+02	139	117	134	1.322000e+02	113	122	129	1.323000e+02	113	113	140
1.324000e+02	139	115	130	1.325000e+02	113	123	133	1.326000e+02	113	113	144
1.327000e+02	131	119	134	1.328000e+02	113	118	139	1.329000e+02	113	113	155
133	129	114	123	1.331000e+02	113	128	128	1.332000e+02	113	113	138
1.333000e+02	142	114	125	1.334000e+02	113	118	139	1.335000e+02	113	113	135
1.336000e+02	139	114	134	1.337000e+02	113	119	134	1.338000e+02	113	113	142
1.339000e+02	136	116	131	134	113	122	140	1.341000e+02	113	113	139
1.342000e+02	129	114	140	1.343000e+02	113	119	137	1.344000e+02	113	113	140
1.345000e+02	131	116	137	1.346000e+02	113	122	131	1.347000e+02	113	113	137
1.348000e+02	127	115	127	1.349000e+02	113	120	142	135	113	113	147
1.351000e+02	137	116	129	1.352000e+02	113	130	131	1.353000e+02	113	113	139
1.354000e+02	134	116	133	1.355000e+02	113	124	137	1.356000e+02	113	113	140
1.357000e+02	132	114	134	1.358000e+02	113	120	143	1.359000e+02	113	113	145
136	136	114	144	1.361000e+02	113	121	132	1.362000e+02	113	113	152
1.363000e+02	130	117	128	1.364000e+02	113	127	139	1.365000e+02	113	113	138
1.366000e+02	135	114	136	1.367000e+02	113	124	139	1.368000e+02	113	113	151
1.369000e+02	140	113	137	137	113	125	135	1.371000e+02	113	113	143
1.372000e+02	138	114	130	1.373000e+02	113	120	139	1.374000e+02	113	113	135
1.375000e+02	138	114	124	1.376000e+02	113	118	135	1.377000e+02	113	113	142
1.378000e+02	134	116	135	1.379000e+02	113	119	133	138	113	113	137
1.381000e+02	142	118	136	1.382000e+02	113	126	145	1.383000e+02	113	113	147
1.384000e+02	142	114	131	1.385000e+02	113	121	139	1.386000e+02	113	113	137
1.387000e+02	134	113	138	1.388000e+02	113	122	139	1.389000e+02	113	113	140
139	129	114	132	1.391000e+02	113	125	135	1.392000e+02	113	113	149
1.393000e+02	133	115	131	1.394000e+02	113	120	134	1.395000e+02	113	113	143
1.396000e+02	137	120	140	1.397000e+02	113	118	141	1.398000e+02	113	113	147
1.399000e+02	142	114	126	140	113	119	137	1.401000e+02	113	113	137
1.402000e+02	132	114	134	1.403000e+02	113	119	142	1.404000e+02	113	113	141
1.405000e+02	133	115	127	1.406000e+02	113	124	132	1.407000e+02	113	113	139
1.408000e+02	132	115	125	1.409000e+02	113	119	144	141	113	113	147
1.411000e+02	133	113	134	1.412000e+02	113	121	137	1.413000e+02	113	113	137
1.414000e+02	133	114	133	1.415000e+02	113	118	132	1.416000e+02	113	113	139
1.417000e+02	128	114	139	1.418000e+02	113	124	135	1.419000e+02	113	113	142
142	143	116	138	1.421000e+02	113	121	139	1.422000e+02	113	113	145
1.423000e+02	128	116	133	1.424000e+02	113	120	125	1.425000e+02	113	113	146
1.426000e+02	132	117	131	1.427000e+02	113	122	144	1.428000e+02	113	113	149
1.429000e+02	137	114	132	143	113	119	138	1.431000e+02	113	113	144
1.432000e+02	135	115	126	1.433000e+02	113	121	125	1.434000e+02	113	113	148
1.435000e+02	132	115	135	1.436000e+02	113	124	143	1.437000e+02	113	113	143
1.438000e+02	139	114	129	1.439000e+02	113	120	132	144	113	113	137
1.441000e+02	131	118	134	1.442000e+02	113	124	136	1.443000e+02	113	113	141
1.444000e+02	141	116	134	1.445000e+02	113	127	138	1.446000e+02	113	113	144
1.447000e+02	137	114	134	1.448000e+02	113	124	132	1.449000e+02	113	113	155
145	131	117	131	1.451000e+02	113	121	131	1.452000e+02	113	113	140
1.453000e+02	131	115	135	1.454000e+02	113	123	134	1.455000e+02	113	113	146
1.456000e+02	132	116	134	1.457000e+02	113	123	142	1.458000e+02	113	113	146
1.459000e+02	138	114	140	146	113	128	142	1.461000e+02	113	113	151
1.462000e+02	126	114	132	1.463000e+02	113	124	139	1.464000e+02	113	113	132
1.465000e+02	127	117	143	1.466000e+02	113	127	147	1.467000e+02	113	113	147
1.468000e+02	143	114	132	1.469000e+02	113	119	130	147	113	113	148
1.471000e+02	143	115	131	1.472000e+02	113	122	139	1.473000e+02	113	113	139
1.474000e+02	136	119	139	1.475000e+02	113	124	136	1.476000e+02	113	113	146
1.477000e+02	134	115	143	1.478000e+02	113	120	135	1.479000e+02	113	113	142
148	142	115	134	1.481000e+02	113	118	133	1.482000e+02	113	113	148
1.483000e+02	132	115	135	1.484000e+02	113	121	141	1.485000e+02	113	113	144
1.486000e+02	138	115	138	1.487000e+02	113	119	131	1.488000e+02	113	113	139
1.489000e+02	130	116	140	149	113	123	136	1.491000e+02	113	113	135
1.492000e+02	141	114	140	1.493000e+02	113	119	129	1.494000e+02	113	113	153
1.495000e+02	136	113	139	1.496000e+02	113	122	135	1.497000e+02	113	113	147
1.498000e+02	146	117	126	1.499000e+02	113	124	135	150	113	113	147
