timeat154nm	I_1at154nm	I_2at154nm	I_3at154nm	timeat591nm	I_1at591nm	I_2at591nm	I_3at591nm	timeat723nm	I_1at723nm	I_2at723nm	I_3at723nm
1.000000e-01	137	116	138	2.000000e-01	113	130	135	3.000000e-01	113	113	144
4.000000e-01	138	117	134	5.000000e-01	113	121	130	6.000000e-01	113	113	141
7.000000e-01	136	118	138	8.000000e-01	113	124	128	9.000000e-01	113	113	142
1	129	118	139	1.100000e+00	113	124	131	1.200000e+00	113	113	158
1.300000e+00	135	117	132	1.400000e+00	113	129	133	1.500000e+00	113	113	135
1.600000e+00	143	119	134	1.700000e+00	113	126	137	1.800000e+00	113	113	150
1.900000e+00	139	117	122	2	113	118	132	2.100000e+00	113	113	134
2.200000e+00	140	114	136	2.300000e+00	113	121	133	2.400000e+00	113	113	137
2.500000e+00	130	114	136	2.600000e+00	113	124	137	2.700000e+00	113	113	144
2.800000e+00	132	116	138	2.900000e+00	113	124	136	3	113	113	142
3.100000e+00	136	116	130	3.200000e+00	113	122	128	3.300000e+00	113	113	141
3.400000e+00	140	115	139	3.500000e+00	113	125	127	3.600000e+00	113	113	135
3.700000e+00	140	116	135	3.800000e+00	113	124	137	3.900000e+00	113	113	158
4	135	115	138	4.100000e+00	113	123	132	4.200000e+00	113	113	144
4.300000e+00	140	113	137	4.400000e+00	113	123	131	4.500000e+00	113	113	140
4.600000e+00	127	116	141	4.700000e+00	113	128	132	4.800000e+00	113	113	137
4.900000e+00	135	116	135	5	113	126	130	5.100000e+00	113	113	145
5.200000e+00	140	116	134	5.300000e+00	113	123	125	5.400000e+00	113	113	141
5.500000e+00	143	116	137	5.600000e+00	113	120	128	5.700000e+00	113	113	131
5.800000e+00	129	115	139	5.900000e+00	113	130	136	6	113	113	152
6.100000e+00	137	116	126	6.200000e+00	113	128	135	6.300000e+00	113	113	146
6.400000e+00	129	115	126	6.500000e+00	113	122	135	6.600000e+00	113	113	138
6.700000e+00	132	117	146	6.800000e+00	113	123	134	6.900000e+00	113	113	145
7	130	116	131	7.100000e+00	113	131	135	7.200000e+00	113	113	148
7.300000e+00	128	116	137	7.400000e+00	113	129	129	7.500000e+00	113	113	133
7.600000e+00	136	116	130	7.700000e+00	113	123	136	7.800000e+00	113	113	146
7.900000e+00	131	114	132	8	113	131	137	8.100000e+00	113	113	139
8.200000e+00	136	115	131	8.300000e+00	113	124	135	8.400000e+00	113	113	133
8.500000e+00	138	117	136	8.600000e+00	113	126	134	8.700000e+00	113	113	150
8.800000e+00	135	115	138	8.900000e+00	113	131	131	9	113	113	142
9.100000e+00	138	113	136	9.200000e+00	113	130	131	9.300000e+00	113	113	145
9.400000e+00	129	116	142	9.500000e+00	113	123	138	9.600000e+00	113	113	148
9.700000e+00	134	115	127	9.800000e+00	113	124	128	9.900000e+00	113	113	138
10	145	113	133	1.010000e+01	113	133	144	1.020000e+01	113	113	140
1.030000e+01	150	117	130	1.040000e+01	113	123	133	1.050000e+01	113	113	140
1.060000e+01	146	115	131	1.070000e+01	113	121	131	1.080000e+01	113	113	152
1.090000e+01	130	116	136	11	113	121	141	1.110000e+01	113	113	138
1.120000e+01	135	118	131	1.130000e+01	113	129	129	1.140000e+01	113	113	142
1.150000e+01	138	116	133	1.160000e+01	113	126	135	1.170000e+01	113	113	141
1.180000e+01	129	116	131	1.190000e+01	113	122	136	12	113	113	140
1.210000e+01	136	117	142	1.220000e+01	113	127	129	1.230000e+01	113	113	142
1.240000e+01	138	115	137	1.250000e+01	113	126	137	1.260000e+01	113	113	139
1.270000e+01	135	116	131	1.280000e+01	113	122	141	1.290000e+01	113	113	142
13	136	116	134	1.310000e+01	113	128	125	1.320000e+01	113	113	136
1.330000e+01	131	117	128	1.340000e+01	113	125	128	1.350000e+01	113	113	138
1.360000e+01	154	121	127	1.370000e+01	113	124	131	1.380000e+01	113	113	143
1.390000e+01	144	115	134	14	113	128	139	1.410000e+01	113	113	136
1.420000e+01	147	118	125	1.430000e+01	113	128	136	1.440000e+01	113	113	150
1.450000e+01	150	120	127	1.460000e+01	113	125	133	1.470000e+01	113	113	144
1.480000e+01	143	117	129	1.490000e+01	113	122	131	15	113	113	149
1.510000e+01	146	117	126	1.520000e+01	113	114	134	1.530000e+01	113	113	144
1.540000e+01	155	117	125	1.550000e+01	113	129	133	1.560000e+01	113	113	132
1.570000e+01	143	118	126	1.580000e+01	113	123	133	1.590000e+01	113	113	147
16	147	115	120	1.610000e+01	113	126	130	1.620000e+01	113	113	139
1.630000e+01	147	117	123	1.640000e+01	113	125	136	1.650000e+01	113	113	140
1.660000e+01	149	118	118	1.670000e+01	113	125	127	1.680000e+01	113	113	148
1.690000e+01	153	116	124	17	113	122	128	1.710000e+01	113	113	142
1.720000e+01	150	119	118	1.730000e+01	113	132	126	1.740000e+01	113	113	145
1.750000e+01	144	117	127	1.760000e+01	113	121	124	1.770000e+01	113	113	138
1.780000e+01	148	116	126	1.790000e+01	113	125	127	18	113	113	141
1.810000e+01	137	116	124	1.820000e+01	113	120	133	1.830000e+01	113	113	141
1.840000e+01	153	118	118	1.850000e+01	113	120	126	1.860000e+01	113	113	145
1.870000e+01	142	116	129	1.880000e+01	113	123	130	1.890000e+01	113	113	135
19	141	117	129	1.910000e+01	113	124	137	1.920000e+01	113	113	139
1.930000e+01	150	115	126	1.940000e+01	113	128	128	1.950000e+01	113	113	133
1.960000e+01	137	115	136	1.970000e+01	113	124	136	1.980000e+01	113	113	145
1.990000e+01	136	117	132	20	113	129	133	2.010000e+01	113	113	149
2.020000e+01	143	114	141	2.030000e+01	113	122	125	2.040000e+01	113	113	133
2.050000e+01	134	115	133	2.060000e+01	113	127	128	2.070000e+01	113	113	143
2.080000e+01	140	114	132	2.090000e+01	113	126	136	21	113	113	149
2.110000e+01	137	115	131	2.120000e+01	113	125	133	2.130000e+01	113	113	152
2.140000e+01	139	114	135	2.150000e+01	113	121	135	2.160000e+01	113	113	141
2.170000e+01	125	116	128	2.180000e+01	113	128	132	2.190000e+01	113	113	146
22	131	114	135	2.210000e+01	113	117	134	2.220000e+01	113	113	142
2.230000e+01	132	115	139	2.240000e+01	113	121	136	2.250000e+01	113	113	147
2.260000e+01	127	116	133	2.270000e+01	113	128	130	2.280000e+01	113	113	146
2.290000e+01	131	115	127	23	113	123	137	2.310000e+01	113	113	145
2.320000e+01	132	113	130	2.330000e+01	113	120	126	2.340000e+01	113	113	147
2.350000e+01	138	118	131	2.360000e+01	113	125	142	2.370000e+01	113	113	137
2.380000e+01	135	114	135	2.390000e+01	113	127	139	24	113	113	140
2.410000e+01	133	114	128	2.420000e+01	113	126	134	2.430000e+01	113	113	144
2.440000e+01	132	116	138	2.450000e+01	113	121	132	2.460000e+01	113	113	142
2.470000e+01	133	117	134	2.480000e+01	113	122	130	2.490000e+01	113	113	154
25	132	114	130	2.510000e+01	113	125	129	2.520000e+01	113	113	139
2.530000e+01	132	116	132	2.540000e+01	113	122	138	2.550000e+01	113	113	144
2.560000e+01	132	115	132	2.570000e+01	113	127	128	2.580000e+01	113	113	136
2.590000e+01	130	114	132	26	113	127	136	2.610000e+01	113	113	145
2.620000e+01	132	116	134	2.630000e+01	113	126	128	2.640000e+01	113	113	141
2.650000e+01	132	118	142	2.660000e+01	113	121	133	2.670000e+01	113	113	143
2.680000e+01	138	115	131	2.690000e+01	113	126	144	27	113	113	156
2.710000e+01	134	115	142	2.720000e+01	113	129	133	2.730000e+01	113	113	142
2.740000e+01	138	115	124	2.750000e+01	113	126	138	2.760000e+01	113	113	143
2.770000e+01	138	117	138	2.780000e+01	113	126	137	2.790000e+01	113	113	138
28	137	116	130	2.810000e+01	113	118	126	2.820000e+01	113	113	135
2.830000e+01	134	117	130	2.840000e+01	113	123	133	2.850000e+01	113	113	144
2.860000e+01	130	114	136	2.870000e+01	113	133	131	2.880000e+01	113	113	138
2.890000e+01	136	117	133	29	113	117	133	2.910000e+01	113	113	144
2.920000e+01	138	116	129	2.930000e+01	113	124	137	2.940000e+01	113	113	140
2.950000e+01	126	116	143	2.960000e+01	113	120	135	2.970000e+01	113	113	155
2.980000e+01	137	114	136	2.990000e+01	113	128	129	30	113	113	141
3.010000e+01	136	114	130	3.020000e+01	113	126	137	3.030000e+01	113	113	133
3.040000e+01	136	114	131	3.050000e+01	113	129	130	3.060000e+01	113	113	143
3.070000e+01	137	116	132	3.080000e+01	113	125	138	3.090000e+01	113	113	136
31	132	116	128	3.110000e+01	113	129	126	3.120000e+01	113	113	147
3.130000e+01	134	114	127	3.140000e+01	113	130	130	3.150000e+01	113	113	140
3.160000e+01	135	114	131	3.170000e+01	113	122	136	3.180000e+01	113	113	145
3.190000e+01	137	116	136	32	113	129	136	3.210000e+01	113	113	131
3.220000e+01	126	113	135	3.230000e+01	113	126	130	3.240000e+01	113	113	140
3.250000e+01	146	116	126	3.260000e+01	113	127	138	3.270000e+01	113	113	134
3.280000e+01	130	115	136	3.290000e+01	113	119	132	33	113	113	148
3.310000e+01	136	116	128	3.320000e+01	113	136	126	3.330000e+01	113	113	146
3.340000e+01	137	117	133	3.350000e+01	113	122	130	3.360000e+01	113	113	139
3.370000e+01	136	114	132	3.380000e+01	113	121	141	3.390000e+01	113	113	146
34	136	116	132	3.410000e+01	113	119	130	3.420000e+01	113	113	143
3.430000e+01	138	117	131	3.440000e+01	113	131	131	3.450000e+01	113	113	150
3.460000e+01	131	114	139	3.470000e+01	113	122	132	3.480000e+01	113	113	138
3.490000e+01	143	113	136	35	113	124	129	3.510000e+01	113	113	142
3.520000e+01	132	115	125	3.530000e+01	113	125	125	3.540000e+01	113	113	146
3.550000e+01	137	119	135	3.560000e+01	113	122	134	3.570000e+01	113	113	140
3.580000e+01	146	116	138	3.590000e+01	113	133	135	36	113	113	143
3.610000e+01	131	116	136	3.620000e+01	113	120	138	3.630000e+01	113	113	134
3.640000e+01	130	115	137	3.650000e+01	113	128	134	3.660000e+01	113	113	145
3.670000e+01	140	114	139	3.680000e+01	113	119	129	3.690000e+01	113	113	147
37	135	117	129	3.710000e+01	113	120	135	3.720000e+01	113	113	143
3.730000e+01	143	120	127	3.740000e+01	113	125	139	3.750000e+01	113	113	140
3.760000e+01	139	114	134	3.770000e+01	113	127	128	3.780000e+01	113	113	143
3.790000e+01	134	115	129	38	113	124	135	3.810000e+01	113	113	142
3.820000e+01	132	113	133	3.830000e+01	113	128	130	3.840000e+01	113	113	142
3.850000e+01	142	114	129	3.860000e+01	113	128	144	3.870000e+01	113	113	148
3.880000e+01	137	115	137	3.890000e+01	113	125	132	39	113	113	144
3.910000e+01	132	117	123	3.920000e+01	113	126	138	3.930000e+01	113	113	137
3.940000e+01	134	116	125	3.950000e+01	113	122	136	3.960000e+01	113	113	133
3.970000e+01	137	115	123	3.980000e+01	113	128	140	3.990000e+01	113	113	147
40	135	113	137	4.010000e+01	113	125	134	4.020000e+01	113	113	133
4.030000e+01	143	118	139	4.040000e+01	113	127	132	4.050000e+01	113	113	148
4.060000e+01	122	113	134	4.070000e+01	113	124	133	4.080000e+01	113	113	142
4.090000e+01	133	118	130	41	113	125	139	4.110000e+01	113	113	142
4.120000e+01	136	119	136	4.130000e+01	113	127	137	4.140000e+01	113	113	142
4.150000e+01	131	119	129	4.160000e+01	113	125	140	4.170000e+01	113	113	147
4.180000e+01	129	114	128	4.190000e+01	113	131	137	42	113	113	135
4.210000e+01	138	115	133	4.220000e+01	113	125	132	4.230000e+01	113	113	147
4.240000e+01	135	117	134	4.250000e+01	113	123	130	4.260000e+01	113	113	132
4.270000e+01	124	116	138	4.280000e+01	113	123	127	4.290000e+01	113	113	140
43	131	114	138	4.310000e+01	113	126	129	4.320000e+01	113	113	149
4.330000e+01	128	116	134	4.340000e+01	113	122	136	4.350000e+01	113	113	148
4.360000e+01	124	115	138	4.370000e+01	113	123	133	4.380000e+01	113	113	141
4.390000e+01	131	115	137	44	113	126	124	4.410000e+01	113	113	140
4.420000e+01	131	116	136	4.430000e+01	113	124	139	4.440000e+01	113	113	142
4.450000e+01	137	115	127	4.460000e+01	113	127	132	4.470000e+01	113	113	140
4.480000e+01	133	116	138	4.490000e+01	113	128	133	45	113	113	144
4.510000e+01	132	114	125	4.520000e+01	113	125	132	4.530000e+01	113	113	143
4.540000e+01	133	115	129	4.550000e+01	113	121	130	4.560000e+01	113	113	136
4.570000e+01	141	116	127	4.580000e+01	113	125	125	4.590000e+01	113	113	147
46	140	115	129	4.610000e+01	113	125	134	4.620000e+01	113	113	139
4.630000e+01	129	115	132	4.640000e+01	113	126	135	4.650000e+01	113	113	141
4.660000e+01	130	116	131	4.670000e+01	113	133	136	4.680000e+01	113	113	143
4.690000e+01	136	115	134	47	113	119	138	4.710000e+01	113	113	135
4.720000e+01	136	114	136	4.730000e+01	113	126	129	4.740000e+01	113	113	145
4.750000e+01	143	114	129	4.760000e+01	113	125	134	4.770000e+01	113	113	141
4.780000e+01	137	116	126	4.790000e+01	113	131	146	48	113	113	138
4.810000e+01	132	116	141	4.820000e+01	113	129	131	4.830000e+01	113	113	144
4.840000e+01	128	115	146	4.850000e+01	113	123	130	4.860000e+01	113	113	144
4.870000e+01	132	116	144	4.880000e+01	113	126	134	4.890000e+01	113	113	145
49	140	116	134	4.910000e+01	113	123	129	4.920000e+01	113	113	132
4.930000e+01	137	115	144	4.940000e+01	113	128	132	4.950000e+01	113	113	140
4.960000e+01	125	116	137	4.970000e+01	113	123	134	4.980000e+01	113	113	135
4.990000e+01	154	118	133	50	113	131	138	5.010000e+01	113	113	139
5.020000e+01	136	115	134	5.030000e+01	113	122	142	5.040000e+01	113	113	152
5.050000e+01	138	120	130	5.060000e+01	113	130	135	5.070000e+01	113	113	149
5.080000e+01	132	114	123	5.090000e+01	113	122	142	51	113	113	140
5.110000e+01	130	114	133	5.120000e+01	113	122	146	5.130000e+01	113	113	146
5.140000e+01	133	119	138	5.150000e+01	113	129	133	5.160000e+01	113	113	137
5.170000e+01	139	115	137	5.180000e+01	113	125	137	5.190000e+01	113	113	136
52	140	115	131	5.210000e+01	113	124	127	5.220000e+01	113	113	140
5.230000e+01	141	115	145	5.240000e+01	113	126	126	5.250000e+01	113	113	141
5.260000e+01	138	115	126	5.270000e+01	113	129	140	5.280000e+01	113	113	144
5.290000e+01	139	115	129	53	113	125	135	5.310000e+01	113	113	139
5.320000e+01	132	113	133	5.330000e+01	113	122	129	5.340000e+01	113	113	131
5.350000e+01	139	115	126	5.360000e+01	113	121	132	5.370000e+01	113	113	139
5.380000e+01	135	114	128	5.390000e+01	113	126	133	54	113	113	137
5.410000e+01	143	117	127	5.420000e+01	113	119	138	5.430000e+01	113	113	144
5.440000e+01	136	113	134	5.450000e+01	113	124	130	5.460000e+01	113	113	134
5.470000e+01	130	119	138	5.480000e+01	113	123	127	5.490000e+01	113	113	135
55	131	116	130	5.510000e+01	113	127	141	5.520000e+01	113	113	143
5.530000e+01	131	114	135	5.540000e+01	113	119	125	5.550000e+01	113	113	136
5.560000e+01	132	115	138	5.570000e+01	113	118	141	5.580000e+01	113	113	150
5.590000e+01	128	115	138	56	113	124	137	5.610000e+01	113	113	136
5.620000e+01	130	118	135	5.630000e+01	113	121	141	5.640000e+01	113	113	148
5.650000e+01	136	115	126	5.660000e+01	113	128	136	5.670000e+01	113	113	142
5.680000e+01	133	115	152	5.690000e+01	113	127	137	57	113	113	136
5.710000e+01	136	117	137	5.720000e+01	113	121	137	5.730000e+01	113	113	138
5.740000e+01	134	117	130	5.750000e+01	113	123	136	5.760000e+01	113	113	149
5.770000e+01	137	113	125	5.780000e+01	113	120	139	5.790000e+01	113	113	152
58	128	117	137	5.810000e+01	113	128	122	5.820000e+01	113	113	145
5.830000e+01	130	113	138	5.840000e+01	113	123	138	5.850000e+01	113	113	145
5.860000e+01	146	114	131	5.870000e+01	113	128	129	5.880000e+01	113	113	140
5.890000e+01	126	115	126	59	113	123	128	5.910000e+01	113	113	144
5.920000e+01	136	115	127	5.930000e+01	113	126	129	5.940000e+01	113	113	152
5.950000e+01	138	117	143	5.960000e+01	113	128	128	5.970000e+01	113	113	140
5.980000e+01	139	117	135	5.990000e+01	113	120	126	60	113	113	146
6.010000e+01	140	116	140	6.020000e+01	113	125	123	6.030000e+01	113	113	141
6.040000e+01	131	115	132	6.050000e+01	113	127	130	6.060000e+01	113	113	150
6.070000e+01	136	115	136	6.080000e+01	113	128	132	6.090000e+01	113	113	146
61	127	115	136	6.110000e+01	113	123	131	6.120000e+01	113	113	143
6.130000e+01	139	114	134	6.140000e+01	113	128	135	6.150000e+01	113	113	145
6.160000e+01	134	114	131	6.170000e+01	113	124	138	6.180000e+01	113	113	152
6.190000e+01	141	117	129	62	113	121	137	6.210000e+01	113	113	140
6.220000e+01	138	115	130	6.230000e+01	113	128	132	6.240000e+01	113	113	138
6.250000e+01	134	114	126	6.260000e+01	113	122	137	6.270000e+01	113	113	143
6.280000e+01	142	113	134	6.290000e+01	113	120	140	63	113	113	142
6.310000e+01	134	118	126	6.320000e+01	113	120	138	6.330000e+01	113	113	150
6.340000e+01	129	114	131	6.350000e+01	113	125	133	6.360000e+01	113	113	143
6.370000e+01	129	116	128	6.380000e+01	113	120	131	6.390000e+01	113	113	137
64	132	114	129	6.410000e+01	113	126	137	6.420000e+01	113	113	144
6.430000e+01	125	115	130	6.440000e+01	113	118	136	6.450000e+01	113	113	152
6.460000e+01	133	117	125	6.470000e+01	113	123	135	6.480000e+01	113	113	142
6.490000e+01	135	115	138	65	113	125	137	6.510000e+01	113	113	144
6.520000e+01	132	114	134	6.530000e+01	113	119	128	6.540000e+01	113	113	137
6.550000e+01	137	116	134	6.560000e+01	113	126	141	6.570000e+01	113	113	147
6.580000e+01	133	114	137	6.590000e+01	113	122	139	66	113	113	146
6.610000e+01	139	115	139	6.620000e+01	113	120	137	6.630000e+01	113	113	140
6.640000e+01	133	114	133	6.650000e+01	113	120	140	6.660000e+01	113	113	149
6.670000e+01	136	118	135	6.680000e+01	113	121	131	6.690000e+01	113	113	142
67	134	114	132	6.710000e+01	113	125	136	6.720000e+01	113	113	137
6.730000e+01	136	116	126	6.740000e+01	113	125	138	6.750000e+01	113	113	150
6.760000e+01	136	114	127	6.770000e+01	113	123	133	6.780000e+01	113	113	145
6.790000e+01	132	114	128	68	113	120	137	6.810000e+01	113	113	145
6.820000e+01	135	114	129	6.830000e+01	113	123	139	6.840000e+01	113	113	146
6.850000e+01	137	114	126	6.860000e+01	113	124	132	6.870000e+01	113	113	154
6.880000e+01	145	116	136	6.890000e+01	113	115	136	69	113	113	138
6.910000e+01	136	113	136	6.920000e+01	113	124	140	6.930000e+01	113	113	143
6.940000e+01	136	113	136	6.950000e+01	113	125	137	6.960000e+01	113	113	153
6.970000e+01	138	114	140	6.980000e+01	113	117	130	6.990000e+01	113	113	147
70	145	116	128	7.010000e+01	113	118	135	7.020000e+01	113	113	136
7.030000e+01	136	117	132	7.040000e+01	113	118	135	7.050000e+01	113	113	145
7.060000e+01	132	115	137	7.070000e+01	113	122	134	7.080000e+01	113	113	136
7.090000e+01	140	114	132	71	113	123	135	7.110000e+01	113	113	148
7.120000e+01	133	114	137	7.130000e+01	113	123	136	7.140000e+01	113	113	147
7.150000e+01	131	119	130	7.160000e+01	113	119	129	7.170000e+01	113	113	142
7.180000e+01	133	114	133	7.190000e+01	113	127	137	72	113	113	141
7.210000e+01	129	116	133	7.220000e+01	113	125	140	7.230000e+01	113	113	146
7.240000e+01	129	113	137	7.250000e+01	113	117	132	7.260000e+01	113	113	146
7.270000e+01	134	114	135	7.280000e+01	113	126	135	7.290000e+01	113	113	147
73	134	113	132	7.310000e+01	113	120	131	7.320000e+01	113	113	142
7.330000e+01	133	115	135	7.340000e+01	113	121	142	7.350000e+01	113	113	145
7.360000e+01	135	114	132	7.370000e+01	113	127	132	7.380000e+01	113	113	137
7.390000e+01	139	117	127	74	113	123	131	7.410000e+01	113	113	145
7.420000e+01	136	114	131	7.430000e+01	113	123	134	7.440000e+01	113	113	157
7.450000e+01	131	115	129	7.460000e+01	113	127	133	7.470000e+01	113	113	147
7.480000e+01	140	115	129	7.490000e+01	113	123	141	75	113	113	150
7.510000e+01	129	115	137	7.520000e+01	113	121	139	7.530000e+01	113	113	147
7.540000e+01	141	114	139	7.550000e+01	113	119	133	7.560000e+01	113	113	141
7.570000e+01	134	114	133	7.580000e+01	113	124	139	7.590000e+01	113	113	146
76	140	114	143	7.610000e+01	113	122	128	7.620000e+01	113	113	155
7.630000e+01	140	115	129	7.640000e+01	113	119	143	7.650000e+01	113	113	139
7.660000e+01	137	114	142	7.670000e+01	113	117	142	7.680000e+01	113	113	142
7.690000e+01	136	115	134	77	113	119	128	7.710000e+01	113	113	153
7.720000e+01	134	113	130	7.730000e+01	113	123	139	7.740000e+01	113	113	134
7.750000e+01	132	114	130	7.760000e+01	113	120	129	7.770000e+01	113	113	140
7.780000e+01	137	117	127	7.790000e+01	113	123	131	78	113	113	139
7.810000e+01	131	114	131	7.820000e+01	113	123	132	7.830000e+01	113	113	145
7.840000e+01	134	115	142	7.850000e+01	113	116	140	7.860000e+01	113	113	150
7.870000e+01	134	115	136	7.880000e+01	113	120	131	7.890000e+01	113	113	143
79	127	116	140	7.910000e+01	113	118	131	7.920000e+01	113	113	136
7.930000e+01	127	114	138	7.940000e+01	113	122	142	7.950000e+01	113	113	139
7.960000e+01	130	114	128	7.970000e+01	113	121	137	7.980000e+01	113	113	142
7.990000e+01	133	118	132	80	113	126	140	8.010000e+01	113	113	145
8.020000e+01	137	113	127	8.030000e+01	113	126	138	8.040000e+01	113	113	136
8.050000e+01	128	114	139	8.060000e+01	113	118	145	8.070000e+01	113	113	143
8.080000e+01	132	115	128	8.090000e+01	113	125	138	81	113	113	142
8.110000e+01	132	113	126	8.120000e+01	113	125	133	8.130000e+01	113	113	139
8.140000e+01	138	117	136	8.150000e+01	113	125	138	8.160000e+01	113	113	149
8.170000e+01	138	114	129	8.180000e+01	113	123	139	8.190000e+01	113	113	136
82	131	114	130	8.210000e+01	113	123	142	8.220000e+01	113	113	139
8.230000e+01	135	113	139	8.240000e+01	113	122	138	8.250000e+01	113	113	140
8.260000e+01	139	117	135	8.270000e+01	113	124	139	8.280000e+01	113	113	145
8.290000e+01	139	115	137	83	113	120	133	8.310000e+01	113	113	145
8.320000e+01	135	115	136	8.330000e+01	113	127	130	8.340000e+01	113	113	141
8.350000e+01	134	114	126	8.360000e+01	113	126	135	8.370000e+01	113	113	136
8.380000e+01	137	115	126	8.390000e+01	113	116	131	84	113	113	148
8.410000e+01	135	115	122	8.420000e+01	113	126	136	8.430000e+01	113	113	142
8.440000e+01	138	115	127	8.450000e+01	113	120	133	8.460000e+01	113	113	158
8.470000e+01	125	120	134	8.480000e+01	113	126	142	8.490000e+01	113	113	136
85	134	113	138	8.510000e+01	113	126	130	8.520000e+01	113	113	147
8.530000e+01	137	116	126	8.540000e+01	113	124	140	8.550000e+01	113	113	140
8.560000e+01	140	118	126	8.570000e+01	113	121	142	8.580000e+01	113	113	140
8.590000e+01	133	113	141	86	113	120	133	8.610000e+01	113	113	136
8.620000e+01	135	117	136	8.630000e+01	113	124	141	8.640000e+01	113	113	143
8.650000e+01	138	115	138	8.660000e+01	113	123	134	8.670000e+01	113	113	136
8.680000e+01	135	114	136	8.690000e+01	113	123	135	87	113	113	143
8.710000e+01	134	114	132	8.720000e+01	113	123	133	8.730000e+01	113	113	137
8.740000e+01	136	114	125	8.750000e+01	113	122	130	8.760000e+01	113	113	152
8.770000e+01	138	114	129	8.780000e+01	113	119	135	8.790000e+01	113	113	142
88	135	114	131	8.810000e+01	113	123	134	8.820000e+01	113	113	146
8.830000e+01	137	116	132	8.840000e+01	113	124	137	8.850000e+01	113	113	147
8.860000e+01	134	113	137	8.870000e+01	113	124	140	8.880000e+01	113	113	144
8.890000e+01	135	117	131	89	113	120	135	8.910000e+01	113	113	137
8.920000e+01	129	113	141	8.930000e+01	113	119	141	8.940000e+01	113	113	149
8.950000e+01	133	116	136	8.960000e+01	113	123	131	8.970000e+01	113	113	137
8.980000e+01	136	113	130	8.990000e+01	113	125	138	90	113	113	147
9.010000e+01	124	114	131	9.020000e+01	113	117	144	9.030000e+01	113	113	134
9.040000e+01	134	116	141	9.050000e+01	113	123	135	9.060000e+01	113	113	134
9.070000e+01	138	114	133	9.080000e+01	113	126	143	9.090000e+01	113	113	145
91	137	114	125	9.110000e+01	113	117	136	9.120000e+01	113	113	139
9.130000e+01	136	115	135	9.140000e+01	113	123	146	9.150000e+01	113	113	140
9.160000e+01	134	114	129	9.170000e+01	113	127	128	9.180000e+01	113	113	137
9.190000e+01	131	114	136	92	113	123	149	9.210000e+01	113	113	143
9.220000e+01	136	116	133	9.230000e+01	113	122	127	9.240000e+01	113	113	144
9.250000e+01	136	116	136	9.260000e+01	113	126	134	9.270000e+01	113	113	144
9.280000e+01	134	116	133	9.290000e+01	113	120	142	93	113	113	148
9.310000e+01	137	116	128	9.320000e+01	113	123	135	9.330000e+01	113	113	150
9.340000e+01	134	115	123	9.350000e+01	113	121	136	9.360000e+01	113	113	140
9.370000e+01	141	115	130	9.380000e+01	113	121	137	9.390000e+01	113	113	143
94	134	115	133	9.410000e+01	113	125	136	9.420000e+01	113	113	155
9.430000e+01	133	114	129	9.440000e+01	113	121	137	9.450000e+01	113	113	134
9.460000e+01	140	115	136	9.470000e+01	113	119	138	9.480000e+01	113	113	141
9.490000e+01	133	114	131	95	113	127	138	9.510000e+01	113	113	152
9.520000e+01	137	114	134	9.530000e+01	113	119	138	9.540000e+01	113	113	146
9.550000e+01	130	114	139	9.560000e+01	113	124	130	9.570000e+01	113	113	145
9.580000e+01	133	117	140	9.590000e+01	113	120	133	96	113	113	145
9.610000e+01	138	116	133	9.620000e+01	113	118	139	9.630000e+01	113	113	138
9.640000e+01	134	114	134	9.650000e+01	113	119	133	9.660000e+01	113	113	137
9.670000e+01	134	115	141	9.680000e+01	113	119	136	9.690000e+01	113	113	129
97	139	116	137	9.710000e+01	113	128	132	9.720000e+01	113	113	135
9.730000e+01	135	114	131	9.740000e+01	113	120	137	9.750000e+01	113	113	141
9.760000e+01	131	114	126	9.770000e+01	113	121	147	9.780000e+01	113	113	136
9.790000e+01	130	116	127	98	113	125	129	9.810000e+01	113	113	152
9.820000e+01	137	113	136	9.830000e+01	113	126	133	9.840000e+01	113	113	135
9.850000e+01	130	114	140	9.860000e+01	113	120	136	9.870000e+01	113	113	154
9.880000e+01	137	116	133	9.890000e+01	113	124	130	99	113	113	149
9.910000e+01	145	117	135	9.920000e+01	113	119	140	9.930000e+01	113	113	136
9.940000e+01	136	117	137	9.950000e+01	113	121	135	9.960000e+01	113	113	137
9.970000e+01	136	115	131	9.980000e+01	113	120	135	9.990000e+01	113	113	147
100	133	113	131	1.001000e+02	113	121	134	1.002000e+02	113	113	144
1.003000e+02	130	114	128	1.004000e+02	113	125	137	1.005000e+02	113	113	144
1.006000e+02	154	116	129	1.007000e+02	113	117	146	1.008000e+02	113	113	138
1.009000e+02	125	117	128	101	113	117	132	1.011000e+02	113	113	146
1.012000e+02	136	117	131	1.013000e+02	113	122	143	1.014000e+02	113	113	147
1.015000e+02	135	114	136	1.016000e+02	113	124	137	1.017000e+02	113	113	141
1.018000e+02	137	115	127	1.019000e+02	113	122	137	102	113	113	135
1.021000e+02	135	116	126	1.022000e+02	113	121	142	1.023000e+02	113	113	134
1.024000e+02	132	115	141	1.025000e+02	113	123	134	1.026000e+02	113	113	144
1.027000e+02	139	117	137	1.028000e+02	113	123	131	1.029000e+02	113	113	149
103	135	114	129	1.031000e+02	113	122	137	1.032000e+02	113	113	144
1.033000e+02	148	117	134	1.034000e+02	113	121	137	1.035000e+02	113	113	143
1.036000e+02	134	115	133	1.037000e+02	113	115	136	1.038000e+02	113	113	141
1.039000e+02	135	116	137	104	113	121	135	1.041000e+02	113	113	142
1.042000e+02	138	113	141	1.043000e+02	113	126	129	1.044000e+02	113	113	138
1.045000e+02	135	115	128	1.046000e+02	113	116	129	1.047000e+02	113	113	153
1.048000e+02	125	115	136	1.049000e+02	113	119	136	105	113	113	142
1.051000e+02	145	115	129	1.052000e+02	113	120	135	1.053000e+02	113	113	143
1.054000e+02	138	115	132	1.055000e+02	113	119	141	1.056000e+02	113	113	143
1.057000e+02	127	115	135	1.058000e+02	113	125	136	1.059000e+02	113	113	150
106	127	114	125	1.061000e+02	113	124	132	1.062000e+02	113	113	142
1.063000e+02	138	113	137	1.064000e+02	113	124	134	1.065000e+02	113	113	145
1.066000e+02	130	113	130	1.067000e+02	113	127	139	1.068000e+02	113	113	143
1.069000e+02	136	113	136	107	113	119	138	1.071000e+02	113	113	145
1.072000e+02	133	114	143	1.073000e+02	113	125	132	1.074000e+02	113	113	144
1.075000e+02	137	115	132	1.076000e+02	113	126	136	1.077000e+02	113	113	147
1.078000e+02	128	114	126	1.079000e+02	113	126	135	108	113	113	138
1.081000e+02	125	116	138	1.082000e+02	113	120	135	1.083000e+02	113	113	143
1.084000e+02	132	116	131	1.085000e+02	113	122	149	1.086000e+02	113	113	141
1.087000e+02	138	113	129	1.088000e+02	113	124	135	1.089000e+02	113	113	145
109	144	113	132	1.091000e+02	113	124	135	1.092000e+02	113	113	143
1.093000e+02	133	114	129	1.094000e+02	113	126	134	1.095000e+02	113	113	143
1.096000e+02	127	114	128	1.097000e+02	113	120	134	1.098000e+02	113	113	142
1.099000e+02	134	117	140	110	113	125	137	1.101000e+02	113	113	141
1.102000e+02	132	118	141	1.103000e+02	113	119	132	1.104000e+02	113	113	147
1.105000e+02	127	115	135	1.106000e+02	113	125	132	1.107000e+02	113	113	143
1.108000e+02	135	116	133	1.109000e+02	113	124	129	111	113	113	150
1.111000e+02	132	114	135	1.112000e+02	113	125	129	1.113000e+02	113	113	152
1.114000e+02	131	115	142	1.115000e+02	113	120	132	1.116000e+02	113	113	139
1.117000e+02	134	114	127	1.118000e+02	113	130	134	1.119000e+02	113	113	140
112	130	115	133	1.121000e+02	113	121	141	1.122000e+02	113	113	140
1.123000e+02	133	114	131	1.124000e+02	113	124	134	1.125000e+02	113	113	152
1.126000e+02	129	115	122	1.127000e+02	113	127	129	1.128000e+02	113	113	147
1.129000e+02	131	115	131	113	113	121	133	1.131000e+02	113	113	146
1.132000e+02	129	114	128	1.133000e+02	113	122	141	1.134000e+02	113	113	156
1.135000e+02	135	114	126	1.136000e+02	113	127	136	1.137000e+02	113	113	149
1.138000e+02	130	116	139	1.139000e+02	113	124	134	114	113	113	138
1.141000e+02	143	115	135	1.142000e+02	113	121	135	1.143000e+02	113	113	151
1.144000e+02	141	114	138	1.145000e+02	113	128	134	1.146000e+02	113	113	137
1.147000e+02	133	113	132	1.148000e+02	113	122	133	1.149000e+02	113	113	150
115	129	116	131	1.151000e+02	113	123	140	1.152000e+02	113	113	143
1.153000e+02	134	118	131	1.154000e+02	113	118	134	1.155000e+02	113	113	146
1.156000e+02	142	115	133	1.157000e+02	113	124	132	1.158000e+02	113	113	149
1.159000e+02	138	115	133	116	113	121	135	1.161000e+02	113	113	134
1.162000e+02	139	115	123	1.163000e+02	113	122	138	1.164000e+02	113	113	137
1.165000e+02	135	116	131	1.166000e+02	113	120	133	1.167000e+02	113	113	152
1.168000e+02	139	113	132	1.169000e+02	113	124	132	117	113	113	145
1.171000e+02	135	114	134	1.172000e+02	113	118	138	1.173000e+02	113	113	142
1.174000e+02	132	114	136	1.175000e+02	113	124	140	1.176000e+02	113	113	145
1.177000e+02	136	116	138	1.178000e+02	113	121	135	1.179000e+02	113	113	143
118	139	115	145	1.181000e+02	113	123	136	1.182000e+02	113	113	146
1.183000e+02	133	115	135	1.184000e+02	113	126	130	1.185000e+02	113	113	140
1.186000e+02	133	114	137	1.187000e+02	113	115	139	1.188000e+02	113	113	145
1.189000e+02	134	116	123	119	113	123	136	1.191000e+02	113	113	139
1.192000e+02	134	114	132	1.193000e+02	113	121	141	1.194000e+02	113	113	144
1.195000e+02	142	116	132	1.196000e+02	113	121	132	1.197000e+02	113	113	150
1.198000e+02	130	115	125	1.199000e+02	113	122	143	120	113	113	143
1.201000e+02	142	113	130	1.202000e+02	113	123	134	1.203000e+02	113	113	147
1.204000e+02	132	115	136	1.205000e+02	113	119	145	1.206000e+02	113	113	142
1.207000e+02	134	114	133	1.208000e+02	113	124	146	1.209000e+02	113	113	150
121	140	115	128	1.211000e+02	113	116	146	1.212000e+02	113	113	152
1.213000e+02	134	114	135	1.214000e+02	113	116	137	1.215000e+02	113	113	138
1.216000e+02	130	114	138	1.217000e+02	113	120	139	1.218000e+02	113	113	151
1.219000e+02	136	116	140	122	113	123	144	1.221000e+02	113	113	153
1.222000e+02	132	114	127	1.223000e+02	113	121	133	1.224000e+02	113	113	151
1.225000e+02	133	116	139	1.226000e+02	113	118	140	1.227000e+02	113	113	132
1.228000e+02	139	115	142	1.229000e+02	113	121	141	123	113	113	150
1.231000e+02	141	113	131	1.232000e+02	113	123	135	1.233000e+02	113	113	144
1.234000e+02	137	115	130	1.235000e+02	113	121	136	1.236000e+02	113	113	139
1.237000e+02	132	114	135	1.238000e+02	113	116	149	1.239000e+02	113	113	145
124	133	115	131	1.241000e+02	113	119	141	1.242000e+02	113	113	139
1.243000e+02	142	113	133	1.244000e+02	113	121	147	1.245000e+02	113	113	149
1.246000e+02	134	115	136	1.247000e+02	113	121	152	1.248000e+02	113	113	141
1.249000e+02	131	113	136	125	113	117	139	1.251000e+02	113	113	149
1.252000e+02	135	114	136	1.253000e+02	113	122	136	1.254000e+02	113	113	135
1.255000e+02	143	114	136	1.256000e+02	113	118	135	1.257000e+02	113	113	139
1.258000e+02	143	115	136	1.259000e+02	113	121	134	126	113	113	139
1.261000e+02	128	113	133	1.262000e+02	113	122	143	1.263000e+02	113	113	145
1.264000e+02	137	114	137	1.265000e+02	113	117	127	1.266000e+02	113	113	145
1.267000e+02	129	114	131	1.268000e+02	113	116	146	1.269000e+02	113	113	133
127	130	114	137	1.271000e+02	113	121	141	1.272000e+02	113	113	138
1.273000e+02	133	113	142	1.274000e+02	113	117	136	1.275000e+02	113	113	141
1.276000e+02	141	115	140	1.277000e+02	113	118	149	1.278000e+02	113	113	140
1.279000e+02	127	115	128	128	113	119	135	1.281000e+02	113	113	145
1.282000e+02	137	113	132	1.283000e+02	113	118	138	1.284000e+02	113	113	138
1.285000e+02	131	116	134	1.286000e+02	113	121	145	1.287000e+02	113	113	154
1.288000e+02	132	115	136	1.289000e+02	113	122	137	129	113	113	145
1.291000e+02	135	114	135	1.292000e+02	113	119	133	1.293000e+02	113	113	138
1.294000e+02	138	116	140	1.295000e+02	113	123	139	1.296000e+02	113	113	140
1.297000e+02	129	115	140	1.298000e+02	113	117	140	1.299000e+02	113	113	138
130	140	117	132	1.301000e+02	113	114	134	1.302000e+02	113	113	137
1.303000e+02	137	115	135	1.304000e+02	113	116	139	1.305000e+02	113	113	140
1.306000e+02	138	113	126	1.307000e+02	113	123	148	1.308000e+02	113	113	151
1.309000e+02	134	114	128	131	113	123	138	1.311000e+02	113	113	136
1.312000e+02	126	116	131	1.313000e+02	113	123	135	1.314000e+02	113	113	137
1.315000e+02	134	115	146	1.316000e+02	113	117	142	1.317000e+02	113	113	142
1.318000e+02	129	114	130	1.319000e+02	113	120	135	132	113	113	150
1.321000e+02	133	114	131	1.322000e+02	113	122	143	1.323000e+02	113	113	147
1.324000e+02	134	116	140	1.325000e+02	113	116	145	1.326000e+02	113	113	151
1.327000e+02	134	114	136	1.328000e+02	113	120	140	1.329000e+02	113	113	138
133	132	115	137	1.331000e+02	113	119	135	1.332000e+02	113	113	151
1.333000e+02	127	113	134	1.334000e+02	113	119	126	1.335000e+02	113	113	153
1.336000e+02	136	113	134	1.337000e+02	113	117	135	1.338000e+02	113	113	143
1.339000e+02	138	116	136	134	113	117	142	1.341000e+02	113	113	136
1.342000e+02	129	116	131	1.343000e+02	113	121	140	1.344000e+02	113	113	140
1.345000e+02	146	113	133	1.346000e+02	113	119	154	1.347000e+02	113	113	144
1.348000e+02	138	114	129	1.349000e+02	113	120	142	135	113	113	149
1.351000e+02	131	114	134	1.352000e+02	113	119	128	1.353000e+02	113	113	145
1.354000e+02	140	116	145	1.355000e+02	113	120	135	1.356000e+02	113	113	138
1.357000e+02	143	113	140	1.358000e+02	113	124	137	1.359000e+02	113	113	143
136	127	115	126	1.361000e+02	113	121	133	1.362000e+02	113	113	152
1.363000e+02	131	114	138	1.364000e+02	113	120	138	1.365000e+02	113	113	133
1.366000e+02	135	113	125	1.367000e+02	113	123	133	1.368000e+02	113	113	145
1.369000e+02	124	114	130	137	113	115	149	1.371000e+02	113	113	145
1.372000e+02	133	117	135	1.373000e+02	113	118	138	1.374000e+02	113	113	139
1.375000e+02	139	117	136	1.376000e+02	113	120	140	1.377000e+02	113	113	138
1.378000e+02	141	114	133	1.379000e+02	113	123	135	138	113	113	138
1.381000e+02	128	114	124	1.382000e+02	113	121	140	1.383000e+02	113	113	141
1.384000e+02	139	114	132	1.385000e+02	113	119	146	1.386000e+02	113	113	146
1.387000e+02	131	116	135	1.388000e+02	113	120	136	1.389000e+02	113	113	132
139	132	114	129	1.391000e+02	113	123	147	1.392000e+02	113	113	150
1.393000e+02	134	114	127	1.394000e+02	113	122	138	1.395000e+02	113	113	142
1.396000e+02	131	113	127	1.397000e+02	113	119	134	1.398000e+02	113	113	140
1.399000e+02	139	114	134	140	113	123	153	1.401000e+02	113	113	140
1.402000e+02	129	115	141	1.403000e+02	113	118	146	1.404000e+02	113	113	143
1.405000e+02	144	115	132	1.406000e+02	113	120	145	1.407000e+02	113	113	145
1.408000e+02	126	114	140	1.409000e+02	113	117	139	141	113	113	158
1.411000e+02	132	115	132	1.412000e+02	113	118	136	1.413000e+02	113	113	144
1.414000e+02	132	114	142	1.415000e+02	113	120	133	1.416000e+02	113	113	142
1.417000e+02	139	114	132	1.418000e+02	113	120	131	1.419000e+02	113	113	157
142	132	116	136	1.421000e+02	113	121	132	1.422000e+02	113	113	160
1.423000e+02	140	116	133	1.424000e+02	113	117	136	1.425000e+02	113	113	138
1.426000e+02	131	115	130	1.427000e+02	113	120	145	1.428000e+02	113	113	146
1.429000e+02	129	115	141	143	113	120	150	1.431000e+02	113	113	154
1.432000e+02	135	113	132	1.433000e+02	113	120	137	1.434000e+02	113	113	149
1.435000e+02	133	115	135	1.436000e+02	113	123	146	1.437000e+02	113	113	138
1.438000e+02	135	114	132	1.439000e+02	113	121	135	144	113	113	144
1.441000e+02	138	114	129	1.442000e+02	113	119	136	1.443000e+02	113	113	134
1.444000e+02	139	115	124	1.445000e+02	113	120	134	1.446000e+02	113	113	146
1.447000e+02	143	114	134	1.448000e+02	113	121	138	1.449000e+02	113	113	138
145	132	114	133	1.451000e+02	113	122	136	1.452000e+02	113	113	149
1.453000e+02	133	115	132	1.454000e+02	113	118	141	1.455000e+02	113	113	148
1.456000e+02	132	114	133	1.457000e+02	113	120	137	1.458000e+02	113	113	148
1.459000e+02	131	115	128	146	113	120	136	1.461000e+02	113	113	139
1.462000e+02	127	115	133	1.463000e+02	113	122	138	1.464000e+02	113	113	145
1.465000e+02	137	113	136	1.466000e+02	113	121	135	1.467000e+02	113	113	142
1.468000e+02	131	113	138	1.469000e+02	113	117	146	147	113	113	139
1.471000e+02	138	116	137	1.472000e+02	113	119	138	1.473000e+02	113	113	150
1.474000e+02	141	114	135	1.475000e+02	113	120	140	1.476000e+02	113	113	132
1.477000e+02	135	118	132	1.478000e+02	113	124	144	1.479000e+02	113	113	146
148	147	116	136	1.481000e+02	113	118	147	1.482000e+02	113	113	139
1.483000e+02	134	115	133	1.484000e+02	113	121	133	1.485000e+02	113	113	129
1.486000e+02	137	113	133	1.487000e+02	113	122	143	1.488000e+02	113	113	140
1.489000e+02	145	113	128	149	113	117	139	1.491000e+02	113	113	144
1.492000e+02	142	113	137	1.493000e+02	113	119	140	1.494000e+02	113	113	145
1.495000e+02	139	116	133	1.496000e+02	113	121	146	1.497000e+02	113	113	137
1.498000e+02	151	116	125	1.499000e+02	113	116	138	150	113	113	147
