timeat154nm	I_1at154nm	I_2at154nm	I_3at154nm	timeat591nm	I_1at591nm	I_2at591nm	I_3at591nm	timeat723nm	I_1at723nm	I_2at723nm	I_3at723nm
1.000000e-01	137	113	134	2.000000e-01	113	127	130	3.000000e-01	113	113	144
4.000000e-01	141	114	130	5.000000e-01	113	126	129	6.000000e-01	113	113	144
7.000000e-01	140	114	129	8.000000e-01	113	126	136	9.000000e-01	113	113	147
1	138	115	132	1.100000e+00	113	124	143	1.200000e+00	113	113	138
1.300000e+00	132	114	131	1.400000e+00	113	126	138	1.500000e+00	113	113	143
1.600000e+00	136	114	129	1.700000e+00	113	123	137	1.800000e+00	113	113	150
1.900000e+00	140	114	130	2	113	119	129	2.100000e+00	113	113	144
2.200000e+00	138	113	123	2.300000e+00	113	133	134	2.400000e+00	113	113	139
2.500000e+00	134	114	131	2.600000e+00	113	122	122	2.700000e+00	113	113	147
2.800000e+00	128	114	128	2.900000e+00	113	129	132	3	113	113	138
3.100000e+00	141	113	141	3.200000e+00	113	128	148	3.300000e+00	113	113	152
3.400000e+00	132	113	136	3.500000e+00	113	130	132	3.600000e+00	113	113	139
3.700000e+00	140	113	132	3.800000e+00	113	121	129	3.900000e+00	113	113	146
4	139	113	134	4.100000e+00	113	119	137	4.200000e+00	113	113	134
4.300000e+00	143	113	140	4.400000e+00	113	129	138	4.500000e+00	113	113	145
4.600000e+00	140	113	132	4.700000e+00	113	126	130	4.800000e+00	113	113	134
4.900000e+00	132	113	139	5	113	119	128	5.100000e+00	113	113	140
5.200000e+00	140	114	133	5.300000e+00	113	130	133	5.400000e+00	113	113	144
5.500000e+00	134	114	126	5.600000e+00	113	129	128	5.700000e+00	113	113	129
5.800000e+00	134	113	135	5.900000e+00	113	124	135	6	113	113	151
6.100000e+00	133	115	132	6.200000e+00	113	126	132	6.300000e+00	113	113	140
6.400000e+00	138	115	142	6.500000e+00	113	123	131	6.600000e+00	113	113	143
6.700000e+00	138	113	142	6.800000e+00	113	125	135	6.900000e+00	113	113	137
7	139	114	127	7.100000e+00	113	123	130	7.200000e+00	113	113	144
7.300000e+00	135	114	134	7.400000e+00	113	122	136	7.500000e+00	113	113	143
7.600000e+00	145	113	130	7.700000e+00	113	124	129	7.800000e+00	113	113	142
7.900000e+00	143	115	138	8	113	121	129	8.100000e+00	113	113	140
8.200000e+00	137	113	136	8.300000e+00	113	125	141	8.400000e+00	113	113	144
8.500000e+00	140	113	125	8.600000e+00	113	126	133	8.700000e+00	113	113	140
8.800000e+00	138	114	132	8.900000e+00	113	129	138	9	113	113	145
9.100000e+00	146	115	127	9.200000e+00	113	129	133	9.300000e+00	113	113	142
9.400000e+00	138	113	130	9.500000e+00	113	127	134	9.600000e+00	113	113	145
9.700000e+00	139	115	131	9.800000e+00	113	129	126	9.900000e+00	113	113	141
10	139	113	136	1.010000e+01	113	126	127	1.020000e+01	113	113	144
1.030000e+01	134	113	124	1.040000e+01	113	122	137	1.050000e+01	113	113	140
1.060000e+01	130	114	128	1.070000e+01	113	129	129	1.080000e+01	113	113	146
1.090000e+01	124	123	138	11	113	122	129	1.110000e+01	113	113	142
1.120000e+01	126	116	138	1.130000e+01	113	119	140	1.140000e+01	113	113	142
1.150000e+01	129	118	136	1.160000e+01	113	123	140	1.170000e+01	113	113	142
1.180000e+01	127	123	142	1.190000e+01	113	124	130	12	113	113	137
1.210000e+01	123	116	142	1.220000e+01	113	129	137	1.230000e+01	113	113	143
1.240000e+01	127	122	134	1.250000e+01	113	127	135	1.260000e+01	113	113	138
1.270000e+01	124	120	132	1.280000e+01	113	124	135	1.290000e+01	113	113	137
13	130	116	134	1.310000e+01	113	116	136	1.320000e+01	113	113	136
1.330000e+01	125	118	133	1.340000e+01	113	125	135	1.350000e+01	113	113	148
1.360000e+01	128	118	129	1.370000e+01	113	132	131	1.380000e+01	113	113	141
1.390000e+01	125	120	132	14	113	122	135	1.410000e+01	113	113	137
1.420000e+01	127	115	130	1.430000e+01	113	120	125	1.440000e+01	113	113	150
1.450000e+01	123	115	135	1.460000e+01	113	122	136	1.470000e+01	113	113	146
1.480000e+01	127	119	128	1.490000e+01	113	123	139	15	113	113	138
1.510000e+01	130	117	141	1.520000e+01	113	128	131	1.530000e+01	113	113	137
1.540000e+01	130	123	135	1.550000e+01	113	123	135	1.560000e+01	113	113	149
1.570000e+01	129	116	128	1.580000e+01	113	124	134	1.590000e+01	113	113	147
16	132	121	126	1.610000e+01	113	127	127	1.620000e+01	113	113	146
1.630000e+01	127	116	136	1.640000e+01	113	121	128	1.650000e+01	113	113	144
1.660000e+01	129	118	137	1.670000e+01	113	130	141	1.680000e+01	113	113	142
1.690000e+01	121	118	130	17	113	122	129	1.710000e+01	113	113	144
1.720000e+01	132	122	137	1.730000e+01	113	126	135	1.740000e+01	113	113	153
1.750000e+01	127	120	134	1.760000e+01	113	123	140	1.770000e+01	113	113	142
1.780000e+01	120	119	132	1.790000e+01	113	120	132	18	113	113	149
1.810000e+01	132	121	133	1.820000e+01	113	122	136	1.830000e+01	113	113	150
1.840000e+01	129	118	137	1.850000e+01	113	118	131	1.860000e+01	113	113	146
1.870000e+01	120	122	142	1.880000e+01	113	124	140	1.890000e+01	113	113	137
19	130	114	141	1.910000e+01	113	118	140	1.920000e+01	113	113	139
1.930000e+01	125	122	130	1.940000e+01	113	125	134	1.950000e+01	113	113	141
1.960000e+01	124	119	135	1.970000e+01	113	117	146	1.980000e+01	113	113	152
1.990000e+01	127	120	137	20	113	123	140	2.010000e+01	113	113	144
2.020000e+01	123	114	132	2.030000e+01	113	121	139	2.040000e+01	113	113	139
2.050000e+01	128	120	126	2.060000e+01	113	122	134	2.070000e+01	113	113	143
2.080000e+01	122	119	132	2.090000e+01	113	125	144	21	113	113	145
2.110000e+01	126	118	141	2.120000e+01	113	119	133	2.130000e+01	113	113	134
2.140000e+01	132	117	133	2.150000e+01	113	121	135	2.160000e+01	113	113	137
2.170000e+01	125	117	130	2.180000e+01	113	122	137	2.190000e+01	113	113	140
22	121	122	135	2.210000e+01	113	121	128	2.220000e+01	113	113	142
2.230000e+01	126	114	136	2.240000e+01	113	121	138	2.250000e+01	113	113	133
2.260000e+01	126	119	141	2.270000e+01	113	126	137	2.280000e+01	113	113	143
2.290000e+01	127	118	135	23	113	121	134	2.310000e+01	113	113	144
2.320000e+01	127	116	133	2.330000e+01	113	124	138	2.340000e+01	113	113	151
2.350000e+01	131	116	126	2.360000e+01	113	120	137	2.370000e+01	113	113	137
2.380000e+01	126	120	138	2.390000e+01	113	123	134	24	113	113	141
2.410000e+01	130	119	142	2.420000e+01	113	121	134	2.430000e+01	113	113	145
2.440000e+01	126	120	126	2.450000e+01	113	123	142	2.460000e+01	113	113	142
2.470000e+01	129	117	129	2.480000e+01	113	120	136	2.490000e+01	113	113	161
25	127	115	144	2.510000e+01	113	119	142	2.520000e+01	113	113	137
2.530000e+01	126	116	140	2.540000e+01	113	121	137	2.550000e+01	113	113	143
2.560000e+01	125	123	142	2.570000e+01	113	120	132	2.580000e+01	113	113	137
2.590000e+01	124	120	137	26	113	118	133	2.610000e+01	113	113	137
2.620000e+01	134	119	134	2.630000e+01	113	118	132	2.640000e+01	113	113	141
2.650000e+01	130	116	134	2.660000e+01	113	125	126	2.670000e+01	113	113	144
2.680000e+01	128	117	138	2.690000e+01	113	128	131	27	113	113	137
2.710000e+01	128	118	134	2.720000e+01	113	124	137	2.730000e+01	113	113	141
2.740000e+01	127	116	132	2.750000e+01	113	133	132	2.760000e+01	113	113	147
2.770000e+01	129	119	133	2.780000e+01	113	118	132	2.790000e+01	113	113	139
28	127	122	135	2.810000e+01	113	125	130	2.820000e+01	113	113	146
2.830000e+01	124	121	144	2.840000e+01	113	125	127	2.850000e+01	113	113	133
2.860000e+01	131	117	131	2.870000e+01	113	128	130	2.880000e+01	113	113	146
2.890000e+01	127	116	123	29	113	131	134	2.910000e+01	113	113	147
2.920000e+01	131	117	132	2.930000e+01	113	122	129	2.940000e+01	113	113	144
2.950000e+01	132	118	134	2.960000e+01	113	130	135	2.970000e+01	113	113	138
2.980000e+01	125	124	132	2.990000e+01	113	120	134	30	113	113	149
3.010000e+01	128	119	131	3.020000e+01	113	121	139	3.030000e+01	113	113	146
3.040000e+01	129	119	126	3.050000e+01	113	125	137	3.060000e+01	113	113	141
3.070000e+01	125	115	138	3.080000e+01	113	124	132	3.090000e+01	113	113	146
31	131	118	133	3.110000e+01	113	127	135	3.120000e+01	113	113	142
3.130000e+01	130	119	134	3.140000e+01	113	127	131	3.150000e+01	113	113	138
3.160000e+01	129	126	142	3.170000e+01	113	120	138	3.180000e+01	113	113	145
3.190000e+01	130	117	127	32	113	126	131	3.210000e+01	113	113	153
3.220000e+01	122	119	127	3.230000e+01	113	127	133	3.240000e+01	113	113	137
3.250000e+01	123	117	138	3.260000e+01	113	130	128	3.270000e+01	113	113	138
3.280000e+01	123	120	135	3.290000e+01	113	129	129	33	113	113	142
3.310000e+01	124	118	133	3.320000e+01	113	122	134	3.330000e+01	113	113	137
3.340000e+01	128	118	130	3.350000e+01	113	125	136	3.360000e+01	113	113	148
3.370000e+01	129	118	131	3.380000e+01	113	122	128	3.390000e+01	113	113	140
34	128	120	135	3.410000e+01	113	122	137	3.420000e+01	113	113	144
3.430000e+01	125	118	119	3.440000e+01	113	123	132	3.450000e+01	113	113	136
3.460000e+01	127	120	134	3.470000e+01	113	119	128	3.480000e+01	113	113	145
3.490000e+01	124	117	135	35	113	128	126	3.510000e+01	113	113	145
3.520000e+01	135	119	132	3.530000e+01	113	120	128	3.540000e+01	113	113	140
3.550000e+01	132	124	131	3.560000e+01	113	120	136	3.570000e+01	113	113	143
3.580000e+01	124	117	129	3.590000e+01	113	122	131	36	113	113	140
3.610000e+01	130	118	133	3.620000e+01	113	127	134	3.630000e+01	113	113	145
3.640000e+01	126	115	132	3.650000e+01	113	120	138	3.660000e+01	113	113	141
3.670000e+01	130	116	133	3.680000e+01	113	129	134	3.690000e+01	113	113	133
37	121	118	136	3.710000e+01	113	124	134	3.720000e+01	113	113	138
3.730000e+01	126	120	139	3.740000e+01	113	122	136	3.750000e+01	113	113	139
3.760000e+01	124	121	141	3.770000e+01	113	123	133	3.780000e+01	113	113	150
3.790000e+01	128	123	131	38	113	124	135	3.810000e+01	113	113	144
3.820000e+01	130	119	133	3.830000e+01	113	131	131	3.840000e+01	113	113	130
3.850000e+01	128	118	130	3.860000e+01	113	127	132	3.870000e+01	113	113	146
3.880000e+01	126	125	135	3.890000e+01	113	126	135	39	113	113	135
3.910000e+01	130	115	135	3.920000e+01	113	124	136	3.930000e+01	113	113	147
3.940000e+01	130	120	127	3.950000e+01	113	123	135	3.960000e+01	113	113	136
3.970000e+01	122	115	129	3.980000e+01	113	119	134	3.990000e+01	113	113	145
40	127	119	127	4.010000e+01	113	123	131	4.020000e+01	113	113	149
4.030000e+01	122	119	138	4.040000e+01	113	119	132	4.050000e+01	113	113	139
4.060000e+01	128	118	125	4.070000e+01	113	122	138	4.080000e+01	113	113	138
4.090000e+01	125	118	135	41	113	121	142	4.110000e+01	113	113	140
4.120000e+01	127	121	130	4.130000e+01	113	120	128	4.140000e+01	113	113	135
4.150000e+01	122	117	130	4.160000e+01	113	126	134	4.170000e+01	113	113	145
4.180000e+01	127	119	130	4.190000e+01	113	125	133	42	113	113	139
4.210000e+01	123	116	126	4.220000e+01	113	132	125	4.230000e+01	113	113	143
4.240000e+01	127	119	132	4.250000e+01	113	127	136	4.260000e+01	113	113	143
4.270000e+01	131	117	131	4.280000e+01	113	120	142	4.290000e+01	113	113	134
43	127	119	138	4.310000e+01	113	128	131	4.320000e+01	113	113	155
4.330000e+01	129	120	129	4.340000e+01	113	125	138	4.350000e+01	113	113	143
4.360000e+01	118	119	133	4.370000e+01	113	128	130	4.380000e+01	113	113	137
4.390000e+01	123	119	132	44	113	123	138	4.410000e+01	113	113	144
4.420000e+01	123	119	137	4.430000e+01	113	131	127	4.440000e+01	113	113	133
4.450000e+01	127	117	138	4.460000e+01	113	122	134	4.470000e+01	113	113	144
4.480000e+01	129	118	137	4.490000e+01	113	120	130	45	113	113	138
4.510000e+01	125	121	136	4.520000e+01	113	121	138	4.530000e+01	113	113	133
4.540000e+01	128	119	130	4.550000e+01	113	128	128	4.560000e+01	113	113	143
4.570000e+01	125	122	136	4.580000e+01	113	123	126	4.590000e+01	113	113	144
46	123	120	135	4.610000e+01	113	125	136	4.620000e+01	113	113	141
4.630000e+01	123	120	135	4.640000e+01	113	122	133	4.650000e+01	113	113	142
4.660000e+01	126	122	128	4.670000e+01	113	121	138	4.680000e+01	113	113	146
4.690000e+01	130	121	132	47	113	125	135	4.710000e+01	113	113	143
4.720000e+01	125	126	132	4.730000e+01	113	125	136	4.740000e+01	113	113	142
4.750000e+01	133	121	132	4.760000e+01	113	123	132	4.770000e+01	113	113	136
4.780000e+01	130	121	138	4.790000e+01	113	129	134	48	113	113	148
4.810000e+01	132	118	127	4.820000e+01	113	124	133	4.830000e+01	113	113	148
4.840000e+01	124	120	139	4.850000e+01	113	127	137	4.860000e+01	113	113	147
4.870000e+01	127	119	133	4.880000e+01	113	124	138	4.890000e+01	113	113	145
49	126	123	135	4.910000e+01	113	125	139	4.920000e+01	113	113	141
4.930000e+01	130	123	142	4.940000e+01	113	123	137	4.950000e+01	113	113	144
4.960000e+01	127	123	133	4.970000e+01	113	121	137	4.980000e+01	113	113	142
4.990000e+01	128	121	137	50	113	122	135	5.010000e+01	113	113	147
5.020000e+01	118	116	136	5.030000e+01	113	126	129	5.040000e+01	113	113	142
5.050000e+01	125	117	132	5.060000e+01	113	120	133	5.070000e+01	113	113	140
5.080000e+01	129	117	131	5.090000e+01	113	129	141	51	113	113	139
5.110000e+01	126	123	128	5.120000e+01	113	127	134	5.130000e+01	113	113	152
5.140000e+01	128	118	129	5.150000e+01	113	127	129	5.160000e+01	113	113	140
5.170000e+01	126	116	130	5.180000e+01	113	127	129	5.190000e+01	113	113	152
52	128	120	130	5.210000e+01	113	126	141	5.220000e+01	113	113	150
5.230000e+01	122	120	128	5.240000e+01	113	127	136	5.250000e+01	113	113	145
5.260000e+01	128	118	131	5.270000e+01	113	123	128	5.280000e+01	113	113	145
5.290000e+01	125	118	131	53	113	123	126	5.310000e+01	113	113	146
5.320000e+01	124	116	148	5.330000e+01	113	124	137	5.340000e+01	113	113	146
5.350000e+01	137	120	132	5.360000e+01	113	128	136	5.370000e+01	113	113	151
5.380000e+01	127	119	136	5.390000e+01	113	126	134	54	113	113	141
5.410000e+01	126	119	136	5.420000e+01	113	126	129	5.430000e+01	113	113	151
5.440000e+01	130	119	127	5.450000e+01	113	125	128	5.460000e+01	113	113	141
5.470000e+01	129	117	136	5.480000e+01	113	126	137	5.490000e+01	113	113	146
55	132	120	144	5.510000e+01	113	120	122	5.520000e+01	113	113	135
5.530000e+01	128	118	130	5.540000e+01	113	125	136	5.550000e+01	113	113	139
5.560000e+01	126	117	137	5.570000e+01	113	125	137	5.580000e+01	113	113	144
5.590000e+01	129	118	137	56	113	122	131	5.610000e+01	113	113	142
5.620000e+01	123	119	134	5.630000e+01	113	125	140	5.640000e+01	113	113	138
5.650000e+01	125	117	130	5.660000e+01	113	133	143	5.670000e+01	113	113	149
5.680000e+01	129	123	130	5.690000e+01	113	128	133	57	113	113	154
5.710000e+01	128	118	139	5.720000e+01	113	124	126	5.730000e+01	113	113	139
5.740000e+01	128	118	130	5.750000e+01	113	120	125	5.760000e+01	113	113	144
5.770000e+01	135	115	133	5.780000e+01	113	125	133	5.790000e+01	113	113	140
58	126	119	138	5.810000e+01	113	121	133	5.820000e+01	113	113	153
5.830000e+01	125	118	135	5.840000e+01	113	126	137	5.850000e+01	113	113	140
5.860000e+01	127	122	135	5.870000e+01	113	117	130	5.880000e+01	113	113	140
5.890000e+01	128	122	141	59	113	123	129	5.910000e+01	113	113	139
5.920000e+01	126	121	130	5.930000e+01	113	120	130	5.940000e+01	113	113	149
5.950000e+01	127	118	142	5.960000e+01	113	128	128	5.970000e+01	113	113	137
5.980000e+01	134	122	139	5.990000e+01	113	125	132	60	113	113	145
6.010000e+01	127	115	132	6.020000e+01	113	122	131	6.030000e+01	113	113	145
6.040000e+01	136	119	124	6.050000e+01	113	124	136	6.060000e+01	113	113	141
6.070000e+01	127	119	127	6.080000e+01	113	120	130	6.090000e+01	113	113	143
61	128	118	127	6.110000e+01	113	126	134	6.120000e+01	113	113	154
6.130000e+01	131	118	133	6.140000e+01	113	133	135	6.150000e+01	113	113	142
6.160000e+01	128	122	126	6.170000e+01	113	119	137	6.180000e+01	113	113	133
6.190000e+01	124	122	129	62	113	120	135	6.210000e+01	113	113	154
6.220000e+01	133	118	134	6.230000e+01	113	123	141	6.240000e+01	113	113	147
6.250000e+01	127	119	142	6.260000e+01	113	125	130	6.270000e+01	113	113	140
6.280000e+01	131	118	129	6.290000e+01	113	124	132	63	113	113	136
6.310000e+01	127	123	135	6.320000e+01	113	120	126	6.330000e+01	113	113	143
6.340000e+01	127	118	136	6.350000e+01	113	125	133	6.360000e+01	113	113	146
6.370000e+01	128	122	134	6.380000e+01	113	126	140	6.390000e+01	113	113	147
64	126	118	126	6.410000e+01	113	128	136	6.420000e+01	113	113	144
6.430000e+01	131	121	133	6.440000e+01	113	125	137	6.450000e+01	113	113	147
6.460000e+01	127	117	132	6.470000e+01	113	122	131	6.480000e+01	113	113	147
6.490000e+01	129	118	125	65	113	128	131	6.510000e+01	113	113	144
6.520000e+01	130	118	131	6.530000e+01	113	120	127	6.540000e+01	113	113	144
6.550000e+01	123	122	130	6.560000e+01	113	124	136	6.570000e+01	113	113	148
6.580000e+01	127	116	142	6.590000e+01	113	124	132	66	113	113	147
6.610000e+01	128	122	136	6.620000e+01	113	123	129	6.630000e+01	113	113	142
6.640000e+01	121	118	137	6.650000e+01	113	124	130	6.660000e+01	113	113	139
6.670000e+01	128	117	137	6.680000e+01	113	123	131	6.690000e+01	113	113	153
67	118	119	136	6.710000e+01	113	126	132	6.720000e+01	113	113	149
6.730000e+01	125	117	136	6.740000e+01	113	122	130	6.750000e+01	113	113	136
6.760000e+01	123	114	132	6.770000e+01	113	132	135	6.780000e+01	113	113	149
6.790000e+01	126	120	136	68	113	122	133	6.810000e+01	113	113	147
6.820000e+01	124	116	145	6.830000e+01	113	117	134	6.840000e+01	113	113	139
6.850000e+01	123	117	139	6.860000e+01	113	126	139	6.870000e+01	113	113	143
6.880000e+01	121	121	140	6.890000e+01	113	118	134	69	113	113	143
6.910000e+01	128	124	130	6.920000e+01	113	121	142	6.930000e+01	113	113	141
6.940000e+01	129	117	135	6.950000e+01	113	118	131	6.960000e+01	113	113	150
6.970000e+01	136	120	141	6.980000e+01	113	125	141	6.990000e+01	113	113	141
70	127	118	128	7.010000e+01	113	119	132	7.020000e+01	113	113	143
7.030000e+01	130	118	128	7.040000e+01	113	124	136	7.050000e+01	113	113	137
7.060000e+01	126	122	132	7.070000e+01	113	117	138	7.080000e+01	113	113	142
7.090000e+01	130	115	128	71	113	122	141	7.110000e+01	113	113	136
7.120000e+01	125	118	139	7.130000e+01	113	122	127	7.140000e+01	113	113	136
7.150000e+01	124	120	133	7.160000e+01	113	120	133	7.170000e+01	113	113	144
7.180000e+01	125	119	131	7.190000e+01	113	124	139	72	113	113	143
7.210000e+01	131	116	136	7.220000e+01	113	124	140	7.230000e+01	113	113	136
7.240000e+01	125	118	149	7.250000e+01	113	124	134	7.260000e+01	113	113	142
7.270000e+01	124	118	134	7.280000e+01	113	127	133	7.290000e+01	113	113	141
73	124	117	142	7.310000e+01	113	123	136	7.320000e+01	113	113	146
7.330000e+01	131	118	135	7.340000e+01	113	122	128	7.350000e+01	113	113	152
7.360000e+01	123	122	135	7.370000e+01	113	126	140	7.380000e+01	113	113	142
7.390000e+01	127	121	142	74	113	120	135	7.410000e+01	113	113	148
7.420000e+01	131	117	146	7.430000e+01	113	118	136	7.440000e+01	113	113	139
7.450000e+01	128	120	134	7.460000e+01	113	121	133	7.470000e+01	113	113	141
7.480000e+01	125	118	139	7.490000e+01	113	122	141	75	113	113	137
7.510000e+01	124	118	147	7.520000e+01	113	122	132	7.530000e+01	113	113	143
7.540000e+01	128	119	131	7.550000e+01	113	120	143	7.560000e+01	113	113	143
7.570000e+01	119	119	140	7.580000e+01	113	120	136	7.590000e+01	113	113	147
76	126	116	134	7.610000e+01	113	120	129	7.620000e+01	113	113	145
7.630000e+01	125	120	133	7.640000e+01	113	128	139	7.650000e+01	113	113	147
7.660000e+01	124	117	134	7.670000e+01	113	121	139	7.680000e+01	113	113	142
7.690000e+01	124	118	150	77	113	126	139	7.710000e+01	113	113	140
7.720000e+01	122	116	138	7.730000e+01	113	119	135	7.740000e+01	113	113	146
7.750000e+01	125	118	131	7.760000e+01	113	122	142	7.770000e+01	113	113	132
7.780000e+01	130	119	141	7.790000e+01	113	124	135	78	113	113	140
7.810000e+01	121	115	137	7.820000e+01	113	121	146	7.830000e+01	113	113	142
7.840000e+01	132	115	150	7.850000e+01	113	121	135	7.860000e+01	113	113	141
7.870000e+01	129	119	132	7.880000e+01	113	119	138	7.890000e+01	113	113	149
79	125	120	132	7.910000e+01	113	116	142	7.920000e+01	113	113	142
7.930000e+01	123	117	137	7.940000e+01	113	122	134	7.950000e+01	113	113	140
7.960000e+01	125	120	145	7.970000e+01	113	121	134	7.980000e+01	113	113	133
7.990000e+01	130	117	134	80	113	123	136	8.010000e+01	113	113	136
8.020000e+01	128	121	134	8.030000e+01	113	123	130	8.040000e+01	113	113	141
8.050000e+01	125	118	137	8.060000e+01	113	126	138	8.070000e+01	113	113	148
8.080000e+01	126	116	135	8.090000e+01	113	122	136	81	113	113	145
8.110000e+01	129	119	133	8.120000e+01	113	119	134	8.130000e+01	113	113	145
8.140000e+01	129	116	136	8.150000e+01	113	123	138	8.160000e+01	113	113	141
8.170000e+01	123	114	139	8.180000e+01	113	122	136	8.190000e+01	113	113	145
82	129	119	135	8.210000e+01	113	120	142	8.220000e+01	113	113	142
8.230000e+01	125	120	135	8.240000e+01	113	122	139	8.250000e+01	113	113	146
8.260000e+01	125	118	134	8.270000e+01	113	125	138	8.280000e+01	113	113	143
8.290000e+01	125	117	136	83	113	121	137	8.310000e+01	113	113	146
8.320000e+01	126	117	135	8.330000e+01	113	122	134	8.340000e+01	113	113	143
8.350000e+01	135	123	134	8.360000e+01	113	123	140	8.370000e+01	113	113	138
8.380000e+01	125	118	139	8.390000e+01	113	120	137	84	113	113	147
8.410000e+01	126	121	138	8.420000e+01	113	123	133	8.430000e+01	113	113	143
8.440000e+01	131	119	130	8.450000e+01	113	119	131	8.460000e+01	113	113	138
8.470000e+01	134	116	134	8.480000e+01	113	121	136	8.490000e+01	113	113	137
85	129	117	123	8.510000e+01	113	121	132	8.520000e+01	113	113	146
8.530000e+01	131	118	138	8.540000e+01	113	120	131	8.550000e+01	113	113	144
8.560000e+01	125	118	137	8.570000e+01	113	121	130	8.580000e+01	113	113	142
8.590000e+01	124	117	129	86	113	124	151	8.610000e+01	113	113	139
8.620000e+01	125	117	133	8.630000e+01	113	119	135	8.640000e+01	113	113	139
8.650000e+01	126	113	130	8.660000e+01	113	124	126	8.670000e+01	113	113	138
8.680000e+01	127	118	136	8.690000e+01	113	120	134	87	113	113	138
8.710000e+01	132	116	129	8.720000e+01	113	124	142	8.730000e+01	113	113	151
8.740000e+01	129	116	131	8.750000e+01	113	120	129	8.760000e+01	113	113	140
8.770000e+01	128	118	138	8.780000e+01	113	121	142	8.790000e+01	113	113	158
88	130	114	139	8.810000e+01	113	130	137	8.820000e+01	113	113	144
8.830000e+01	127	117	133	8.840000e+01	113	122	142	8.850000e+01	113	113	133
8.860000e+01	127	117	138	8.870000e+01	113	117	141	8.880000e+01	113	113	134
8.890000e+01	122	120	138	89	113	121	137	8.910000e+01	113	113	148
8.920000e+01	127	121	137	8.930000e+01	113	120	131	8.940000e+01	113	113	147
8.950000e+01	129	115	133	8.960000e+01	113	123	141	8.970000e+01	113	113	146
8.980000e+01	124	117	129	8.990000e+01	113	124	132	90	113	113	147
9.010000e+01	137	119	131	9.020000e+01	113	121	136	9.030000e+01	113	113	137
9.040000e+01	126	118	142	9.050000e+01	113	123	146	9.060000e+01	113	113	146
9.070000e+01	136	115	132	9.080000e+01	113	123	139	9.090000e+01	113	113	145
91	133	114	135	9.110000e+01	113	125	139	9.120000e+01	113	113	141
9.130000e+01	139	115	135	9.140000e+01	113	124	131	9.150000e+01	113	113	144
9.160000e+01	136	113	137	9.170000e+01	113	121	137	9.180000e+01	113	113	136
9.190000e+01	132	114	132	92	113	120	142	9.210000e+01	113	113	146
9.220000e+01	143	113	130	9.230000e+01	113	125	138	9.240000e+01	113	113	139
9.250000e+01	130	113	133	9.260000e+01	113	125	140	9.270000e+01	113	113	148
9.280000e+01	140	113	127	9.290000e+01	113	117	139	93	113	113	141
9.310000e+01	132	115	129	9.320000e+01	113	123	149	9.330000e+01	113	113	151
9.340000e+01	139	114	129	9.350000e+01	113	121	132	9.360000e+01	113	113	140
9.370000e+01	130	113	139	9.380000e+01	113	128	148	9.390000e+01	113	113	139
94	138	113	129	9.410000e+01	113	125	143	9.420000e+01	113	113	138
9.430000e+01	133	114	132	9.440000e+01	113	118	130	9.450000e+01	113	113	144
9.460000e+01	143	113	127	9.470000e+01	113	119	138	9.480000e+01	113	113	144
9.490000e+01	142	114	138	95	113	122	140	9.510000e+01	113	113	148
9.520000e+01	131	113	135	9.530000e+01	113	123	138	9.540000e+01	113	113	138
9.550000e+01	136	114	136	9.560000e+01	113	125	136	9.570000e+01	113	113	139
9.580000e+01	131	113	128	9.590000e+01	113	123	124	96	113	113	147
9.610000e+01	127	113	126	9.620000e+01	113	122	136	9.630000e+01	113	113	158
9.640000e+01	148	113	137	9.650000e+01	113	124	132	9.660000e+01	113	113	136
9.670000e+01	146	113	133	9.680000e+01	113	121	139	9.690000e+01	113	113	149
97	143	115	140	9.710000e+01	113	123	133	9.720000e+01	113	113	136
9.730000e+01	131	113	128	9.740000e+01	113	130	140	9.750000e+01	113	113	135
9.760000e+01	147	114	134	9.770000e+01	113	121	144	9.780000e+01	113	113	141
9.790000e+01	132	113	139	98	113	123	138	9.810000e+01	113	113	136
9.820000e+01	147	113	131	9.830000e+01	113	121	144	9.840000e+01	113	113	145
9.850000e+01	141	113	138	9.860000e+01	113	123	133	9.870000e+01	113	113	138
9.880000e+01	134	113	134	9.890000e+01	113	123	139	99	113	113	149
9.910000e+01	136	115	132	9.920000e+01	113	119	148	9.930000e+01	113	113	150
9.940000e+01	147	114	125	9.950000e+01	113	131	141	9.960000e+01	113	113	154
9.970000e+01	140	114	133	9.980000e+01	113	124	135	9.990000e+01	113	113	151
100	143	114	132	1.001000e+02	113	129	130	1.002000e+02	113	113	135
1.003000e+02	139	113	131	1.004000e+02	113	120	140	1.005000e+02	113	113	141
1.006000e+02	144	115	127	1.007000e+02	113	119	142	1.008000e+02	113	113	141
1.009000e+02	141	114	130	101	113	124	144	1.011000e+02	113	113	133
1.012000e+02	131	114	134	1.013000e+02	113	116	135	1.014000e+02	113	113	146
1.015000e+02	143	113	133	1.016000e+02	113	123	133	1.017000e+02	113	113	145
1.018000e+02	134	114	137	1.019000e+02	113	116	130	102	113	113	145
1.021000e+02	131	114	135	1.022000e+02	113	122	130	1.023000e+02	113	113	133
1.024000e+02	131	113	138	1.025000e+02	113	122	130	1.026000e+02	113	113	138
1.027000e+02	133	113	125	1.028000e+02	113	123	139	1.029000e+02	113	113	144
103	141	113	133	1.031000e+02	113	125	130	1.032000e+02	113	113	139
1.033000e+02	143	113	134	1.034000e+02	113	120	139	1.035000e+02	113	113	156
1.036000e+02	136	113	121	1.037000e+02	113	116	132	1.038000e+02	113	113	134
1.039000e+02	135	114	133	104	113	122	140	1.041000e+02	113	113	142
1.042000e+02	139	113	134	1.043000e+02	113	119	129	1.044000e+02	113	113	144
1.045000e+02	125	114	142	1.046000e+02	113	126	134	1.047000e+02	113	113	137
1.048000e+02	143	113	131	1.049000e+02	113	124	143	105	113	113	147
1.051000e+02	149	115	141	1.052000e+02	113	126	136	1.053000e+02	113	113	139
1.054000e+02	132	114	133	1.055000e+02	113	120	136	1.056000e+02	113	113	139
1.057000e+02	132	114	130	1.058000e+02	113	120	136	1.059000e+02	113	113	152
106	142	113	127	1.061000e+02	113	119	141	1.062000e+02	113	113	134
1.063000e+02	142	114	140	1.064000e+02	113	121	134	1.065000e+02	113	113	150
1.066000e+02	128	113	137	1.067000e+02	113	119	136	1.068000e+02	113	113	132
1.069000e+02	141	113	132	107	113	121	139	1.071000e+02	113	113	153
1.072000e+02	142	114	131	1.073000e+02	113	124	136	1.074000e+02	113	113	148
1.075000e+02	136	114	128	1.076000e+02	113	120	122	1.077000e+02	113	113	141
1.078000e+02	145	113	133	1.079000e+02	113	118	142	108	113	113	147
1.081000e+02	145	113	133	1.082000e+02	113	119	141	1.083000e+02	113	113	137
1.084000e+02	140	113	131	1.085000e+02	113	123	128	1.086000e+02	113	113	145
1.087000e+02	124	114	134	1.088000e+02	113	120	140	1.089000e+02	113	113	146
109	137	114	130	1.091000e+02	113	123	139	1.092000e+02	113	113	149
1.093000e+02	135	113	126	1.094000e+02	113	122	145	1.095000e+02	113	113	142
1.096000e+02	134	113	130	1.097000e+02	113	122	137	1.098000e+02	113	113	142
1.099000e+02	134	113	134	110	113	118	136	1.101000e+02	113	113	146
1.102000e+02	145	114	130	1.103000e+02	113	122	139	1.104000e+02	113	113	153
1.105000e+02	144	113	136	1.106000e+02	113	116	136	1.107000e+02	113	113	135
1.108000e+02	140	115	125	1.109000e+02	113	121	144	111	113	113	139
1.111000e+02	134	114	135	1.112000e+02	113	124	139	1.113000e+02	113	113	142
1.114000e+02	134	114	135	1.115000e+02	113	118	138	1.116000e+02	113	113	139
1.117000e+02	133	113	136	1.118000e+02	113	122	130	1.119000e+02	113	113	143
112	137	113	133	1.121000e+02	113	125	137	1.122000e+02	113	113	137
1.123000e+02	148	113	132	1.124000e+02	113	126	141	1.125000e+02	113	113	138
1.126000e+02	132	113	134	1.127000e+02	113	121	141	1.128000e+02	113	113	143
1.129000e+02	139	114	129	113	113	120	142	1.131000e+02	113	113	138
1.132000e+02	139	114	130	1.133000e+02	113	120	139	1.134000e+02	113	113	139
1.135000e+02	139	113	129	1.136000e+02	113	127	132	1.137000e+02	113	113	147
1.138000e+02	135	114	131	1.139000e+02	113	129	137	114	113	113	157
1.141000e+02	176	113	126	1.142000e+02	113	118	125	1.143000e+02	113	113	152
1.144000e+02	169	114	119	1.145000e+02	113	118	143	1.146000e+02	113	113	141
1.147000e+02	158	114	121	1.148000e+02	113	129	141	1.149000e+02	113	113	136
115	156	115	117	1.151000e+02	113	119	136	1.152000e+02	113	113	139
1.153000e+02	138	113	126	1.154000e+02	113	124	144	1.155000e+02	113	113	139
1.156000e+02	158	113	119	1.157000e+02	113	120	133	1.158000e+02	113	113	152
1.159000e+02	154	114	122	116	113	119	135	1.161000e+02	113	113	149
1.162000e+02	155	114	119	1.163000e+02	113	124	141	1.164000e+02	113	113	146
1.165000e+02	160	114	125	1.166000e+02	113	119	133	1.167000e+02	113	113	144
1.168000e+02	150	116	119	1.169000e+02	113	128	135	117	113	113	141
1.171000e+02	163	113	117	1.172000e+02	113	125	133	1.173000e+02	113	113	134
1.174000e+02	150	113	118	1.175000e+02	113	121	129	1.176000e+02	113	113	133
1.177000e+02	157	115	120	1.178000e+02	113	118	140	1.179000e+02	113	113	138
118	152	114	121	1.181000e+02	113	117	134	1.182000e+02	113	113	143
1.183000e+02	159	113	117	1.184000e+02	113	122	133	1.185000e+02	113	113	138
1.186000e+02	147	114	124	1.187000e+02	113	125	137	1.188000e+02	113	113	146
1.189000e+02	149	113	120	119	113	120	127	1.191000e+02	113	113	134
1.192000e+02	150	113	120	1.193000e+02	113	122	140	1.194000e+02	113	113	145
1.195000e+02	155	113	123	1.196000e+02	113	121	136	1.197000e+02	113	113	147
1.198000e+02	156	114	120	1.199000e+02	113	127	136	120	113	113	136
1.201000e+02	145	115	132	1.202000e+02	113	119	141	1.203000e+02	113	113	147
1.204000e+02	137	113	134	1.205000e+02	113	124	139	1.206000e+02	113	113	145
1.207000e+02	140	113	134	1.208000e+02	113	120	125	1.209000e+02	113	113	140
121	130	113	137	1.211000e+02	113	118	132	1.212000e+02	113	113	144
1.213000e+02	143	113	137	1.214000e+02	113	119	137	1.215000e+02	113	113	140
1.216000e+02	141	113	131	1.217000e+02	113	122	136	1.218000e+02	113	113	150
1.219000e+02	141	114	131	122	113	122	129	1.221000e+02	113	113	141
1.222000e+02	141	113	129	1.223000e+02	113	122	139	1.224000e+02	113	113	138
1.225000e+02	138	114	137	1.226000e+02	113	121	136	1.227000e+02	113	113	137
1.228000e+02	139	115	133	1.229000e+02	113	122	134	123	113	113	146
1.231000e+02	133	113	132	1.232000e+02	113	120	136	1.233000e+02	113	113	149
1.234000e+02	139	115	141	1.235000e+02	113	119	129	1.236000e+02	113	113	145
1.237000e+02	136	114	134	1.238000e+02	113	123	141	1.239000e+02	113	113	143
124	133	113	137	1.241000e+02	113	120	141	1.242000e+02	113	113	134
1.243000e+02	140	113	130	1.244000e+02	113	122	135	1.245000e+02	113	113	151
1.246000e+02	148	113	142	1.247000e+02	113	128	131	1.248000e+02	113	113	134
1.249000e+02	133	113	129	125	113	126	138	1.251000e+02	113	113	140
1.252000e+02	136	113	133	1.253000e+02	113	120	139	1.254000e+02	113	113	142
1.255000e+02	136	113	131	1.256000e+02	113	121	133	1.257000e+02	113	113	157
1.258000e+02	144	113	125	1.259000e+02	113	128	136	126	113	113	150
1.261000e+02	139	114	129	1.262000e+02	113	121	138	1.263000e+02	113	113	151
1.264000e+02	140	113	136	1.265000e+02	113	119	142	1.266000e+02	113	113	152
1.267000e+02	138	113	132	1.268000e+02	113	122	129	1.269000e+02	113	113	141
127	137	115	131	1.271000e+02	113	121	135	1.272000e+02	113	113	150
1.273000e+02	135	113	132	1.274000e+02	113	123	133	1.275000e+02	113	113	151
1.276000e+02	137	113	133	1.277000e+02	113	119	137	1.278000e+02	113	113	145
1.279000e+02	135	113	132	128	113	119	129	1.281000e+02	113	113	142
1.282000e+02	140	114	125	1.283000e+02	113	126	138	1.284000e+02	113	113	134
1.285000e+02	137	113	128	1.286000e+02	113	124	129	1.287000e+02	113	113	143
1.288000e+02	140	116	136	1.289000e+02	113	120	133	129	113	113	140
1.291000e+02	142	113	127	1.292000e+02	113	117	135	1.293000e+02	113	113	143
1.294000e+02	142	114	130	1.295000e+02	113	124	140	1.296000e+02	113	113	132
1.297000e+02	141	114	135	1.298000e+02	113	121	124	1.299000e+02	113	113	150
130	141	114	129	1.301000e+02	113	121	133	1.302000e+02	113	113	148
1.303000e+02	133	113	132	1.304000e+02	113	121	150	1.305000e+02	113	113	140
1.306000e+02	145	113	125	1.307000e+02	113	119	130	1.308000e+02	113	113	144
1.309000e+02	136	116	135	131	113	123	130	1.311000e+02	113	113	138
1.312000e+02	137	113	127	1.313000e+02	113	118	132	1.314000e+02	113	113	157
1.315000e+02	141	113	140	1.316000e+02	113	119	133	1.317000e+02	113	113	149
1.318000e+02	128	116	135	1.319000e+02	113	120	139	132	113	113	153
1.321000e+02	131	118	135	1.322000e+02	113	125	135	1.323000e+02	113	113	148
1.324000e+02	121	119	136	1.325000e+02	113	125	130	1.326000e+02	113	113	135
1.327000e+02	124	114	133	1.328000e+02	113	120	138	1.329000e+02	113	113	146
133	134	116	138	1.331000e+02	113	124	139	1.332000e+02	113	113	136
1.333000e+02	122	117	138	1.334000e+02	113	122	134	1.335000e+02	113	113	143
1.336000e+02	127	118	135	1.337000e+02	113	115	137	1.338000e+02	113	113	141
1.339000e+02	130	115	136	134	113	121	139	1.341000e+02	113	113	144
1.342000e+02	128	118	139	1.343000e+02	113	123	146	1.344000e+02	113	113	136
1.345000e+02	130	117	137	1.346000e+02	113	118	130	1.347000e+02	113	113	144
1.348000e+02	125	118	135	1.349000e+02	113	122	135	135	113	113	140
1.351000e+02	121	118	139	1.352000e+02	113	119	130	1.353000e+02	113	113	151
1.354000e+02	123	116	137	1.355000e+02	113	128	142	1.356000e+02	113	113	145
1.357000e+02	120	122	131	1.358000e+02	113	125	126	1.359000e+02	113	113	145
136	130	116	136	1.361000e+02	113	121	131	1.362000e+02	113	113	146
1.363000e+02	131	119	127	1.364000e+02	113	126	126	1.365000e+02	113	113	146
1.366000e+02	131	118	135	1.367000e+02	113	125	131	1.368000e+02	113	113	133
1.369000e+02	125	119	133	137	113	126	134	1.371000e+02	113	113	139
1.372000e+02	126	118	129	1.373000e+02	113	123	134	1.374000e+02	113	113	142
1.375000e+02	127	118	139	1.376000e+02	113	125	135	1.377000e+02	113	113	141
1.378000e+02	131	120	126	1.379000e+02	113	118	133	138	113	113	143
1.381000e+02	133	122	138	1.382000e+02	113	126	142	1.383000e+02	113	113	139
1.384000e+02	127	119	133	1.385000e+02	113	126	130	1.386000e+02	113	113	145
1.387000e+02	125	123	136	1.388000e+02	113	126	138	1.389000e+02	113	113	153
139	128	122	131	1.391000e+02	113	120	127	1.392000e+02	113	113	147
1.393000e+02	123	122	130	1.394000e+02	113	127	127	1.395000e+02	113	113	148
1.396000e+02	128	119	137	1.397000e+02	113	124	133	1.398000e+02	113	113	131
1.399000e+02	124	117	138	140	113	122	131	1.401000e+02	113	113	135
1.402000e+02	130	121	127	1.403000e+02	113	125	132	1.404000e+02	113	113	152
1.405000e+02	127	121	130	1.406000e+02	113	123	130	1.407000e+02	113	113	150
1.408000e+02	124	121	135	1.409000e+02	113	125	139	141	113	113	134
1.411000e+02	124	120	136	1.412000e+02	113	124	134	1.413000e+02	113	113	144
1.414000e+02	133	122	134	1.415000e+02	113	129	127	1.416000e+02	113	113	141
1.417000e+02	132	119	134	1.418000e+02	113	122	135	1.419000e+02	113	113	137
142	130	116	131	1.421000e+02	113	119	131	1.422000e+02	113	113	136
1.423000e+02	128	117	137	1.424000e+02	113	124	125	1.425000e+02	113	113	144
1.426000e+02	124	117	140	1.427000e+02	113	129	129	1.428000e+02	113	113	151
1.429000e+02	129	116	136	143	113	131	130	1.431000e+02	113	113	139
1.432000e+02	126	116	131	1.433000e+02	113	127	131	1.434000e+02	113	113	147
1.435000e+02	129	120	128	1.436000e+02	113	127	128	1.437000e+02	113	113	144
1.438000e+02	121	126	136	1.439000e+02	113	126	130	144	113	113	143
1.441000e+02	133	119	139	1.442000e+02	113	126	127	1.443000e+02	113	113	135
1.444000e+02	123	124	133	1.445000e+02	113	120	129	1.446000e+02	113	113	137
1.447000e+02	123	119	125	1.448000e+02	113	124	130	1.449000e+02	113	113	143
145	131	116	130	1.451000e+02	113	127	131	1.452000e+02	113	113	146
1.453000e+02	124	118	135	1.454000e+02	113	125	132	1.455000e+02	113	113	152
1.456000e+02	121	116	129	1.457000e+02	113	125	126	1.458000e+02	113	113	144
1.459000e+02	131	117	137	146	113	126	133	1.461000e+02	113	113	130
1.462000e+02	124	121	132	1.463000e+02	113	125	134	1.464000e+02	113	113	138
1.465000e+02	130	121	133	1.466000e+02	113	126	132	1.467000e+02	113	113	138
1.468000e+02	129	117	141	1.469000e+02	113	123	142	147	113	113	141
1.471000e+02	133	121	132	1.472000e+02	113	128	147	1.473000e+02	113	113	143
1.474000e+02	128	118	137	1.475000e+02	113	126	134	1.476000e+02	113	113	150
1.477000e+02	125	117	129	1.478000e+02	113	129	140	1.479000e+02	113	113	152
148	124	123	138	1.481000e+02	113	120	134	1.482000e+02	113	113	143
1.483000e+02	129	121	132	1.484000e+02	113	123	135	1.485000e+02	113	113	145
1.486000e+02	129	115	138	1.487000e+02	113	122	130	1.488000e+02	113	113	139
1.489000e+02	126	119	140	149	113	129	138	1.491000e+02	113	113	142
1.492000e+02	133	117	137	1.493000e+02	113	118	134	1.494000e+02	113	113	146
1.495000e+02	127	122	133	1.496000e+02	113	125	125	1.497000e+02	113	113	147
1.498000e+02	129	119	133	1.499000e+02	113	124	132	150	113	113	152
