coordinates:	43.9,143.0	128.9,143.0	213.9,143.0
timeat184nm	I_1at184nm	I_2at184nm	I_3at184nm
1.000000e-01	121	116	144
2.000000e-01	113	120	133
3.000000e-01	113	113	138
4.000000e-01	125	113	133
5.000000e-01	113	122	125
6.000000e-01	113	113	140
7.000000e-01	118	115	133
8.000000e-01	113	115	136
9.000000e-01	113	113	150
1	123	115	140
1.100000e+00	113	120	133
1.200000e+00	113	113	141
1.300000e+00	123	116	143
1.400000e+00	113	120	142
1.500000e+00	113	113	140
1.600000e+00	125	113	136
1.700000e+00	113	123	143
1.800000e+00	113	113	138
1.900000e+00	119	117	145
2	113	117	135
2.100000e+00	113	113	149
2.200000e+00	120	121	138
2.300000e+00	113	122	134
2.400000e+00	113	113	146
2.500000e+00	118	116	139
2.600000e+00	113	122	130
2.700000e+00	113	113	140
2.800000e+00	120	117	132
2.900000e+00	113	117	145
3	113	113	147
3.100000e+00	119	115	129
3.200000e+00	113	120	140
3.300000e+00	113	113	137
3.400000e+00	123	114	146
3.500000e+00	113	122	134
3.600000e+00	113	113	141
3.700000e+00	124	120	134
3.800000e+00	113	118	134
3.900000e+00	113	113	139
4	123	114	136
4.100000e+00	113	124	142
4.200000e+00	113	113	137
4.300000e+00	125	114	139
4.400000e+00	113	121	131
4.500000e+00	113	113	136
4.600000e+00	119	119	136
4.700000e+00	113	120	136
4.800000e+00	113	113	155
4.900000e+00	119	115	138
5	113	121	138
5.100000e+00	113	113	147
5.200000e+00	124	114	136
5.300000e+00	113	123	125
5.400000e+00	113	113	142
5.500000e+00	116	114	135
5.600000e+00	113	118	133
5.700000e+00	113	113	145
5.800000e+00	122	114	146
5.900000e+00	113	120	130
6	113	113	141
6.100000e+00	123	114	136
6.200000e+00	113	122	139
6.300000e+00	113	113	133
6.400000e+00	122	115	138
6.500000e+00	113	120	142
6.600000e+00	113	113	142
6.700000e+00	120	115	145
6.800000e+00	113	119	134
6.900000e+00	113	113	145
7	116	118	148
7.100000e+00	113	119	138
7.200000e+00	113	113	145
7.300000e+00	115	116	145
7.400000e+00	113	121	132
7.500000e+00	113	113	128
7.600000e+00	115	114	142
7.700000e+00	113	118	141
7.800000e+00	113	113	144
7.900000e+00	119	117	136
8	113	123	140
8.100000e+00	113	113	143
8.200000e+00	122	118	138
8.300000e+00	113	124	130
8.400000e+00	113	113	141
8.500000e+00	123	116	134
8.600000e+00	113	126	131
8.700000e+00	113	113	135
8.800000e+00	120	116	137
8.900000e+00	113	117	131
9	113	113	149
9.100000e+00	120	116	141
9.200000e+00	113	120	138
9.300000e+00	113	113	146
9.400000e+00	120	114	140
9.500000e+00	113	119	137
9.600000e+00	113	113	149
9.700000e+00	125	118	138
9.800000e+00	113	118	132
9.900000e+00	113	113	152
10	119	115	142
1.010000e+01	113	122	133
1.020000e+01	113	113	139
1.030000e+01	123	116	146
1.040000e+01	113	115	136
1.050000e+01	113	113	141
1.060000e+01	130	115	129
1.070000e+01	113	114	144
1.080000e+01	113	113	135
1.090000e+01	119	114	138
11	113	120	135
1.110000e+01	113	113	147
1.120000e+01	118	117	136
1.130000e+01	113	122	137
1.140000e+01	113	113	131
1.150000e+01	123	113	136
1.160000e+01	113	119	137
1.170000e+01	113	113	139
1.180000e+01	121	116	134
1.190000e+01	113	119	131
12	113	113	148
1.210000e+01	120	116	143
1.220000e+01	113	122	143
1.230000e+01	113	113	142
1.240000e+01	127	118	139
1.250000e+01	113	126	138
1.260000e+01	113	113	135
1.270000e+01	120	115	143
1.280000e+01	113	128	134
1.290000e+01	113	113	145
13	123	115	137
1.310000e+01	113	120	133
1.320000e+01	113	113	151
1.330000e+01	121	120	134
1.340000e+01	113	118	130
1.350000e+01	113	113	137
1.360000e+01	120	116	150
1.370000e+01	113	124	141
1.380000e+01	113	113	142
1.390000e+01	119	117	134
14	113	116	141
1.410000e+01	113	113	138
1.420000e+01	124	114	137
1.430000e+01	113	120	130
1.440000e+01	113	113	135
1.450000e+01	121	115	137
1.460000e+01	113	117	132
1.470000e+01	113	113	137
1.480000e+01	121	114	138
1.490000e+01	113	125	139
15	113	113	144
1.510000e+01	121	118	130
1.520000e+01	113	118	135
1.530000e+01	113	113	137
1.540000e+01	118	116	140
1.550000e+01	113	125	136
1.560000e+01	113	113	137
1.570000e+01	121	113	140
1.580000e+01	113	123	134
1.590000e+01	113	113	147
16	120	119	141
1.610000e+01	113	124	142
1.620000e+01	113	113	147
1.630000e+01	121	114	135
1.640000e+01	113	120	139
1.650000e+01	113	113	142
1.660000e+01	120	114	138
1.670000e+01	113	120	135
1.680000e+01	113	113	134
1.690000e+01	123	114	141
17	113	117	136
1.710000e+01	113	113	149
1.720000e+01	121	116	127
1.730000e+01	113	115	128
1.740000e+01	113	113	139
1.750000e+01	123	115	143
1.760000e+01	113	120	140
1.770000e+01	113	113	151
1.780000e+01	123	117	131
1.790000e+01	113	120	130
18	113	113	141
1.810000e+01	113	116	132
1.820000e+01	113	122	132
1.830000e+01	113	113	136
1.840000e+01	118	117	133
1.850000e+01	113	122	139
1.860000e+01	113	113	137
1.870000e+01	122	116	140
1.880000e+01	113	121	132
1.890000e+01	113	113	136
19	120	115	140
1.910000e+01	113	119	145
1.920000e+01	113	113	141
1.930000e+01	120	118	147
1.940000e+01	113	119	131
1.950000e+01	113	113	144
1.960000e+01	121	119	135
1.970000e+01	113	120	138
1.980000e+01	113	113	147
1.990000e+01	125	117	134
20	113	124	140
2.010000e+01	113	113	145
2.020000e+01	118	114	134
2.030000e+01	113	123	127
2.040000e+01	113	113	154
2.050000e+01	124	116	137
2.060000e+01	113	119	133
2.070000e+01	113	113	152
2.080000e+01	124	116	133
2.090000e+01	113	120	138
21	113	113	143
2.110000e+01	118	114	145
2.120000e+01	113	123	137
2.130000e+01	113	113	134
2.140000e+01	128	117	141
2.150000e+01	113	123	140
2.160000e+01	113	113	148
2.170000e+01	118	115	141
2.180000e+01	113	118	134
2.190000e+01	113	113	139
22	122	114	139
2.210000e+01	113	125	137
2.220000e+01	113	113	149
2.230000e+01	114	116	133
2.240000e+01	113	124	136
2.250000e+01	113	113	140
2.260000e+01	123	115	143
2.270000e+01	113	126	133
2.280000e+01	113	113	137
2.290000e+01	119	115	131
23	113	117	154
2.310000e+01	113	113	140
2.320000e+01	126	116	140
2.330000e+01	113	118	136
2.340000e+01	113	113	128
2.350000e+01	119	114	133
2.360000e+01	113	124	144
2.370000e+01	113	113	146
2.380000e+01	122	116	146
2.390000e+01	113	123	139
24	113	113	146
2.410000e+01	124	114	140
2.420000e+01	113	120	138
2.430000e+01	113	113	140
2.440000e+01	124	116	137
2.450000e+01	113	117	132
2.460000e+01	113	113	135
2.470000e+01	119	116	140
2.480000e+01	113	118	134
2.490000e+01	113	113	141
25	121	115	131
2.510000e+01	113	121	134
2.520000e+01	113	113	151
2.530000e+01	118	117	146
2.540000e+01	113	120	130
2.550000e+01	113	113	147
2.560000e+01	127	115	139
2.570000e+01	113	118	135
2.580000e+01	113	113	153
2.590000e+01	117	117	134
26	113	119	142
2.610000e+01	113	113	148
2.620000e+01	123	117	142
2.630000e+01	113	120	136
2.640000e+01	113	113	142
2.650000e+01	118	115	141
2.660000e+01	113	119	138
2.670000e+01	113	113	144
2.680000e+01	122	115	131
2.690000e+01	113	118	145
27	113	113	139
2.710000e+01	120	114	140
2.720000e+01	113	119	138
2.730000e+01	113	113	153
2.740000e+01	124	120	139
2.750000e+01	113	118	136
2.760000e+01	113	113	150
2.770000e+01	123	116	140
2.780000e+01	113	121	139
2.790000e+01	113	113	138
28	119	115	139
2.810000e+01	113	123	136
2.820000e+01	113	113	148
2.830000e+01	119	115	135
2.840000e+01	113	116	141
2.850000e+01	113	113	147
2.860000e+01	126	115	147
2.870000e+01	113	120	132
2.880000e+01	113	113	139
2.890000e+01	123	118	135
29	113	122	136
2.910000e+01	113	113	143
2.920000e+01	120	116	133
2.930000e+01	113	122	143
2.940000e+01	113	113	138
2.950000e+01	124	114	136
2.960000e+01	113	120	131
2.970000e+01	113	113	140
2.980000e+01	120	114	132
2.990000e+01	113	118	131
30	113	113	133
3.010000e+01	124	114	145
3.020000e+01	113	126	135
3.030000e+01	113	113	153
3.040000e+01	121	114	135
3.050000e+01	113	122	137
3.060000e+01	113	113	151
3.070000e+01	126	117	142
3.080000e+01	113	123	130
3.090000e+01	113	113	154
31	127	116	135
3.110000e+01	113	118	134
3.120000e+01	113	113	151
3.130000e+01	124	117	133
3.140000e+01	113	119	135
3.150000e+01	113	113	142
3.160000e+01	124	113	142
3.170000e+01	113	120	133
3.180000e+01	113	113	140
3.190000e+01	120	113	141
32	113	123	133
3.210000e+01	113	113	147
3.220000e+01	130	115	135
3.230000e+01	113	117	136
3.240000e+01	113	113	140
3.250000e+01	125	117	126
3.260000e+01	113	121	139
3.270000e+01	113	113	142
3.280000e+01	129	114	130
3.290000e+01	113	124	142
33	113	113	145
3.310000e+01	116	116	144
3.320000e+01	113	120	129
3.330000e+01	113	113	147
3.340000e+01	122	114	137
3.350000e+01	113	118	134
3.360000e+01	113	113	143
3.370000e+01	121	113	138
3.380000e+01	113	121	137
3.390000e+01	113	113	146
34	119	117	151
3.410000e+01	113	121	131
3.420000e+01	113	113	151
3.430000e+01	119	115	145
3.440000e+01	113	124	137
3.450000e+01	113	113	137
3.460000e+01	118	114	137
3.470000e+01	113	121	135
3.480000e+01	113	113	150
3.490000e+01	121	116	146
35	113	119	136
3.510000e+01	113	113	148
3.520000e+01	119	115	131
3.530000e+01	113	121	139
3.540000e+01	113	113	140
3.550000e+01	120	117	137
3.560000e+01	113	122	142
3.570000e+01	113	113	138
3.580000e+01	121	113	143
3.590000e+01	113	120	140
36	113	113	146
3.610000e+01	121	116	143
3.620000e+01	113	118	132
3.630000e+01	113	113	157
3.640000e+01	117	118	132
3.650000e+01	113	118	133
3.660000e+01	113	113	144
3.670000e+01	119	117	131
3.680000e+01	113	121	134
3.690000e+01	113	113	141
37	124	116	139
3.710000e+01	113	119	138
3.720000e+01	113	113	134
3.730000e+01	122	113	148
3.740000e+01	113	118	128
3.750000e+01	113	113	146
3.760000e+01	127	117	138
3.770000e+01	113	127	132
3.780000e+01	113	113	143
3.790000e+01	122	119	141
38	113	119	128
3.810000e+01	113	113	150
3.820000e+01	121	114	133
3.830000e+01	113	119	133
3.840000e+01	113	113	139
3.850000e+01	120	117	142
3.860000e+01	113	121	129
3.870000e+01	113	113	135
3.880000e+01	118	116	137
3.890000e+01	113	125	138
39	113	113	151
3.910000e+01	123	121	139
3.920000e+01	113	119	137
3.930000e+01	113	113	149
3.940000e+01	119	117	138
3.950000e+01	113	122	131
3.960000e+01	113	113	143
3.970000e+01	118	116	137
3.980000e+01	113	121	139
3.990000e+01	113	113	143
40	120	114	135
4.010000e+01	113	124	130
4.020000e+01	113	113	135
4.030000e+01	120	114	145
4.040000e+01	113	118	129
4.050000e+01	113	113	143
4.060000e+01	125	117	144
4.070000e+01	113	122	135
4.080000e+01	113	113	135
4.090000e+01	120	116	130
41	113	117	135
4.110000e+01	113	113	149
4.120000e+01	117	117	147
4.130000e+01	113	122	141
4.140000e+01	113	113	138
4.150000e+01	117	117	130
4.160000e+01	113	122	141
4.170000e+01	113	113	149
4.180000e+01	124	115	131
4.190000e+01	113	119	133
42	113	113	147
4.210000e+01	121	114	140
4.220000e+01	113	114	140
4.230000e+01	113	113	147
4.240000e+01	122	116	146
4.250000e+01	113	122	135
4.260000e+01	113	113	147
4.270000e+01	120	116	149
4.280000e+01	113	121	128
4.290000e+01	113	113	142
43	119	116	140
4.310000e+01	113	119	136
4.320000e+01	113	113	153
4.330000e+01	122	115	134
4.340000e+01	113	118	135
4.350000e+01	113	113	142
4.360000e+01	122	117	136
4.370000e+01	113	119	132
4.380000e+01	113	113	147
4.390000e+01	120	115	131
44	113	118	138
4.410000e+01	113	113	131
4.420000e+01	125	115	141
4.430000e+01	113	121	133
4.440000e+01	113	113	148
4.450000e+01	120	116	145
4.460000e+01	113	115	130
4.470000e+01	113	113	145
4.480000e+01	126	115	137
4.490000e+01	113	114	146
45	113	113	142
4.510000e+01	124	117	140
4.520000e+01	113	124	137
4.530000e+01	113	113	138
4.540000e+01	126	118	140
4.550000e+01	113	117	132
4.560000e+01	113	113	144
4.570000e+01	118	117	143
4.580000e+01	113	119	133
4.590000e+01	113	113	141
46	118	116	137
4.610000e+01	113	119	139
4.620000e+01	113	113	146
4.630000e+01	125	116	140
4.640000e+01	113	119	130
4.650000e+01	113	113	140
4.660000e+01	121	115	142
4.670000e+01	113	117	135
4.680000e+01	113	113	145
4.690000e+01	116	118	135
47	113	121	143
4.710000e+01	113	113	145
4.720000e+01	129	114	142
4.730000e+01	113	120	132
4.740000e+01	113	113	141
4.750000e+01	117	113	136
4.760000e+01	113	117	132
4.770000e+01	113	113	146
4.780000e+01	122	117	135
4.790000e+01	113	130	137
48	113	113	151
4.810000e+01	122	116	130
4.820000e+01	113	116	138
4.830000e+01	113	113	145
4.840000e+01	121	117	134
4.850000e+01	113	124	146
4.860000e+01	113	113	142
4.870000e+01	117	118	143
4.880000e+01	113	122	132
4.890000e+01	113	113	147
49	124	115	132
4.910000e+01	113	118	141
4.920000e+01	113	113	132
4.930000e+01	122	116	137
4.940000e+01	113	120	136
4.950000e+01	113	113	143
4.960000e+01	120	119	140
4.970000e+01	113	117	130
4.980000e+01	113	113	147
4.990000e+01	131	114	134
50	113	121	137
5.010000e+01	113	113	143
5.020000e+01	120	114	146
5.030000e+01	113	122	131
5.040000e+01	113	113	148
5.050000e+01	117	116	140
5.060000e+01	113	116	136
5.070000e+01	113	113	142
5.080000e+01	129	116	134
5.090000e+01	113	124	141
51	113	113	136
5.110000e+01	123	115	135
5.120000e+01	113	118	135
5.130000e+01	113	113	136
5.140000e+01	117	115	146
5.150000e+01	113	119	139
5.160000e+01	113	113	137
5.170000e+01	130	117	129
5.180000e+01	113	115	136
5.190000e+01	113	113	137
52	129	122	129
5.210000e+01	113	116	146
5.220000e+01	113	113	146
5.230000e+01	129	120	127
5.240000e+01	113	121	128
5.250000e+01	113	113	135
5.260000e+01	132	118	135
5.270000e+01	113	119	136
5.280000e+01	113	113	150
5.290000e+01	127	116	123
53	113	120	132
5.310000e+01	113	113	147
5.320000e+01	135	116	124
5.330000e+01	113	119	141
5.340000e+01	113	113	145
5.350000e+01	127	119	132
5.360000e+01	113	118	131
5.370000e+01	113	113	137
5.380000e+01	126	116	143
5.390000e+01	113	117	139
54	113	113	136
5.410000e+01	129	118	130
5.420000e+01	113	123	130
5.430000e+01	113	113	145
5.440000e+01	135	116	127
5.450000e+01	113	121	130
5.460000e+01	113	113	146
5.470000e+01	133	117	129
5.480000e+01	113	115	132
5.490000e+01	113	113	147
55	137	123	130
5.510000e+01	113	116	127
5.520000e+01	113	113	138
5.530000e+01	127	119	131
5.540000e+01	113	121	131
5.550000e+01	113	113	141
5.560000e+01	134	118	134
5.570000e+01	113	117	133
5.580000e+01	113	113	151
5.590000e+01	127	116	128
56	113	121	131
5.610000e+01	113	113	149
5.620000e+01	125	116	127
5.630000e+01	113	118	141
5.640000e+01	113	113	137
5.650000e+01	138	116	129
5.660000e+01	113	124	140
5.670000e+01	113	113	135
5.680000e+01	125	115	134
5.690000e+01	113	120	133
57	113	113	146
5.710000e+01	131	116	130
5.720000e+01	113	125	136
5.730000e+01	113	113	137
5.740000e+01	131	114	136
5.750000e+01	113	119	139
5.760000e+01	113	113	146
5.770000e+01	129	118	129
5.780000e+01	113	119	135
5.790000e+01	113	113	142
58	135	120	133
5.810000e+01	113	116	139
5.820000e+01	113	113	146
5.830000e+01	130	122	128
5.840000e+01	113	117	136
5.850000e+01	113	113	152
5.860000e+01	127	119	123
5.870000e+01	113	121	137
5.880000e+01	113	113	141
5.890000e+01	136	117	131
59	113	120	141
5.910000e+01	113	113	134
5.920000e+01	128	118	127
5.930000e+01	113	118	139
5.940000e+01	113	113	140
5.950000e+01	134	123	137
5.960000e+01	113	118	136
5.970000e+01	113	113	134
5.980000e+01	128	119	136
5.990000e+01	113	117	132
60	113	113	149
6.010000e+01	131	118	130
6.020000e+01	113	122	136
6.030000e+01	113	113	143
6.040000e+01	134	120	137
6.050000e+01	113	119	124
6.060000e+01	113	113	153
6.070000e+01	132	116	132
6.080000e+01	113	121	143
6.090000e+01	113	113	145
61	132	120	135
6.110000e+01	113	123	136
6.120000e+01	113	113	138
6.130000e+01	126	120	130
6.140000e+01	113	115	140
6.150000e+01	113	113	152
6.160000e+01	128	119	137
6.170000e+01	113	126	136
6.180000e+01	113	113	142
6.190000e+01	125	118	127
62	113	119	146
6.210000e+01	113	113	159
6.220000e+01	135	121	127
6.230000e+01	113	115	134
6.240000e+01	113	113	140
6.250000e+01	125	120	136
6.260000e+01	113	119	132
6.270000e+01	113	113	155
6.280000e+01	130	122	129
6.290000e+01	113	117	133
63	113	113	141
6.310000e+01	127	117	124
6.320000e+01	113	124	137
6.330000e+01	113	113	151
6.340000e+01	125	118	124
6.350000e+01	113	120	136
6.360000e+01	113	113	148
6.370000e+01	128	123	125
6.380000e+01	113	122	138
6.390000e+01	113	113	145
64	129	122	137
6.410000e+01	113	125	144
6.420000e+01	113	113	147
6.430000e+01	122	121	132
6.440000e+01	113	117	140
6.450000e+01	113	113	148
6.460000e+01	132	116	132
6.470000e+01	113	123	138
6.480000e+01	113	113	142
6.490000e+01	132	119	137
65	113	120	143
6.510000e+01	113	113	139
6.520000e+01	123	118	136
6.530000e+01	113	113	123
6.540000e+01	113	113	139
6.550000e+01	124	119	143
6.560000e+01	113	122	128
6.570000e+01	113	113	147
6.580000e+01	132	121	131
6.590000e+01	113	119	140
66	113	113	146
6.610000e+01	126	124	130
6.620000e+01	113	118	132
6.630000e+01	113	113	147
6.640000e+01	127	120	127
6.650000e+01	113	122	135
6.660000e+01	113	113	143
6.670000e+01	130	123	127
6.680000e+01	113	118	145
6.690000e+01	113	113	146
67	123	117	132
6.710000e+01	113	118	143
6.720000e+01	113	113	146
6.730000e+01	135	116	126
6.740000e+01	113	127	132
6.750000e+01	113	113	143
6.760000e+01	127	123	131
6.770000e+01	113	119	134
6.780000e+01	113	113	141
6.790000e+01	147	116	126
68	113	122	133
6.810000e+01	113	113	136
6.820000e+01	145	115	121
6.830000e+01	113	117	131
6.840000e+01	113	113	140
6.850000e+01	145	115	121
6.860000e+01	113	118	130
6.870000e+01	113	113	137
6.880000e+01	145	113	119
6.890000e+01	113	124	134
69	113	113	143
6.910000e+01	143	117	123
6.920000e+01	113	120	127
6.930000e+01	113	113	151
6.940000e+01	155	116	124
6.950000e+01	113	128	133
6.960000e+01	113	113	143
6.970000e+01	135	113	125
6.980000e+01	113	128	134
6.990000e+01	113	113	143
70	144	115	120
7.010000e+01	113	119	130
7.020000e+01	113	113	130
7.030000e+01	138	116	123
7.040000e+01	113	117	142
7.050000e+01	113	113	150
7.060000e+01	141	116	126
7.070000e+01	113	121	134
7.080000e+01	113	113	145
7.090000e+01	148	119	118
71	113	120	142
7.110000e+01	113	113	141
7.120000e+01	144	119	120
7.130000e+01	113	119	134
7.140000e+01	113	113	146
7.150000e+01	134	114	124
7.160000e+01	113	121	143
7.170000e+01	113	113	149
7.180000e+01	155	114	121
7.190000e+01	113	122	131
72	113	113	143
7.210000e+01	150	116	124
7.220000e+01	113	120	141
7.230000e+01	113	113	143
7.240000e+01	141	115	126
7.250000e+01	113	118	138
7.260000e+01	113	113	143
7.270000e+01	144	116	125
7.280000e+01	113	116	136
7.290000e+01	113	113	153
73	145	116	123
7.310000e+01	113	116	136
7.320000e+01	113	113	159
7.330000e+01	150	118	123
7.340000e+01	113	117	142
7.350000e+01	113	113	142
7.360000e+01	143	117	120
7.370000e+01	113	120	138
7.380000e+01	113	113	143
7.390000e+01	150	114	118
74	113	121	131
7.410000e+01	113	113	154
7.420000e+01	149	113	127
7.430000e+01	113	117	136
7.440000e+01	113	113	143
7.450000e+01	152	116	124
7.460000e+01	113	115	131
7.470000e+01	113	113	134
7.480000e+01	147	115	124
7.490000e+01	113	121	135
75	113	113	139
7.510000e+01	151	114	132
7.520000e+01	113	122	136
7.530000e+01	113	113	149
7.540000e+01	159	115	121
7.550000e+01	113	117	128
7.560000e+01	113	113	141
7.570000e+01	151	114	126
7.580000e+01	113	121	135
7.590000e+01	113	113	153
76	145	117	121
7.610000e+01	113	118	129
7.620000e+01	113	113	147
7.630000e+01	144	117	124
7.640000e+01	113	122	140
7.650000e+01	113	113	145
7.660000e+01	150	115	123
7.670000e+01	113	123	137
7.680000e+01	113	113	155
7.690000e+01	150	117	126
77	113	118	134
7.710000e+01	113	113	134
7.720000e+01	140	116	123
7.730000e+01	113	123	135
7.740000e+01	113	113	139
7.750000e+01	149	116	124
7.760000e+01	113	121	134
7.770000e+01	113	113	138
7.780000e+01	150	116	125
7.790000e+01	113	125	131
78	113	113	141
7.810000e+01	146	116	120
7.820000e+01	113	120	134
7.830000e+01	113	113	148
7.840000e+01	151	118	122
7.850000e+01	113	118	134
7.860000e+01	113	113	134
7.870000e+01	155	116	126
7.880000e+01	113	118	137
7.890000e+01	113	113	143
79	150	117	124
7.910000e+01	113	123	143
7.920000e+01	113	113	137
7.930000e+01	154	115	122
7.940000e+01	113	116	127
7.950000e+01	113	113	139
7.960000e+01	151	116	123
7.970000e+01	113	117	122
7.980000e+01	113	113	148
7.990000e+01	137	114	123
80	113	121	139
8.010000e+01	113	113	147
8.020000e+01	148	113	132
8.030000e+01	113	122	130
8.040000e+01	113	113	142
8.050000e+01	138	116	121
8.060000e+01	113	117	140
8.070000e+01	113	113	139
8.080000e+01	144	116	126
8.090000e+01	113	121	132
81	113	113	139
8.110000e+01	142	116	120
8.120000e+01	113	120	138
8.130000e+01	113	113	149
8.140000e+01	151	113	121
8.150000e+01	113	118	140
8.160000e+01	113	113	141
8.170000e+01	155	114	128
8.180000e+01	113	122	135
8.190000e+01	113	113	141
82	143	113	128
8.210000e+01	113	118	136
8.220000e+01	113	113	142
8.230000e+01	143	115	122
8.240000e+01	113	122	131
8.250000e+01	113	113	143
8.260000e+01	147	114	123
8.270000e+01	113	121	139
8.280000e+01	113	113	143
8.290000e+01	142	115	125
83	113	117	135
8.310000e+01	113	113	151
8.320000e+01	145	114	126
8.330000e+01	113	120	139
8.340000e+01	113	113	135
8.350000e+01	156	115	125
8.360000e+01	113	120	137
8.370000e+01	113	113	143
8.380000e+01	141	114	124
8.390000e+01	113	123	132
84	113	113	140
8.410000e+01	148	114	127
8.420000e+01	113	121	144
8.430000e+01	113	113	156
8.440000e+01	148	115	122
8.450000e+01	113	125	136
8.460000e+01	113	113	145
8.470000e+01	146	115	120
8.480000e+01	113	122	134
8.490000e+01	113	113	134
85	149	114	126
8.510000e+01	113	122	133
8.520000e+01	113	113	143
8.530000e+01	153	116	124
8.540000e+01	113	122	131
8.550000e+01	113	113	141
8.560000e+01	141	113	128
8.570000e+01	113	120	139
8.580000e+01	113	113	138
8.590000e+01	143	116	122
86	113	122	141
8.610000e+01	113	113	143
8.620000e+01	142	115	123
8.630000e+01	113	118	127
8.640000e+01	113	113	139
8.650000e+01	146	113	121
8.660000e+01	113	122	128
8.670000e+01	113	113	139
8.680000e+01	156	113	123
8.690000e+01	113	123	141
87	113	113	143
8.710000e+01	147	114	124
8.720000e+01	113	121	136
8.730000e+01	113	113	135
8.740000e+01	142	115	122
8.750000e+01	113	125	140
8.760000e+01	113	113	135
8.770000e+01	149	114	123
8.780000e+01	113	117	142
8.790000e+01	113	113	153
88	142	115	124
8.810000e+01	113	115	126
8.820000e+01	113	113	144
8.830000e+01	154	115	115
8.840000e+01	113	123	137
8.850000e+01	113	113	142
8.860000e+01	150	114	120
8.870000e+01	113	121	134
8.880000e+01	113	113	137
8.890000e+01	150	113	128
89	113	116	143
8.910000e+01	113	113	143
8.920000e+01	144	114	127
8.930000e+01	113	117	137
8.940000e+01	113	113	145
8.950000e+01	131	116	123
8.960000e+01	113	115	138
8.970000e+01	113	113	144
8.980000e+01	156	115	130
8.990000e+01	113	123	140
90	113	113	142
9.010000e+01	144	117	126
9.020000e+01	113	119	136
9.030000e+01	113	113	144
9.040000e+01	140	119	118
9.050000e+01	113	132	124
9.060000e+01	113	113	133
9.070000e+01	148	120	119
9.080000e+01	113	136	124
9.090000e+01	113	113	146
91	144	119	119
9.110000e+01	113	136	126
9.120000e+01	113	113	148
9.130000e+01	143	123	119
9.140000e+01	113	135	121
9.150000e+01	113	113	139
9.160000e+01	149	120	116
9.170000e+01	113	138	124
9.180000e+01	113	113	137
9.190000e+01	138	122	115
92	113	138	124
9.210000e+01	113	113	144
9.220000e+01	142	121	116
9.230000e+01	113	139	121
9.240000e+01	113	113	138
9.250000e+01	159	117	119
9.260000e+01	113	133	126
9.270000e+01	113	113	143
9.280000e+01	143	123	119
9.290000e+01	113	136	124
93	113	113	150
9.310000e+01	138	123	118
9.320000e+01	113	136	120
9.330000e+01	113	113	148
9.340000e+01	153	121	116
9.350000e+01	113	129	123
9.360000e+01	113	113	153
9.370000e+01	148	122	116
9.380000e+01	113	126	123
9.390000e+01	113	113	137
94	144	122	118
9.410000e+01	113	136	120
9.420000e+01	113	113	151
9.430000e+01	142	125	120
9.440000e+01	113	125	117
9.450000e+01	113	113	142
9.460000e+01	146	120	118
9.470000e+01	113	128	123
9.480000e+01	113	113	147
9.490000e+01	147	121	121
95	113	137	123
9.510000e+01	113	113	132
9.520000e+01	129	126	121
9.530000e+01	113	138	121
9.540000e+01	113	113	149
9.550000e+01	127	124	120
9.560000e+01	113	146	123
9.570000e+01	113	113	144
9.580000e+01	128	129	122
9.590000e+01	113	137	125
96	113	113	138
9.610000e+01	132	132	128
9.620000e+01	113	130	124
9.630000e+01	113	113	145
9.640000e+01	122	129	122
9.650000e+01	113	137	122
9.660000e+01	113	113	143
9.670000e+01	128	131	121
9.680000e+01	113	133	126
9.690000e+01	113	113	148
97	137	126	124
9.710000e+01	113	142	120
9.720000e+01	113	113	136
9.730000e+01	123	128	122
9.740000e+01	113	142	122
9.750000e+01	113	113	142
9.760000e+01	119	126	120
9.770000e+01	113	133	125
9.780000e+01	113	113	145
9.790000e+01	126	127	118
98	113	132	120
9.810000e+01	113	113	151
9.820000e+01	139	131	122
9.830000e+01	113	136	122
9.840000e+01	113	113	148
9.850000e+01	126	127	119
9.860000e+01	113	135	116
9.870000e+01	113	113	137
9.880000e+01	132	129	124
9.890000e+01	113	135	123
99	113	113	145
9.910000e+01	133	130	121
9.920000e+01	113	148	123
9.930000e+01	113	113	146
9.940000e+01	127	134	127
9.950000e+01	113	135	122
9.960000e+01	113	113	144
9.970000e+01	134	131	116
9.980000e+01	113	133	125
9.990000e+01	113	113	142
100	135	129	120
1.001000e+02	113	129	118
1.002000e+02	113	113	145
1.003000e+02	126	130	121
1.004000e+02	113	139	120
1.005000e+02	113	113	148
1.006000e+02	126	128	122
1.007000e+02	113	134	123
1.008000e+02	113	113	147
1.009000e+02	130	132	121
101	113	137	117
1.011000e+02	113	113	138
1.012000e+02	131	124	126
1.013000e+02	113	130	123
1.014000e+02	113	113	137
1.015000e+02	134	130	123
1.016000e+02	113	136	120
1.017000e+02	113	113	138
1.018000e+02	130	140	121
1.019000e+02	113	134	119
102	113	113	149
1.021000e+02	129	124	118
1.022000e+02	113	133	124
1.023000e+02	113	113	138
1.024000e+02	123	130	125
1.025000e+02	113	137	124
1.026000e+02	113	113	150
1.027000e+02	130	127	119
1.028000e+02	113	133	120
1.029000e+02	113	113	145
103	135	129	117
1.031000e+02	113	139	120
1.032000e+02	113	113	146
1.033000e+02	130	126	119
1.034000e+02	113	135	121
1.035000e+02	113	113	154
1.036000e+02	127	130	119
1.037000e+02	113	139	120
1.038000e+02	113	113	144
1.039000e+02	133	131	121
104	113	133	124
1.041000e+02	113	113	148
1.042000e+02	129	137	117
1.043000e+02	113	130	126
1.044000e+02	113	113	151
1.045000e+02	133	127	119
1.046000e+02	113	144	125
1.047000e+02	113	113	137
1.048000e+02	124	139	117
1.049000e+02	113	138	123
105	113	113	136
1.051000e+02	130	127	120
1.052000e+02	113	136	129
1.053000e+02	113	113	145
1.054000e+02	125	133	118
1.055000e+02	113	134	122
1.056000e+02	113	113	135
1.057000e+02	129	129	125
1.058000e+02	113	136	118
1.059000e+02	113	113	150
106	126	133	119
1.061000e+02	113	134	118
1.062000e+02	113	113	149
1.063000e+02	132	124	126
1.064000e+02	113	136	120
1.065000e+02	113	113	142
1.066000e+02	130	125	123
1.067000e+02	113	141	117
1.068000e+02	113	113	143
1.069000e+02	127	129	122
107	113	134	120
1.071000e+02	113	113	137
1.072000e+02	127	128	118
1.073000e+02	113	133	121
1.074000e+02	113	113	149
1.075000e+02	126	128	123
1.076000e+02	113	136	121
1.077000e+02	113	113	144
1.078000e+02	133	131	124
1.079000e+02	113	137	122
108	113	113	140
1.081000e+02	122	128	123
1.082000e+02	113	137	121
1.083000e+02	113	113	137
1.084000e+02	126	129	123
1.085000e+02	113	137	119
1.086000e+02	113	113	140
1.087000e+02	126	124	119
1.088000e+02	113	135	118
1.089000e+02	113	113	149
109	129	138	121
1.091000e+02	113	144	122
1.092000e+02	113	113	148
1.093000e+02	127	131	117
1.094000e+02	113	140	123
1.095000e+02	113	113	145
1.096000e+02	128	128	120
1.097000e+02	113	136	126
1.098000e+02	113	113	144
1.099000e+02	140	126	121
110	113	137	117
1.101000e+02	113	113	145
1.102000e+02	130	123	118
1.103000e+02	113	127	121
1.104000e+02	113	113	136
1.105000e+02	133	130	122
1.106000e+02	113	147	120
1.107000e+02	113	113	155
1.108000e+02	124	136	122
1.109000e+02	113	142	121
111	113	113	144
1.111000e+02	135	130	118
1.112000e+02	113	137	122
1.113000e+02	113	113	140
1.114000e+02	133	131	118
1.115000e+02	113	139	123
1.116000e+02	113	113	150
1.117000e+02	125	130	124
1.118000e+02	113	135	122
1.119000e+02	113	113	143
112	130	128	123
1.121000e+02	113	135	125
1.122000e+02	113	113	139
1.123000e+02	129	127	118
1.124000e+02	113	137	126
1.125000e+02	113	113	135
1.126000e+02	126	125	123
1.127000e+02	113	134	118
1.128000e+02	113	113	139
1.129000e+02	121	128	118
113	113	130	118
1.131000e+02	113	113	147
1.132000e+02	128	139	120
1.133000e+02	113	135	121
1.134000e+02	113	113	145
1.135000e+02	127	129	125
1.136000e+02	113	134	126
1.137000e+02	113	113	132
1.138000e+02	134	129	119
1.139000e+02	113	134	123
114	113	113	135
1.141000e+02	132	135	121
1.142000e+02	113	136	121
1.143000e+02	113	113	148
1.144000e+02	125	133	117
1.145000e+02	113	135	130
1.146000e+02	113	113	142
1.147000e+02	134	129	117
1.148000e+02	113	139	120
1.149000e+02	113	113	143
115	135	126	117
1.151000e+02	113	139	123
1.152000e+02	113	113	147
1.153000e+02	126	128	120
1.154000e+02	113	136	117
1.155000e+02	113	113	154
1.156000e+02	127	128	125
1.157000e+02	113	133	125
1.158000e+02	113	113	149
1.159000e+02	137	129	123
116	113	138	122
1.161000e+02	113	113	147
1.162000e+02	131	127	124
1.163000e+02	113	133	119
1.164000e+02	113	113	137
1.165000e+02	129	129	124
1.166000e+02	113	136	125
1.167000e+02	113	113	141
1.168000e+02	128	129	120
1.169000e+02	113	142	119
117	113	113	140
1.171000e+02	129	131	118
1.172000e+02	113	131	120
1.173000e+02	113	113	143
1.174000e+02	129	119	118
1.175000e+02	113	137	121
1.176000e+02	113	113	144
1.177000e+02	128	132	118
1.178000e+02	113	136	123
1.179000e+02	113	113	146
118	132	128	122
1.181000e+02	113	139	119
1.182000e+02	113	113	146
1.183000e+02	126	130	118
1.184000e+02	113	145	116
1.185000e+02	113	113	155
1.186000e+02	125	139	126
1.187000e+02	113	146	120
1.188000e+02	113	113	146
1.189000e+02	127	127	117
119	113	141	125
1.191000e+02	113	113	145
1.192000e+02	126	124	120
1.193000e+02	113	131	117
1.194000e+02	113	113	141
1.195000e+02	125	126	117
1.196000e+02	113	133	118
1.197000e+02	113	113	138
1.198000e+02	127	124	123
1.199000e+02	113	141	118
120	113	113	144
1.201000e+02	129	133	121
1.202000e+02	113	142	119
1.203000e+02	113	113	141
1.204000e+02	140	134	117
1.205000e+02	113	136	126
1.206000e+02	113	113	139
1.207000e+02	128	135	119
1.208000e+02	113	138	120
1.209000e+02	113	113	143
121	132	140	120
1.211000e+02	113	137	121
1.212000e+02	113	113	142
1.213000e+02	128	130	125
1.214000e+02	113	140	121
1.215000e+02	113	113	150
1.216000e+02	126	127	127
1.217000e+02	113	138	122
1.218000e+02	113	113	146
1.219000e+02	131	132	123
122	113	148	115
1.221000e+02	113	113	150
1.222000e+02	135	135	119
1.223000e+02	113	129	127
1.224000e+02	113	113	135
1.225000e+02	126	125	119
1.226000e+02	113	141	119
1.227000e+02	113	113	141
1.228000e+02	131	125	117
1.229000e+02	113	134	126
123	113	113	146
1.231000e+02	126	127	126
1.232000e+02	113	134	124
1.233000e+02	113	113	145
1.234000e+02	122	127	119
1.235000e+02	113	138	117
1.236000e+02	113	113	146
1.237000e+02	130	125	125
1.238000e+02	113	151	122
1.239000e+02	113	113	138
124	136	128	120
1.241000e+02	113	133	115
1.242000e+02	113	113	152
1.243000e+02	126	132	122
1.244000e+02	113	134	115
1.245000e+02	113	113	146
1.246000e+02	127	130	122
1.247000e+02	113	139	126
1.248000e+02	113	113	146
1.249000e+02	133	133	118
125	113	143	120
1.251000e+02	113	113	141
1.252000e+02	130	127	118
1.253000e+02	113	129	123
1.254000e+02	113	113	143
1.255000e+02	130	133	119
1.256000e+02	113	129	118
1.257000e+02	113	113	140
1.258000e+02	133	127	119
1.259000e+02	113	137	122
126	113	113	131
1.261000e+02	136	130	123
1.262000e+02	113	131	122
1.263000e+02	113	113	138
1.264000e+02	132	127	117
1.265000e+02	113	142	118
1.266000e+02	113	113	137
1.267000e+02	132	132	120
1.268000e+02	113	138	125
1.269000e+02	113	113	149
127	130	124	121
1.271000e+02	113	141	123
1.272000e+02	113	113	146
1.273000e+02	129	120	118
1.274000e+02	113	143	122
1.275000e+02	113	113	147
1.276000e+02	132	133	122
1.277000e+02	113	130	117
1.278000e+02	113	113	146
1.279000e+02	126	131	123
128	113	126	121
1.281000e+02	113	113	147
1.282000e+02	132	134	121
1.283000e+02	113	138	124
1.284000e+02	113	113	144
1.285000e+02	129	133	124
1.286000e+02	113	131	121
1.287000e+02	113	113	139
1.288000e+02	128	140	118
1.289000e+02	113	138	120
129	113	113	143
1.291000e+02	129	127	129
1.292000e+02	113	132	124
1.293000e+02	113	113	151
1.294000e+02	130	131	115
1.295000e+02	113	141	116
1.296000e+02	113	113	143
1.297000e+02	128	131	121
1.298000e+02	113	138	127
1.299000e+02	113	113	144
130	126	122	120
1.301000e+02	113	146	116
1.302000e+02	113	113	134
1.303000e+02	130	131	118
1.304000e+02	113	133	116
1.305000e+02	113	113	143
1.306000e+02	125	122	125
1.307000e+02	113	142	120
1.308000e+02	113	113	153
1.309000e+02	130	135	122
131	113	143	124
1.311000e+02	113	113	148
1.312000e+02	129	132	119
1.313000e+02	113	134	124
1.314000e+02	113	113	141
1.315000e+02	126	129	121
1.316000e+02	113	137	126
1.317000e+02	113	113	139
1.318000e+02	133	129	124
1.319000e+02	113	129	120
132	113	113	142
1.321000e+02	134	128	118
1.322000e+02	113	137	125
1.323000e+02	113	113	140
1.324000e+02	135	135	119
1.325000e+02	113	134	119
1.326000e+02	113	113	152
1.327000e+02	127	122	117
1.328000e+02	113	136	120
1.329000e+02	113	113	153
133	130	131	121
1.331000e+02	113	136	122
1.332000e+02	113	113	142
1.333000e+02	131	135	122
1.334000e+02	113	135	126
1.335000e+02	113	113	141
1.336000e+02	126	128	119
1.337000e+02	113	133	119
1.338000e+02	113	113	145
1.339000e+02	126	132	124
134	113	133	120
1.341000e+02	113	113	141
1.342000e+02	130	128	116
1.343000e+02	113	138	120
1.344000e+02	113	113	147
1.345000e+02	131	132	119
1.346000e+02	113	137	122
1.347000e+02	113	113	147
1.348000e+02	126	125	119
1.349000e+02	113	136	124
135	113	113	144
1.351000e+02	126	134	126
1.352000e+02	113	137	121
1.353000e+02	113	113	144
1.354000e+02	129	123	124
1.355000e+02	113	143	120
1.356000e+02	113	113	144
1.357000e+02	129	135	121
1.358000e+02	113	146	122
1.359000e+02	113	113	139
136	128	133	117
1.361000e+02	113	127	121
1.362000e+02	113	113	134
1.363000e+02	133	131	118
1.364000e+02	113	125	121
1.365000e+02	113	113	138
1.366000e+02	128	131	120
1.367000e+02	113	129	120
1.368000e+02	113	113	137
1.369000e+02	134	135	120
137	113	141	123
1.371000e+02	113	113	137
1.372000e+02	131	128	123
1.373000e+02	113	136	118
1.374000e+02	113	113	144
1.375000e+02	126	131	119
1.376000e+02	113	136	122
1.377000e+02	113	113	138
1.378000e+02	132	126	118
1.379000e+02	113	130	118
138	113	113	138
1.381000e+02	138	127	122
1.382000e+02	113	133	121
1.383000e+02	113	113	146
1.384000e+02	153	122	115
1.385000e+02	113	133	123
1.386000e+02	113	113	138
1.387000e+02	147	123	121
1.388000e+02	113	130	125
1.389000e+02	113	113	147
139	146	119	119
1.391000e+02	113	131	115
1.392000e+02	113	113	147
1.393000e+02	142	116	120
1.394000e+02	113	137	123
1.395000e+02	113	113	155
1.396000e+02	150	122	119
1.397000e+02	113	130	122
1.398000e+02	113	113	132
1.399000e+02	142	120	120
140	113	137	119
1.401000e+02	113	113	144
1.402000e+02	153	124	117
1.403000e+02	113	130	120
1.404000e+02	113	113	139
1.405000e+02	155	122	121
1.406000e+02	113	135	124
1.407000e+02	113	113	145
1.408000e+02	136	121	116
1.409000e+02	113	138	120
141	113	113	150
1.411000e+02	149	125	123
1.412000e+02	113	140	119
1.413000e+02	113	113	149
1.414000e+02	152	118	121
1.415000e+02	113	136	121
1.416000e+02	113	113	140
1.417000e+02	149	125	118
1.418000e+02	113	134	119
1.419000e+02	113	113	143
142	141	129	122
1.421000e+02	113	129	124
1.422000e+02	113	113	139
1.423000e+02	141	122	124
1.424000e+02	113	137	126
1.425000e+02	113	113	144
1.426000e+02	137	121	121
1.427000e+02	113	142	121
1.428000e+02	113	113	146
1.429000e+02	129	114	128
143	113	136	121
1.431000e+02	113	113	145
1.432000e+02	125	117	144
1.433000e+02	113	128	120
1.434000e+02	113	113	144
1.435000e+02	122	115	126
1.436000e+02	113	133	119
1.437000e+02	113	113	140
1.438000e+02	128	116	136
1.439000e+02	113	135	116
144	113	113	150
1.441000e+02	123	116	138
1.442000e+02	113	137	117
1.443000e+02	113	113	134
1.444000e+02	132	114	129
1.445000e+02	113	133	120
1.446000e+02	113	113	136
1.447000e+02	122	117	138
1.448000e+02	113	141	125
1.449000e+02	113	113	137
145	120	117	132
1.451000e+02	113	137	121
1.452000e+02	113	113	142
1.453000e+02	126	117	141
1.454000e+02	113	140	120
1.455000e+02	113	113	149
1.456000e+02	119	117	135
1.457000e+02	113	131	122
1.458000e+02	113	113	142
1.459000e+02	123	115	144
146	113	132	123
1.461000e+02	113	113	150
1.462000e+02	126	116	139
1.463000e+02	113	136	124
1.464000e+02	113	113	139
1.465000e+02	117	115	135
1.466000e+02	113	140	118
1.467000e+02	113	113	143
1.468000e+02	127	116	137
1.469000e+02	113	131	121
147	113	113	136
1.471000e+02	127	118	138
1.472000e+02	113	140	121
1.473000e+02	113	113	147
1.474000e+02	117	114	138
1.475000e+02	113	132	120
1.476000e+02	113	113	144
1.477000e+02	119	115	141
1.478000e+02	113	135	124
1.479000e+02	113	113	156
148	126	115	132
1.481000e+02	113	136	124
1.482000e+02	113	113	149
1.483000e+02	129	116	133
1.484000e+02	113	136	119
1.485000e+02	113	113	141
1.486000e+02	131	116	136
1.487000e+02	113	142	121
1.488000e+02	113	113	135
1.489000e+02	126	115	136
149	113	132	121
1.491000e+02	113	113	146
1.492000e+02	122	114	132
1.493000e+02	113	135	121
1.494000e+02	113	113	139
1.495000e+02	128	116	143
1.496000e+02	113	139	117
1.497000e+02	113	113	140
1.498000e+02	129	117	138
1.499000e+02	113	134	130
150	113	113	151
