time at 500nm	frame at 500nm	I_1 at 500nm(counts)	I_2 at 500nm(counts)	time at 600nm	frame at 600nm	I_1 at 600nm(counts)	I_2 at 600nm(counts)	time at 500nm	frame at 500nm	FRET_1>2	discr.FRET_1>2	time at 500nm	frame at 500nm	S_1>2	discr.S_1>2	
1.000000e-01	1	7.920000e+01	33	2.000000e-01	2	2.600000e+00	73	1.000000e-01	1	2.941176e-01	2.517905e-01	1.000000e-01	1	6.058315e-01	5.486813e-01	
3.000000e-01	3	7.920000e+01	33	4.000000e-01	4	2.600000e+00	73	3.000000e-01	3	2.941176e-01	2.517905e-01	3.000000e-01	3	6.058315e-01	5.486813e-01	
5.000000e-01	5	-1	1.804000e+02	6.000000e-01	6	1.600000e+00	1.294000e+02	5.000000e-01	5	1.005574e+00	9.785731e-01	5.000000e-01	5	5.809585e-01	5.486813e-01	
7.000000e-01	7	4.600000e+00	6.400000e+00	8.000000e-01	8	6	143	7.000000e-01	7	5.818182e-01	5.975755e-01	7.000000e-01	7	7.142857e-02	6.332543e-02	
9.000000e-01	9	0	1.616000e+02	1	10	3.600000e+00	128	9.000000e-01	9	1	9.785731e-01	9.000000e-01	9	5.580110e-01	5.486813e-01	
1.100000e+00	11	-1	1.926000e+02	1.200000e+00	12	12	152	1.100000e+00	11	1.005219e+00	9.785731e-01	1.100000e+00	11	5.576251e-01	5.486813e-01	
1.300000e+00	13	1.800000e+00	1.588000e+02	1.400000e+00	14	-1	1.196000e+02	1.300000e+00	13	9.887920e-01	9.785731e-01	1.300000e+00	13	5.731620e-01	5.486813e-01	
1.500000e+00	15	-2.800000e+00	1.832000e+02	1.600000e+00	16	8.600000e+00	128	1.500000e+00	15	1.015521e+00	9.785731e-01	1.500000e+00	15	5.849546e-01	5.486813e-01	
1.700000e+00	17	4.400000e+00	198	1.800000e+00	18	-3.200000e+00	124	1.700000e+00	17	9.782609e-01	9.785731e-01	1.700000e+00	17	6.200980e-01	5.486813e-01	
1.900000e+00	19	3.400000e+00	1.748000e+02	2	20	7.600000e+00	1.472000e+02	1.900000e+00	19	9.809203e-01	9.785731e-01	1.900000e+00	19	5.476337e-01	5.486813e-01	
2.100000e+00	21	6.000000e-01	1.832000e+02	2.200000e+00	22	3.600000e+00	123	2.100000e+00	21	9.967356e-01	9.785731e-01	2.100000e+00	21	5.990874e-01	5.486813e-01	
2.300000e+00	23	2.400000e+00	1.858000e+02	2.400000e+00	24	3	161	2.300000e+00	23	9.872476e-01	9.785731e-01	2.300000e+00	23	5.389462e-01	5.486813e-01	
2.500000e+00	25	7.400000e+00	1.796000e+02	2.600000e+00	26	4.200000e+00	1.554000e+02	2.500000e+00	25	9.604278e-01	9.785731e-01	2.500000e+00	25	5.461449e-01	5.486813e-01	
2.700000e+00	27	1.340000e+01	1.768000e+02	2.800000e+00	28	7.600000e+00	1.222000e+02	2.700000e+00	27	9.295478e-01	9.785731e-01	2.700000e+00	27	6.088348e-01	5.486813e-01	
2.900000e+00	29	6.800000e+00	2.014000e+02	3	30	8.800000e+00	1.114000e+02	2.900000e+00	29	9.673391e-01	9.785731e-01	2.900000e+00	29	6.514393e-01	5.486813e-01	
3.100000e+00	31	-3.800000e+00	1.616000e+02	3.200000e+00	32	3.400000e+00	1.362000e+02	3.100000e+00	31	1.024081e+00	9.785731e-01	3.100000e+00	31	5.367347e-01	5.486813e-01	
3.300000e+00	33	6.200000e+00	180	3.400000e+00	34	-1	1.444000e+02	3.300000e+00	33	9.667025e-01	9.785731e-01	3.300000e+00	33	5.632184e-01	5.486813e-01	
3.500000e+00	35	2.120000e+01	1.044000e+02	3.600000e+00	36	4.200000e+00	1.018000e+02	3.500000e+00	35	8.312102e-01	9.785731e-01	3.500000e+00	35	5.523307e-01	5.486813e-01	
3.700000e+00	37	112	7.200000e+00	3.800000e+00	38	-1	-1.280000e+01	3.700000e+00	37	6.040268e-02	5.735731e-02	3.700000e+00	37	1.120301e+00	1.032341e+00	
3.900000e+00	39	9.560000e+01	1.120000e+01	4	40	2.000000e-01	2.740000e+01	3.900000e+00	39	1.048689e-01	5.735731e-02	3.900000e+00	39	7.958271e-01	5.486813e-01	
4.100000e+00	41	6.800000e+00	2.064000e+02	4.200000e+00	42	-1.400000e+00	1.208000e+02	4.100000e+00	41	9.681051e-01	9.785731e-01	4.100000e+00	41	6.383234e-01	5.486813e-01	
4.300000e+00	43	1.260000e+01	179	4.400000e+00	44	-1.600000e+00	1.254000e+02	4.300000e+00	43	9.342380e-01	9.785731e-01	4.300000e+00	43	6.044164e-01	5.486813e-01	
4.500000e+00	45	-8.800000e+00	1.936000e+02	4.600000e+00	46	3.400000e+00	1.538000e+02	4.500000e+00	45	1.047619e+00	9.785731e-01	4.500000e+00	45	5.457767e-01	5.486813e-01	
4.700000e+00	47	3.280000e+01	7.780000e+01	4.800000e+00	48	-2.000000e-01	1.648000e+02	4.700000e+00	47	7.034358e-01	9.785731e-01	4.700000e+00	47	4.015977e-01	5.486813e-01	
4.900000e+00	49	1.680000e+01	6.220000e+01	5	50	-2.000000e-01	1.388000e+02	4.900000e+00	49	7.873418e-01	9.785731e-01	4.900000e+00	49	3.627181e-01	5.486813e-01	
5.100000e+00	51	-5.400000e+00	1.822000e+02	5.200000e+00	52	5.800000e+00	1.614000e+02	5.100000e+00	51	1.030543e+00	9.785731e-01	5.100000e+00	51	5.227676e-01	5.486813e-01	
5.300000e+00	53	5.400000e+00	1.928000e+02	5.400000e+00	54	-4	1.686000e+02	5.300000e+00	53	9.727548e-01	9.785731e-01	5.300000e+00	53	5.403490e-01	5.486813e-01	
5.500000e+00	55	2	153	5.600000e+00	56	3.600000e+00	1.264000e+02	5.500000e+00	55	9.870968e-01	9.785731e-01	5.500000e+00	55	5.508173e-01	5.486813e-01	
5.700000e+00	57	-2.200000e+00	193	5.800000e+00	58	1.400000e+00	1.496000e+02	5.700000e+00	57	1.011530e+00	9.785731e-01	5.700000e+00	57	5.605170e-01	5.486813e-01	
5.900000e+00	59	5.200000e+00	1.782000e+02	6	60	0	1.464000e+02	5.900000e+00	59	9.716467e-01	9.785731e-01	5.900000e+00	59	5.560946e-01	5.486813e-01	
6.100000e+00	61	4.760000e+01	7.160000e+01	6.200000e+00	62	8.000000e-01	8.440000e+01	6.100000e+00	61	6.006711e-01	5.975755e-01	6.100000e+00	61	5.854617e-01	5.486813e-01	
6.300000e+00	63	1.052000e+02	6.600000e+00	6.400000e+00	64	-6.000000e-01	2.040000e+01	6.300000e+00	63	5.903399e-02	5.735731e-02	6.300000e+00	63	8.456884e-01	5.486813e-01	
6.500000e+00	65	-5.600000e+00	1.794000e+02	6.600000e+00	66	4.000000e-01	1.268000e+02	6.500000e+00	65	1.032221e+00	9.785731e-01	6.500000e+00	65	5.781770e-01	5.486813e-01	
6.700000e+00	67	1.560000e+01	193	6.800000e+00	68	2.400000e+00	1.486000e+02	6.700000e+00	67	9.252157e-01	9.785731e-01	6.700000e+00	67	5.839866e-01	5.486813e-01	
6.900000e+00	69	-3.400000e+00	1.918000e+02	7	70	3.400000e+00	1.304000e+02	6.900000e+00	69	1.018047e+00	9.785731e-01	6.900000e+00	69	5.909661e-01	5.486813e-01	
7.100000e+00	71	3	179	7.200000e+00	72	7.600000e+00	138	7.100000e+00	71	9.835165e-01	9.785731e-01	7.100000e+00	71	5.687500e-01	5.486813e-01	
7.300000e+00	73	2.400000e+00	1.828000e+02	7.400000e+00	74	-1.400000e+00	1.486000e+02	7.300000e+00	73	9.870410e-01	9.785731e-01	7.300000e+00	73	5.548232e-01	5.486813e-01	
7.500000e+00	75	4.400000e+00	1.924000e+02	7.600000e+00	76	6.600000e+00	1.292000e+02	7.500000e+00	75	9.776423e-01	9.785731e-01	7.500000e+00	75	6.036810e-01	5.486813e-01	
7.700000e+00	77	7	149	7.800000e+00	78	2.600000e+00	1.266000e+02	7.700000e+00	77	9.551282e-01	9.785731e-01	7.700000e+00	77	5.520170e-01	5.486813e-01	
7.900000e+00	79	23	1.920000e+01	8	80	2.800000e+00	1.558000e+02	7.900000e+00	79	4.549763e-01	5.975755e-01	7.900000e+00	79	2.131313e-01	6.332543e-02	
8.100000e+00	81	5.200000e+00	2.048000e+02	8.200000e+00	82	2.200000e+00	152	8.100000e+00	81	9.752381e-01	9.785731e-01	8.100000e+00	81	5.801105e-01	5.486813e-01	
8.300000e+00	83	-2.200000e+00	1.862000e+02	8.400000e+00	84	3.800000e+00	1.422000e+02	8.300000e+00	83	1.011957e+00	9.785731e-01	8.300000e+00	83	5.640711e-01	5.486813e-01	
8.500000e+00	85	1.520000e+01	1.808000e+02	8.600000e+00	86	-1.800000e+00	1.414000e+02	8.500000e+00	85	9.224490e-01	9.785731e-01	8.500000e+00	85	5.809129e-01	5.486813e-01	
8.700000e+00	87	2.200000e+00	1.866000e+02	8.800000e+00	88	2.000000e-01	1.212000e+02	8.700000e+00	87	9.883475e-01	9.785731e-01	8.700000e+00	87	6.090323e-01	5.486813e-01	
8.900000e+00	89	7.200000e+00	1.602000e+02	9	90	-4.400000e+00	1.606000e+02	8.900000e+00	89	9.569892e-01	9.785731e-01	8.900000e+00	89	5.103659e-01	5.486813e-01	
9.100000e+00	91	8.200000e+00	1.792000e+02	9.200000e+00	92	-4.000000e-01	1.328000e+02	9.100000e+00	91	9.562433e-01	9.785731e-01	9.100000e+00	91	5.852592e-01	5.486813e-01	
9.300000e+00	93	-2.400000e+00	1.654000e+02	9.400000e+00	94	2.800000e+00	162	9.300000e+00	93	1.014724e+00	9.785731e-01	9.300000e+00	93	5.015385e-01	5.486813e-01	
9.500000e+00	95	4.800000e+00	1.754000e+02	9.600000e+00	96	3.400000e+00	1.612000e+02	9.500000e+00	95	9.733629e-01	9.785731e-01	9.500000e+00	95	5.278266e-01	5.486813e-01	
9.700000e+00	97	8	1.556000e+02	9.800000e+00	98	0	1.276000e+02	9.700000e+00	97	9.511002e-01	9.785731e-01	9.700000e+00	97	5.618132e-01	5.486813e-01	
9.900000e+00	99	6.200000e+00	1.496000e+02	10	100	-2.400000e+00	1.304000e+02	9.900000e+00	99	9.602054e-01	9.785731e-01	9.900000e+00	99	5.443746e-01	5.486813e-01	
1.010000e+01	101	1.200000e+00	1.832000e+02	1.020000e+01	102	-1.400000e+00	1.856000e+02	1.010000e+01	101	9.934924e-01	9.785731e-01	1.010000e+01	101	4.983784e-01	5.486813e-01	
1.030000e+01	103	4.600000e+00	1.562000e+02	1.040000e+01	104	-1.800000e+00	141	1.030000e+01	103	9.713930e-01	9.785731e-01	1.030000e+01	103	5.328032e-01	5.486813e-01	
1.050000e+01	105	-2	152	1.060000e+01	106	-8.000000e-01	1.466000e+02	1.050000e+01	105	1.013333e+00	9.785731e-01	1.050000e+01	105	5.057316e-01	5.486813e-01	
1.070000e+01	107	-4.400000e+00	1.782000e+02	1.080000e+01	108	8.400000e+00	140	1.070000e+01	107	1.025316e+00	9.785731e-01	1.070000e+01	107	5.538560e-01	5.486813e-01	
1.090000e+01	109	1.600000e+00	1.742000e+02	11	110	2	1.654000e+02	1.090000e+01	109	9.908987e-01	9.785731e-01	1.090000e+01	109	5.152403e-01	5.486813e-01	
1.110000e+01	111	-6.200000e+00	1.742000e+02	1.120000e+01	112	-2.200000e+00	136	1.110000e+01	111	1.036905e+00	9.785731e-01	1.110000e+01	111	5.526316e-01	5.486813e-01	
1.130000e+01	113	2.000000e-01	1.798000e+02	1.140000e+01	114	6.000000e-01	1.514000e+02	1.130000e+01	113	9.988889e-01	9.785731e-01	1.130000e+01	113	5.431503e-01	5.486813e-01	
1.150000e+01	115	7.800000e+00	1.894000e+02	1.160000e+01	116	1.800000e+00	165	1.150000e+01	115	9.604462e-01	9.785731e-01	1.150000e+01	115	5.444506e-01	5.486813e-01	
1.170000e+01	117	-4.800000e+00	1.808000e+02	1.180000e+01	118	-3	1.626000e+02	1.170000e+01	117	1.027273e+00	9.785731e-01	1.170000e+01	117	5.197874e-01	5.486813e-01	
1.190000e+01	119	-1.200000e+00	1.804000e+02	12	120	3.400000e+00	1.232000e+02	1.190000e+01	119	1.006696e+00	9.785731e-01	1.190000e+01	119	5.925926e-01	5.486813e-01	
1.210000e+01	121	8.200000e+00	1.826000e+02	1.220000e+01	122	-4	1.554000e+02	1.210000e+01	121	9.570231e-01	9.785731e-01	1.210000e+01	121	5.511265e-01	5.486813e-01	
1.230000e+01	123	-6.200000e+00	1.896000e+02	1.240000e+01	124	-4.200000e+00	1.348000e+02	1.230000e+01	123	1.033806e+00	9.785731e-01	1.230000e+01	123	5.763671e-01	5.486813e-01	
1.250000e+01	125	-7.400000e+00	1.606000e+02	1.260000e+01	126	4.200000e+00	1.278000e+02	1.250000e+01	125	1.048303e+00	9.785731e-01	1.250000e+01	125	5.451957e-01	5.486813e-01	
1.270000e+01	127	3.400000e+00	166	1.280000e+01	128	4.600000e+00	1.336000e+02	1.270000e+01	127	9.799292e-01	9.785731e-01	1.270000e+01	127	5.590759e-01	5.486813e-01	
1.290000e+01	129	4.400000e+00	176	13	130	5.800000e+00	1.436000e+02	1.290000e+01	129	9.756098e-01	9.785731e-01	1.290000e+01	129	5.567901e-01	5.486813e-01	
1.310000e+01	131	5.600000e+00	1.882000e+02	1.320000e+01	132	1.200000e+00	1.602000e+02	1.310000e+01	131	9.711042e-01	9.785731e-01	1.310000e+01	131	5.474576e-01	5.486813e-01	
1.330000e+01	133	8.000000e-01	2.036000e+02	1.340000e+01	134	7.600000e+00	1.482000e+02	1.330000e+01	133	9.960861e-01	9.785731e-01	1.330000e+01	133	5.796937e-01	5.486813e-01	
1.350000e+01	135	4.400000e+00	194	1.360000e+01	136	2	1.522000e+02	1.350000e+01	135	9.778226e-01	9.785731e-01	1.350000e+01	135	5.658871e-01	5.486813e-01	
1.370000e+01	137	1.180000e+01	1.872000e+02	1.380000e+01	138	-3.800000e+00	1.398000e+02	1.370000e+01	137	9.407035e-01	9.785731e-01	1.370000e+01	137	5.873672e-01	5.486813e-01	
1.390000e+01	139	-1.480000e+01	1.862000e+02	14	140	5.200000e+00	1.262000e+02	1.390000e+01	139	1.086348e+00	9.785731e-01	1.390000e+01	139	5.759409e-01	5.486813e-01	
1.410000e+01	141	3.260000e+01	2.580000e+01	1.420000e+01	142	-1.800000e+00	1.344000e+02	1.410000e+01	141	4.417808e-01	5.975755e-01	1.410000e+01	141	3.029046e-01	5.486813e-01	
1.430000e+01	143	34	5.840000e+01	1.440000e+01	144	8.600000e+00	1.312000e+02	1.430000e+01	143	6.320346e-01	5.975755e-01	1.430000e+01	143	4.132379e-01	5.486813e-01	
1.450000e+01	145	-2.600000e+00	181	1.460000e+01	146	6	1.424000e+02	1.450000e+01	145	1.014574e+00	9.785731e-01	1.450000e+01	145	5.561097e-01	5.486813e-01	
1.470000e+01	147	1.260000e+01	1.112000e+02	1.480000e+01	148	8.600000e+00	1.348000e+02	1.470000e+01	147	8.982229e-01	9.785731e-01	1.470000e+01	147	4.787316e-01	5.486813e-01	
1.490000e+01	149	-1	1.926000e+02	15	150	9	1.338000e+02	1.490000e+01	149	1.005219e+00	9.785731e-01	1.490000e+01	149	5.888138e-01	5.486813e-01	
1.510000e+01	151	8.200000e+00	1.888000e+02	1.520000e+01	152	-3.400000e+00	1.564000e+02	1.510000e+01	151	9.583756e-01	9.785731e-01	1.510000e+01	151	5.574420e-01	5.486813e-01	
1.530000e+01	153	1	1.622000e+02	1.540000e+01	154	5.200000e+00	1.364000e+02	1.530000e+01	153	9.938725e-01	9.785731e-01	1.530000e+01	153	5.447263e-01	5.486813e-01	
1.550000e+01	155	12	1.726000e+02	1.560000e+01	156	4.400000e+00	134	1.550000e+01	155	9.349946e-01	9.785731e-01	1.550000e+01	155	5.794099e-01	5.486813e-01	
1.570000e+01	157	11	2.026000e+02	1.580000e+01	158	6.800000e+00	1.266000e+02	1.570000e+01	157	9.485019e-01	9.785731e-01	1.570000e+01	157	6.278660e-01	5.486813e-01	
1.590000e+01	159	8.200000e+00	1.796000e+02	16	160	3	1.344000e+02	1.590000e+01	159	9.563365e-01	9.785731e-01	1.590000e+01	159	5.828678e-01	5.486813e-01	
1.610000e+01	161	7.600000e+00	209	1.620000e+01	162	1.600000e+00	1.388000e+02	1.610000e+01	161	9.649123e-01	9.785731e-01	1.610000e+01	161	6.094541e-01	5.486813e-01	
1.630000e+01	163	6.780000e+01	1.720000e+01	1.640000e+01	164	-2.200000e+00	1.472000e+02	1.630000e+01	163	2.023529e-01	2.517905e-01	1.630000e+01	163	3.660637e-01	5.486813e-01	
1.650000e+01	165	7.460000e+01	21	1.660000e+01	166	5.200000e+00	1.302000e+02	1.650000e+01	165	2.196653e-01	2.517905e-01	1.650000e+01	165	4.233835e-01	5.486813e-01	
1.670000e+01	167	6.080000e+01	20	1.680000e+01	168	6.600000e+00	1.486000e+02	1.670000e+01	167	2.475248e-01	2.517905e-01	1.670000e+01	167	3.522232e-01	5.486813e-01	
1.690000e+01	169	7.780000e+01	1.960000e+01	17	170	1.800000e+00	1.252000e+02	1.690000e+01	169	2.012320e-01	2.517905e-01	1.690000e+01	169	4.375562e-01	5.486813e-01	
1.710000e+01	171	-6.000000e-01	1.280000e+01	1.720000e+01	172	-3.600000e+00	1.636000e+02	1.710000e+01	171	1.049180e+00	9.785731e-01	1.710000e+01	171	6.939704e-02	6.332543e-02	
1.730000e+01	173	5.200000e+00	2.000000e-01	1.740000e+01	174	-1.600000e+00	1.214000e+02	1.730000e+01	173	3.703704e-02	5.735731e-02	1.730000e+01	173	4.258675e-02	6.332543e-02	
1.750000e+01	175	-4.600000e+00	8.000000e-01	1.760000e+01	176	2.200000e+00	1.444000e+02	1.750000e+01	175	-2.105263e-01	5.735731e-02	1.750000e+01	175	-2.702703e-02	6.332543e-02	
1.770000e+01	177	-6.000000e-01	8.200000e+00	1.780000e+01	178	-1.200000e+00	1.362000e+02	1.770000e+01	177	1.078947e+00	9.785731e-01	1.770000e+01	177	5.285118e-02	6.332543e-02	
1.790000e+01	179	3.600000e+00	-2.000000e-01	18	180	12	1.592000e+02	1.790000e+01	179	-5.882353e-02	5.735731e-02	1.790000e+01	179	2.091021e-02	6.332543e-02	
1.810000e+01	181	5.140000e+01	2.240000e+01	1.820000e+01	182	1.800000e+00	1.476000e+02	1.810000e+01	181	3.035230e-01	2.517905e-01	1.810000e+01	181	3.333333e-01	5.486813e-01	
1.830000e+01	183	46	1.048000e+02	1.840000e+01	184	-8.000000e-01	1.368000e+02	1.830000e+01	183	6.949602e-01	5.975755e-01	1.830000e+01	183	5.243394e-01	5.486813e-01	
1.850000e+01	185	5.380000e+01	1.056000e+02	1.860000e+01	186	0	1.476000e+02	1.850000e+01	185	6.624843e-01	5.975755e-01	1.850000e+01	185	5.192182e-01	5.486813e-01	
1.870000e+01	187	4.660000e+01	94	1.880000e+01	188	6.200000e+00	151	1.870000e+01	187	6.685633e-01	5.975755e-01	1.870000e+01	187	4.821674e-01	5.486813e-01	
1.890000e+01	189	61	1.192000e+02	19	190	1.200000e+00	1.394000e+02	1.890000e+01	189	6.614872e-01	5.975755e-01	1.890000e+01	189	5.638298e-01	5.486813e-01	
1.910000e+01	191	5.880000e+01	8.020000e+01	1.920000e+01	192	2.800000e+00	1.402000e+02	1.910000e+01	191	5.769784e-01	5.975755e-01	1.910000e+01	191	4.978510e-01	5.486813e-01	
1.930000e+01	193	1.092000e+02	1.980000e+01	1.940000e+01	194	7.600000e+00	8.000000e-01	1.930000e+01	193	1.534884e-01	5.735731e-02	1.930000e+01	193	9.938367e-01	1.032341e+00	
1.950000e+01	195	108	4.600000e+00	1.960000e+01	196	2	-3.600000e+00	1.950000e+01	195	4.085258e-02	5.735731e-02	1.950000e+01	195	1.033028e+00	1.032341e+00	
1.970000e+01	197	8.040000e+01	5.200000e+00	1.980000e+01	198	-2.800000e+00	-3.800000e+00	1.970000e+01	197	6.074766e-02	5.735731e-02	1.970000e+01	197	1.046455e+00	1.032341e+00	
1.990000e+01	199	1.028000e+02	6.400000e+00	20	200	-1.600000e+00	3.600000e+00	1.990000e+01	199	5.860806e-02	5.735731e-02	1.990000e+01	199	9.680851e-01	1.032341e+00	
