time at 532nm	frame at 532nm	I_1 at 532nm(counts)	discr.I_1 at 532nm(counts)	I_2 at 532nm(counts)	discr.I_2 at 532nm(counts)	time at 532nm	frame at 532nm	FRET_1>2	discr.FRET_1>2	
1.000000e-01	1	1354	5.607300e+02	7016	5.468620e+03	1.000000e-01	1	8.382318e-01	9.069999e-01	
2.000000e-01	2	-2.170000e+01	5.607300e+02	5416	5.468620e+03	2.000000e-01	2	1.004023e+00	9.069999e-01	
3.000000e-01	3	2.247000e+02	5.607300e+02	4470	5.468620e+03	3.000000e-01	3	9.521375e-01	9.069999e-01	
4.000000e-01	4	7.137000e+02	5.607300e+02	6127	5.468620e+03	4.000000e-01	4	8.956686e-01	9.069999e-01	
5.000000e-01	5	5.708000e+02	5.607300e+02	5089	5.468620e+03	5.000000e-01	5	8.991484e-01	9.069999e-01	
6.000000e-01	6	1638	5.607300e+02	3721	5.468620e+03	6.000000e-01	6	6.943460e-01	9.069999e-01	
7.000000e-01	7	8.365000e+02	5.607300e+02	5368	5.468620e+03	7.000000e-01	7	8.651785e-01	9.069999e-01	
8.000000e-01	8	4.399000e+02	5.607300e+02	6975	5.468620e+03	8.000000e-01	8	9.406735e-01	9.069999e-01	
9.000000e-01	9	1330	5.607300e+02	4778	5.468620e+03	9.000000e-01	9	7.822528e-01	9.069999e-01	
1	10	5.416000e+02	5.607300e+02	5101	5.468620e+03	1	10	9.040159e-01	9.069999e-01	
1.100000e+00	11	-664	5.607300e+02	6791	5.468620e+03	1.100000e+00	11	1.108373e+00	9.069999e-01	
1.200000e+00	12	-4.191000e+02	5.607300e+02	4051	5.468620e+03	1.200000e+00	12	1.115394e+00	9.069999e-01	
1.300000e+00	13	1142	5.607300e+02	6001	5.468620e+03	1.300000e+00	13	8.401232e-01	9.069999e-01	
1.400000e+00	14	1049	5.607300e+02	5416	5.468620e+03	1.400000e+00	14	8.377417e-01	9.069999e-01	
1.500000e+00	15	2.196000e+01	5.607300e+02	5188	5.468620e+03	1.500000e+00	15	9.957850e-01	9.069999e-01	
1.600000e+00	16	3.941000e+02	5.607300e+02	5070	5.468620e+03	1.600000e+00	16	9.278747e-01	9.069999e-01	
1.700000e+00	17	7.812000e+02	5.607300e+02	4602	5.468620e+03	1.700000e+00	17	8.548819e-01	9.069999e-01	
1.800000e+00	18	6257	5.988284e+03	-1.331000e+02	6.625279e+02	1.800000e+00	18	-2.173452e-02	9.961609e-02	
1.900000e+00	19	6968	5.988284e+03	3.596000e+02	6.625279e+02	1.900000e+00	19	4.907473e-02	9.961609e-02	
2	20	5174	5.988284e+03	9.465000e+02	6.625279e+02	2	20	1.546442e-01	9.961609e-02	
2.100000e+00	21	6834	5.988284e+03	1680	6.625279e+02	2.100000e+00	21	1.973221e-01	9.961609e-02	
2.200000e+00	22	6144	5.988284e+03	1050	6.625279e+02	2.200000e+00	22	1.459550e-01	9.961609e-02	
2.300000e+00	23	3770	2.915383e+03	2751	3.601231e+03	2.300000e+00	23	4.218678e-01	5.526230e-01	
2.400000e+00	24	2230	2.915383e+03	5183	3.601231e+03	2.400000e+00	24	6.991771e-01	5.526230e-01	
2.500000e+00	25	2956	2.915383e+03	3965	3.601231e+03	2.500000e+00	25	5.728941e-01	5.526230e-01	
2.600000e+00	26	3186	2.915383e+03	2880	3.601231e+03	2.600000e+00	26	4.747774e-01	5.526230e-01	
2.700000e+00	27	1567	2.915383e+03	3918	3.601231e+03	2.700000e+00	27	7.143118e-01	5.526230e-01	
2.800000e+00	28	3003	2.915383e+03	3886	3.601231e+03	2.800000e+00	28	5.640877e-01	5.526230e-01	
2.900000e+00	29	1975	2.915383e+03	3326	3.601231e+03	2.900000e+00	29	6.274288e-01	5.526230e-01	
3	30	3043	2.915383e+03	2971	3.601231e+03	3	30	4.940140e-01	5.526230e-01	
3.100000e+00	31	2328	2.915383e+03	3509	3.601231e+03	3.100000e+00	31	6.011650e-01	5.526230e-01	
3.200000e+00	32	3515	2.915383e+03	3523	3.601231e+03	3.200000e+00	32	5.005683e-01	5.526230e-01	
3.300000e+00	33	3176	2.915383e+03	3185	3.601231e+03	3.300000e+00	33	5.007074e-01	5.526230e-01	
3.400000e+00	34	2388	2.915383e+03	3394	3.601231e+03	3.400000e+00	34	5.869941e-01	5.526230e-01	
3.500000e+00	35	2835	2.915383e+03	3413	3.601231e+03	3.500000e+00	35	5.462548e-01	5.526230e-01	
3.600000e+00	36	3144	2.915383e+03	4070	3.601231e+03	3.600000e+00	36	5.641808e-01	5.526230e-01	
3.700000e+00	37	2521	2.915383e+03	3687	3.601231e+03	3.700000e+00	37	5.939111e-01	5.526230e-01	
3.800000e+00	38	2008	2.915383e+03	4057	3.601231e+03	3.800000e+00	38	6.689200e-01	5.526230e-01	
3.900000e+00	39	2476	2.915383e+03	4697	3.601231e+03	3.900000e+00	39	6.548167e-01	5.526230e-01	
4	40	3137	2.915383e+03	3647	3.601231e+03	4	40	5.375884e-01	5.526230e-01	
4.100000e+00	41	3177	2.915383e+03	3355	3.601231e+03	4.100000e+00	41	5.136252e-01	5.526230e-01	
4.200000e+00	42	2564	2.915383e+03	5452	3.601231e+03	4.200000e+00	42	6.801397e-01	5.526230e-01	
4.300000e+00	43	2749	2.915383e+03	2657	3.601231e+03	4.300000e+00	43	4.914909e-01	5.526230e-01	
4.400000e+00	44	3317	2.915383e+03	4164	3.601231e+03	4.400000e+00	44	5.566101e-01	5.526230e-01	
4.500000e+00	45	3421	2.915383e+03	3491	3.601231e+03	4.500000e+00	45	5.050637e-01	5.526230e-01	
4.600000e+00	46	1611	5.607300e+02	6250	5.468620e+03	4.600000e+00	46	7.950642e-01	9.069999e-01	
4.700000e+00	47	2.355000e+02	5.607300e+02	5323	5.468620e+03	4.700000e+00	47	9.576325e-01	9.069999e-01	
4.800000e+00	48	5.916000e+01	5.607300e+02	3965	5.468620e+03	4.800000e+00	48	9.852988e-01	9.069999e-01	
4.900000e+00	49	7.695000e+02	5.607300e+02	4940	5.468620e+03	4.900000e+00	49	8.652246e-01	9.069999e-01	
5	50	-3.162000e+02	5.607300e+02	4619	5.468620e+03	5	50	1.073487e+00	9.069999e-01	
5.100000e+00	51	1997	5.607300e+02	6267	5.468620e+03	5.100000e+00	51	7.583495e-01	9.069999e-01	
5.200000e+00	52	4.861000e+02	5.607300e+02	5616	5.468620e+03	5.200000e+00	52	9.203389e-01	9.069999e-01	
5.300000e+00	53	-7.787000e+02	5.607300e+02	5876	5.468620e+03	5.300000e+00	53	1.152767e+00	9.069999e-01	
5.400000e+00	54	4.599000e+02	5.607300e+02	2995	5.468620e+03	5.400000e+00	54	8.668847e-01	9.069999e-01	
5.500000e+00	55	6754	5.988284e+03	-1.058000e+02	6.625279e+02	5.500000e+00	55	-1.591408e-02	9.961609e-02	
5.600000e+00	56	5194	5.988284e+03	5.854000e+02	6.625279e+02	5.600000e+00	56	1.012908e-01	9.961609e-02	
5.700000e+00	57	5842	5.988284e+03	1163	6.625279e+02	5.700000e+00	57	1.660243e-01	9.961609e-02	
5.800000e+00	58	6294	5.988284e+03	7.188000e+02	6.625279e+02	5.800000e+00	58	1.024983e-01	9.961609e-02	
5.900000e+00	59	5330	5.988284e+03	1582	6.625279e+02	5.900000e+00	59	2.288773e-01	9.961609e-02	
6	60	6829	5.988284e+03	5.627000e+02	6.625279e+02	6	60	7.612593e-02	9.961609e-02	
6.100000e+00	61	6312	5.988284e+03	6.154000e+02	6.625279e+02	6.100000e+00	61	8.883564e-02	9.961609e-02	
6.200000e+00	62	5577	5.988284e+03	1.236000e+02	6.625279e+02	6.200000e+00	62	2.168193e-02	9.961609e-02	
6.300000e+00	63	6580	5.988284e+03	-3.903000e+02	6.625279e+02	6.300000e+00	63	-6.305637e-02	9.961609e-02	
6.400000e+00	64	5931	5.988284e+03	1.935000e+02	6.625279e+02	6.400000e+00	64	3.159442e-02	9.961609e-02	
6.500000e+00	65	7078	5.988284e+03	3.872000e+02	6.625279e+02	6.500000e+00	65	5.186733e-02	9.961609e-02	
6.600000e+00	66	5016	5.988284e+03	1006	6.625279e+02	6.600000e+00	66	1.670541e-01	9.961609e-02	
6.700000e+00	67	8227	5.988284e+03	7.277000e+02	6.625279e+02	6.700000e+00	67	8.126459e-02	9.961609e-02	
6.800000e+00	68	6125	5.988284e+03	1453	6.625279e+02	6.800000e+00	68	1.917392e-01	9.961609e-02	
6.900000e+00	69	6781	5.988284e+03	6.121000e+00	6.625279e+02	6.900000e+00	69	9.018551e-04	9.961609e-02	
7	70	5950	5.988284e+03	5.776000e+02	6.625279e+02	7	70	8.848581e-02	9.961609e-02	
7.100000e+00	71	5079	5.988284e+03	526	6.625279e+02	7.100000e+00	71	9.384478e-02	9.961609e-02	
7.200000e+00	72	6394	5.988284e+03	4.433000e+02	6.625279e+02	7.200000e+00	72	6.483553e-02	9.961609e-02	
7.300000e+00	73	7557	5.988284e+03	1248	6.625279e+02	7.300000e+00	73	1.417376e-01	9.961609e-02	
7.400000e+00	74	7050	5.988284e+03	1548	6.625279e+02	7.400000e+00	74	1.800419e-01	9.961609e-02	
7.500000e+00	75	6398	5.988284e+03	6.841000e+02	6.625279e+02	7.500000e+00	75	9.659564e-02	9.961609e-02	
7.600000e+00	76	5229	5.988284e+03	-3.152000e+02	6.625279e+02	7.600000e+00	76	-6.414587e-02	9.961609e-02	
7.700000e+00	77	4718	5.988284e+03	1330	6.625279e+02	7.700000e+00	77	2.199074e-01	9.961609e-02	
7.800000e+00	78	6222	5.988284e+03	4.946000e+02	6.625279e+02	7.800000e+00	78	7.363845e-02	9.961609e-02	
7.900000e+00	79	7221	5.988284e+03	1.757000e+02	6.625279e+02	7.900000e+00	79	2.375384e-02	9.961609e-02	
8	80	5688	5.988284e+03	2052	3.601231e+03	8	80	2.651163e-01	9.961609e-02	
8.100000e+00	81	3347	2.915383e+03	3935	3.601231e+03	8.100000e+00	81	5.403735e-01	5.526230e-01	
8.200000e+00	82	3273	2.915383e+03	3329	3.601231e+03	8.200000e+00	82	5.042411e-01	5.526230e-01	
8.300000e+00	83	3122	2.915383e+03	3979	3.601231e+03	8.300000e+00	83	5.603436e-01	5.526230e-01	
8.400000e+00	84	3052	2.915383e+03	3573	3.601231e+03	8.400000e+00	84	5.393208e-01	5.526230e-01	
8.500000e+00	85	3100	2.915383e+03	3304	3.601231e+03	8.500000e+00	85	5.159275e-01	5.526230e-01	
8.600000e+00	86	1112	5.607300e+02	5050	5.468620e+03	8.600000e+00	86	8.195391e-01	9.069999e-01	
8.700000e+00	87	1835	5.607300e+02	4872	5.468620e+03	8.700000e+00	87	7.264052e-01	9.069999e-01	
8.800000e+00	88	5.643000e+02	5.607300e+02	4948	5.468620e+03	8.800000e+00	88	8.976289e-01	9.069999e-01	
8.900000e+00	89	4.361000e+02	5.607300e+02	6301	5.468620e+03	8.900000e+00	89	9.352689e-01	9.069999e-01	
9	90	3949	5.607300e+02	2172	3.601231e+03	9	90	3.548440e-01	9.069999e-01	
9.100000e+00	91	7.312000e+02	5.607300e+02	5096	3.601231e+03	9.100000e+00	91	8.745195e-01	9.069999e-01	
9.200000e+00	92	-6.147000e+01	5.607300e+02	4197	3.601231e+03	9.200000e+00	92	1.014864e+00	9.069999e-01	
9.300000e+00	93	1159	5.607300e+02	4092	3.601231e+03	9.300000e+00	93	7.792801e-01	9.069999e-01	
9.400000e+00	94	2.803000e+02	5.607300e+02	5123	5.468620e+03	9.400000e+00	94	9.481243e-01	9.069999e-01	
9.500000e+00	95	7.322000e+02	5.607300e+02	5154	5.468620e+03	9.500000e+00	95	8.756074e-01	9.069999e-01	
9.600000e+00	96	5.097000e+02	5.607300e+02	6102	5.468620e+03	9.600000e+00	96	9.229094e-01	9.069999e-01	
9.700000e+00	97	8.039000e+01	5.607300e+02	5866	5.468620e+03	9.700000e+00	97	9.864809e-01	9.069999e-01	
9.800000e+00	98	1457	5.607300e+02	4907	5.468620e+03	9.800000e+00	98	7.710559e-01	9.069999e-01	
9.900000e+00	99	6.727000e+02	5.607300e+02	5944	5.468620e+03	9.900000e+00	99	8.983330e-01	9.069999e-01	
10	100	2.884000e+01	5.607300e+02	5383	5.468620e+03	10	100	9.946709e-01	9.069999e-01	
1.010000e+01	101	5.633000e+02	5.607300e+02	5880	5.468620e+03	1.010000e+01	101	9.125759e-01	9.069999e-01	
1.020000e+01	102	-1.916000e+02	5.607300e+02	6461	5.468620e+03	1.020000e+01	102	1.030561e+00	9.069999e-01	
1.030000e+01	103	869	5.607300e+02	4508	5.468620e+03	1.030000e+01	103	8.383857e-01	9.069999e-01	
1.040000e+01	104	-1.866000e+02	5.607300e+02	3593	5.468620e+03	1.040000e+01	104	1.054779e+00	9.069999e-01	
1.050000e+01	105	1.244000e+02	5.607300e+02	5175	5.468620e+03	1.050000e+01	105	9.765256e-01	9.069999e-01	
1.060000e+01	106	9.692000e+02	5.607300e+02	5693	5.468620e+03	1.060000e+01	106	8.545225e-01	9.069999e-01	
1.070000e+01	107	-8.266000e+01	5.607300e+02	4796	5.468620e+03	1.070000e+01	107	1.017537e+00	9.069999e-01	
1.080000e+01	108	1217	5.607300e+02	5554	5.468620e+03	1.080000e+01	108	8.202629e-01	9.069999e-01	
1.090000e+01	109	1598	5.607300e+02	4533	5.468620e+03	1.090000e+01	109	7.393574e-01	9.069999e-01	
11	110	3.356000e+02	5.607300e+02	4881	5.468620e+03	11	110	9.356669e-01	9.069999e-01	
1.110000e+01	111	5.501000e+02	5.607300e+02	5733	5.468620e+03	1.110000e+01	111	9.124477e-01	9.069999e-01	
1.120000e+01	112	1357	5.607300e+02	6049	5.468620e+03	1.120000e+01	112	8.167702e-01	9.069999e-01	
1.130000e+01	113	8.218000e+00	5.607300e+02	5839	5.468620e+03	1.130000e+01	113	9.985945e-01	9.069999e-01	
1.140000e+01	114	888	5.607300e+02	7065	5.468620e+03	1.140000e+01	114	8.883440e-01	9.069999e-01	
1.150000e+01	115	1.867000e+02	5.607300e+02	6789	5.468620e+03	1.150000e+01	115	9.732357e-01	9.069999e-01	
1.160000e+01	116	-2.723000e+02	5.607300e+02	5607	5.468620e+03	1.160000e+01	116	1.051043e+00	9.069999e-01	
1.170000e+01	117	-1.524000e+02	5.607300e+02	4348	5.468620e+03	1.170000e+01	117	1.036324e+00	9.069999e-01	
1.180000e+01	118	329	5.607300e+02	5177	5.468620e+03	1.180000e+01	118	9.402470e-01	9.069999e-01	
1.190000e+01	119	5.857000e+02	5.607300e+02	5645	5.468620e+03	1.190000e+01	119	9.059977e-01	9.069999e-01	
12	120	1473	5.607300e+02	5437	5.468620e+03	12	120	7.868307e-01	9.069999e-01	
1.210000e+01	121	1.369000e+02	5.607300e+02	5441	5.468620e+03	1.210000e+01	121	9.754567e-01	9.069999e-01	
1.220000e+01	122	-3.967000e+02	5.607300e+02	5103	5.468620e+03	1.220000e+01	122	1.084291e+00	9.069999e-01	
1.230000e+01	123	5.277000e+02	5.607300e+02	5714	5.468620e+03	1.230000e+01	123	9.154557e-01	9.069999e-01	
1.240000e+01	124	1132	5.607300e+02	6618	5.468620e+03	1.240000e+01	124	8.539355e-01	9.069999e-01	
1.250000e+01	125	-3.253000e+01	5.607300e+02	5551	5.468620e+03	1.250000e+01	125	1.005895e+00	9.069999e-01	
1.260000e+01	126	3.517000e+02	5.607300e+02	4597	5.468620e+03	1.260000e+01	126	9.289308e-01	9.069999e-01	
1.270000e+01	127	-1.029000e+02	5.607300e+02	5498	5.468620e+03	1.270000e+01	127	1.019073e+00	9.069999e-01	
1.280000e+01	128	6.389000e+02	5.607300e+02	6000	5.468620e+03	1.280000e+01	128	9.037642e-01	9.069999e-01	
1.290000e+01	129	1772	5.607300e+02	6369	5.468620e+03	1.290000e+01	129	7.823363e-01	9.069999e-01	
13	130	8.607000e+02	5.607300e+02	6220	5.468620e+03	13	130	8.784442e-01	9.069999e-01	
1.310000e+01	131	-4.865000e+02	5.607300e+02	6936	5.468620e+03	1.310000e+01	131	1.075432e+00	9.069999e-01	
1.320000e+01	132	-1069	5.607300e+02	6361	5.468620e+03	1.320000e+01	132	1.202003e+00	9.069999e-01	
1.330000e+01	133	6.486000e+02	5.607300e+02	5669	5.468620e+03	1.330000e+01	133	8.973344e-01	9.069999e-01	
1.340000e+01	134	3.662000e+02	5.607300e+02	4261	5.468620e+03	1.340000e+01	134	9.208593e-01	9.069999e-01	
1.350000e+01	135	145	5.607300e+02	4101	5.468620e+03	1.350000e+01	135	9.658502e-01	9.069999e-01	
1.360000e+01	136	9.464000e+00	5.607300e+02	7361	5.468620e+03	1.360000e+01	136	9.987160e-01	9.069999e-01	
1.370000e+01	137	8.078000e+02	5.607300e+02	4969	5.468620e+03	1.370000e+01	137	8.601648e-01	9.069999e-01	
1.380000e+01	138	5.916000e+02	5.607300e+02	5605	5.468620e+03	1.380000e+01	138	9.045283e-01	9.069999e-01	
1.390000e+01	139	6.594000e+02	5.607300e+02	7086	5.468620e+03	1.390000e+01	139	9.148656e-01	9.069999e-01	
14	140	362	5.607300e+02	5653	5.468620e+03	14	140	9.398171e-01	9.069999e-01	
1.410000e+01	141	3.312000e+02	5.607300e+02	5863	5.468620e+03	1.410000e+01	141	9.465306e-01	9.069999e-01	
1.420000e+01	142	805	5.607300e+02	5763	5.468620e+03	1.420000e+01	142	8.774361e-01	9.069999e-01	
1.430000e+01	143	1133	5.607300e+02	5528	5.468620e+03	1.430000e+01	143	8.299054e-01	9.069999e-01	
1.440000e+01	144	-3.296000e+02	5.607300e+02	5595	5.468620e+03	1.440000e+01	144	1.062597e+00	9.069999e-01	
1.450000e+01	145	2.118000e+01	5.607300e+02	5022	5.468620e+03	1.450000e+01	145	9.958003e-01	9.069999e-01	
1.460000e+01	146	2.686000e+02	5.607300e+02	5449	5.468620e+03	1.460000e+01	146	9.530222e-01	9.069999e-01	
1.470000e+01	147	-1.337000e+01	5.607300e+02	5687	5.468620e+03	1.470000e+01	147	1.002357e+00	9.069999e-01	
1.480000e+01	148	-148	5.607300e+02	6200	5.468620e+03	1.480000e+01	148	1.024455e+00	9.069999e-01	
1.490000e+01	149	6.727000e+02	5.607300e+02	5379	5.468620e+03	1.490000e+01	149	8.888412e-01	9.069999e-01	
15	150	7.213000e+02	5.607300e+02	5959	5.468620e+03	15	150	8.920258e-01	9.069999e-01	
1.510000e+01	151	1611	5.607300e+02	6060	5.468620e+03	1.510000e+01	151	7.899883e-01	9.069999e-01	
1.520000e+01	152	-3.871000e+02	5.607300e+02	6290	5.468620e+03	1.520000e+01	152	1.065578e+00	9.069999e-01	
1.530000e+01	153	6.954000e+02	5.607300e+02	6257	5.468620e+03	1.530000e+01	153	8.999770e-01	9.069999e-01	
1.540000e+01	154	-7.012000e+02	5.607300e+02	5162	5.468620e+03	1.540000e+01	154	1.157192e+00	9.069999e-01	
1.550000e+01	155	4.189000e+02	5.607300e+02	5509	5.468620e+03	1.550000e+01	155	9.293342e-01	9.069999e-01	
1.560000e+01	156	6.665000e+02	5.607300e+02	5385	5.468620e+03	1.560000e+01	156	8.898620e-01	9.069999e-01	
1.570000e+01	157	1622	5.607300e+02	5497	5.468620e+03	1.570000e+01	157	7.721590e-01	9.069999e-01	
1.580000e+01	158	813	5.607300e+02	3385	5.468620e+03	1.580000e+01	158	8.063364e-01	9.069999e-01	
1.590000e+01	159	8.833000e+02	5.607300e+02	4432	5.468620e+03	1.590000e+01	159	8.338194e-01	9.069999e-01	
16	160	1082	5.607300e+02	6407	5.468620e+03	16	160	8.555214e-01	9.069999e-01	
1.610000e+01	161	-2.942000e+01	5.607300e+02	5347	5.468620e+03	1.610000e+01	161	1.005533e+00	9.069999e-01	
1.620000e+01	162	6.648000e+02	5.607300e+02	5517	5.468620e+03	1.620000e+01	162	8.924585e-01	9.069999e-01	
1.630000e+01	163	3.367000e+02	5.607300e+02	5029	5.468620e+03	1.630000e+01	163	9.372496e-01	9.069999e-01	
1.640000e+01	164	6.446000e+02	5.607300e+02	5873	5.468620e+03	1.640000e+01	164	9.010986e-01	9.069999e-01	
1.650000e+01	165	1164	5.607300e+02	5387	5.468620e+03	1.650000e+01	165	8.223172e-01	9.069999e-01	
1.660000e+01	166	-1.948000e+01	5.607300e+02	5415	5.468620e+03	1.660000e+01	166	1.003610e+00	9.069999e-01	
1.670000e+01	167	5.121000e+02	5.607300e+02	4371	5.468620e+03	1.670000e+01	167	8.951281e-01	9.069999e-01	
1.680000e+01	168	7.457000e+02	5.607300e+02	4957	5.468620e+03	1.680000e+01	168	8.692374e-01	9.069999e-01	
1.690000e+01	169	6957	5.988284e+03	-5.113000e+02	6.625279e+02	1.690000e+01	169	-7.932420e-02	9.961609e-02	
17	170	4641	5.988284e+03	7.796000e+02	6.625279e+02	17	170	1.438217e-01	9.961609e-02	
1.710000e+01	171	5878	5.988284e+03	-3.703000e+01	6.625279e+02	1.710000e+01	171	-6.339700e-03	9.961609e-02	
1.720000e+01	172	7161	5.988284e+03	4.591000e+02	6.625279e+02	1.720000e+01	172	6.024855e-02	9.961609e-02	
1.730000e+01	173	5540	5.988284e+03	3.641000e+02	6.625279e+02	1.730000e+01	173	6.166901e-02	9.961609e-02	
1.740000e+01	174	4809	5.988284e+03	7.913000e+02	6.625279e+02	1.740000e+01	174	1.412960e-01	9.961609e-02	
1.750000e+01	175	5728	5.988284e+03	1.342000e+02	6.625279e+02	1.750000e+01	175	2.289243e-02	9.961609e-02	
1.760000e+01	176	4706	5.988284e+03	447	6.625279e+02	1.760000e+01	176	8.674559e-02	9.961609e-02	
1.770000e+01	177	7448	5.988284e+03	8.633000e+02	6.625279e+02	1.770000e+01	177	1.038706e-01	9.961609e-02	
1.780000e+01	178	6555	5.988284e+03	-3.526000e+01	6.625279e+02	1.780000e+01	178	-5.408191e-03	9.961609e-02	
1.790000e+01	179	7508	5.988284e+03	8.967000e+02	6.625279e+02	1.790000e+01	179	1.066903e-01	9.961609e-02	
18	180	5117	5.988284e+03	7.575000e+02	6.625279e+02	18	180	1.289471e-01	9.961609e-02	
1.810000e+01	181	6074	5.988284e+03	8.877000e+02	6.625279e+02	1.810000e+01	181	1.275120e-01	9.961609e-02	
1.820000e+01	182	6699	5.988284e+03	-2.905000e+02	6.625279e+02	1.820000e+01	182	-4.533042e-02	9.961609e-02	
1.830000e+01	183	5654	5.988284e+03	1601	6.625279e+02	1.830000e+01	183	2.206754e-01	9.961609e-02	
1.840000e+01	184	4949	5.988284e+03	7.308000e+02	6.625279e+02	1.840000e+01	184	1.286665e-01	9.961609e-02	
1.850000e+01	185	5052	5.988284e+03	5.275000e+02	6.625279e+02	1.850000e+01	185	9.454252e-02	9.961609e-02	
1.860000e+01	186	6518	5.988284e+03	3.998000e+02	6.625279e+02	1.860000e+01	186	5.779294e-02	9.961609e-02	
1.870000e+01	187	4348	5.988284e+03	1112	6.625279e+02	1.870000e+01	187	2.036630e-01	9.961609e-02	
1.880000e+01	188	5621	5.988284e+03	2.033000e+02	6.625279e+02	1.880000e+01	188	3.490548e-02	9.961609e-02	
1.890000e+01	189	5858	5.988284e+03	8.478000e+02	6.625279e+02	1.890000e+01	189	1.264279e-01	9.961609e-02	
19	190	5463	5.988284e+03	-3.684000e+01	6.625279e+02	19	190	-6.789332e-03	9.961609e-02	
1.910000e+01	191	6787	5.988284e+03	-2.739000e+02	6.625279e+02	1.910000e+01	191	-4.205371e-02	9.961609e-02	
1.920000e+01	192	6234	5.988284e+03	3.764000e+02	6.625279e+02	1.920000e+01	192	5.694058e-02	9.961609e-02	
1.930000e+01	193	6899	5.988284e+03	1.102000e+02	6.625279e+02	1.930000e+01	193	1.572219e-02	9.961609e-02	
1.940000e+01	194	6605	5.988284e+03	8.938000e+02	6.625279e+02	1.940000e+01	194	1.191924e-01	9.961609e-02	
1.950000e+01	195	6113	5.988284e+03	-3.829000e+02	6.625279e+02	1.950000e+01	195	-6.682257e-02	9.961609e-02	
1.960000e+01	196	5851	5.988284e+03	4.014000e+02	6.625279e+02	1.960000e+01	196	6.419935e-02	9.961609e-02	
1.970000e+01	197	6441	5.988284e+03	1243	6.625279e+02	1.970000e+01	197	1.617647e-01	9.961609e-02	
1.980000e+01	198	5995	5.988284e+03	1356	6.625279e+02	1.980000e+01	198	1.844647e-01	9.961609e-02	
1.990000e+01	199	6880	5.988284e+03	1052	6.625279e+02	1.990000e+01	199	1.326273e-01	9.961609e-02	
20	200	7595	5.988284e+03	7.685000e+02	6.625279e+02	20	200	9.188737e-02	9.961609e-02	
2.010000e+01	201	3876	5.988284e+03	-4.646000e+02	6.625279e+02	2.010000e+01	201	-1.361904e-01	9.961609e-02	
2.020000e+01	202	4478	5.988284e+03	5.638000e+02	6.625279e+02	2.020000e+01	202	1.118251e-01	9.961609e-02	
2.030000e+01	203	5669	5.988284e+03	1504	6.625279e+02	2.030000e+01	203	2.096752e-01	9.961609e-02	
2.040000e+01	204	6423	5.988284e+03	1036	6.625279e+02	2.040000e+01	204	1.388926e-01	9.961609e-02	
2.050000e+01	205	5054	5.988284e+03	-5.303000e+02	6.625279e+02	2.050000e+01	205	-1.172270e-01	9.961609e-02	
2.060000e+01	206	4503	5.988284e+03	4.722000e+02	6.625279e+02	2.060000e+01	206	9.491076e-02	9.961609e-02	
2.070000e+01	207	6668	5.988284e+03	377	6.625279e+02	2.070000e+01	207	5.351313e-02	9.961609e-02	
2.080000e+01	208	3998	5.988284e+03	2.422000e+02	6.625279e+02	2.080000e+01	208	5.711995e-02	9.961609e-02	
2.090000e+01	209	6437	5.988284e+03	1333	6.625279e+02	2.090000e+01	209	1.715573e-01	9.961609e-02	
21	210	5739	5.988284e+03	8.564000e+02	6.625279e+02	21	210	1.298481e-01	9.961609e-02	
2.110000e+01	211	5971	5.988284e+03	-4.271000e+02	6.625279e+02	2.110000e+01	211	-7.703963e-02	9.961609e-02	
2.120000e+01	212	6289	5.988284e+03	1000	6.625279e+02	2.120000e+01	212	1.371930e-01	9.961609e-02	
2.130000e+01	213	4378	5.988284e+03	1040	6.625279e+02	2.130000e+01	213	1.919528e-01	9.961609e-02	
2.140000e+01	214	5915	5.988284e+03	3.846000e+02	6.625279e+02	2.140000e+01	214	6.105150e-02	9.961609e-02	
2.150000e+01	215	5610	5.988284e+03	7.844000e+02	6.625279e+02	2.150000e+01	215	1.226698e-01	9.961609e-02	
2.160000e+01	216	7278	5.988284e+03	1228	6.625279e+02	2.160000e+01	216	1.443687e-01	9.961609e-02	
2.170000e+01	217	5669	5.988284e+03	7.273000e+02	6.625279e+02	2.170000e+01	217	1.137064e-01	9.961609e-02	
2.180000e+01	218	7235	5.988284e+03	8.707000e+02	6.625279e+02	2.180000e+01	218	1.074182e-01	9.961609e-02	
2.190000e+01	219	5092	5.988284e+03	1072	6.625279e+02	2.190000e+01	219	1.739130e-01	9.961609e-02	
22	220	8.788000e+01	5.607300e+02	4334	5.468620e+03	22	220	9.801261e-01	9.069999e-01	
2.210000e+01	221	1096	5.607300e+02	5406	5.468620e+03	2.210000e+01	221	8.314365e-01	9.069999e-01	
2.220000e+01	222	8.539000e+01	5.607300e+02	6142	5.468620e+03	2.220000e+01	222	9.862880e-01	9.069999e-01	
2.230000e+01	223	1.956000e+02	5.607300e+02	5758	5.468620e+03	2.230000e+01	223	9.671459e-01	9.069999e-01	
2.240000e+01	224	6.079000e+02	5.607300e+02	5377	5.468620e+03	2.240000e+01	224	8.984277e-01	9.069999e-01	
2.250000e+01	225	1134	5.607300e+02	7995	5.468620e+03	2.250000e+01	225	8.757805e-01	9.069999e-01	
2.260000e+01	226	427	5.607300e+02	5217	5.468620e+03	2.260000e+01	226	9.243444e-01	9.069999e-01	
2.270000e+01	227	1078	5.607300e+02	4775	5.468620e+03	2.270000e+01	227	8.158209e-01	9.069999e-01	
2.280000e+01	228	3.814000e+02	5.607300e+02	5364	5.468620e+03	2.280000e+01	228	9.336165e-01	9.069999e-01	
2.290000e+01	229	4.322000e+02	5.607300e+02	6485	5.468620e+03	2.290000e+01	229	9.375181e-01	9.069999e-01	
23	230	7.472000e+02	5.607300e+02	5707	5.468620e+03	23	230	8.842304e-01	9.069999e-01	
2.310000e+01	231	1.884000e+02	5.607300e+02	4996	5.468620e+03	2.310000e+01	231	9.636602e-01	9.069999e-01	
2.320000e+01	232	-3.549000e+02	5.607300e+02	4085	5.468620e+03	2.320000e+01	232	1.095145e+00	9.069999e-01	
2.330000e+01	233	1480	5.607300e+02	6344	5.468620e+03	2.330000e+01	233	8.108384e-01	9.069999e-01	
2.340000e+01	234	-8.946000e+02	5.607300e+02	4883	5.468620e+03	2.340000e+01	234	1.224300e+00	9.069999e-01	
2.350000e+01	235	1622	5.607300e+02	4675	5.468620e+03	2.350000e+01	235	7.424170e-01	9.069999e-01	
2.360000e+01	236	4967	5.607300e+02	1160	5.468620e+03	2.360000e+01	236	1.893259e-01	9.069999e-01	
2.370000e+01	237	1441	5.607300e+02	4831	5.468620e+03	2.370000e+01	237	7.702487e-01	9.069999e-01	
2.380000e+01	238	-2.502000e+01	5.607300e+02	5898	5.468620e+03	2.380000e+01	238	1.004260e+00	9.069999e-01	
2.390000e+01	239	3.414000e+02	5.607300e+02	6287	5.468620e+03	2.390000e+01	239	9.484944e-01	9.069999e-01	
24	240	-9.247000e+02	5.607300e+02	4534	5.468620e+03	24	240	1.256199e+00	9.069999e-01	
2.410000e+01	241	5862	5.988284e+03	6.591000e+02	6.625279e+02	2.410000e+01	241	1.010719e-01	9.961609e-02	
2.420000e+01	242	7564	5.988284e+03	572	6.625279e+02	2.420000e+01	242	7.030482e-02	9.961609e-02	
2.430000e+01	243	6019	5.988284e+03	1841	6.625279e+02	2.430000e+01	243	2.342239e-01	9.961609e-02	
2.440000e+01	244	5336	5.988284e+03	6.774000e+01	6.625279e+02	2.440000e+01	244	1.253576e-02	9.961609e-02	
2.450000e+01	245	6217	5.988284e+03	3.289000e+02	6.625279e+02	2.450000e+01	245	5.024519e-02	9.961609e-02	
2.460000e+01	246	6213	5.988284e+03	968	6.625279e+02	2.460000e+01	246	1.348002e-01	9.961609e-02	
2.470000e+01	247	6615	5.988284e+03	1391	6.625279e+02	2.470000e+01	247	1.737447e-01	9.961609e-02	
2.480000e+01	248	5201	5.988284e+03	1171	6.625279e+02	2.480000e+01	248	1.837728e-01	9.961609e-02	
2.490000e+01	249	5921	5.988284e+03	3.598000e+02	6.625279e+02	2.490000e+01	249	5.728570e-02	9.961609e-02	
25	250	5771	5.988284e+03	-6.445000e+01	6.625279e+02	25	250	-1.129404e-02	9.961609e-02	
2.510000e+01	251	5834	5.988284e+03	1988	6.625279e+02	2.510000e+01	251	2.541549e-01	9.961609e-02	
2.520000e+01	252	6249	5.988284e+03	1460	6.625279e+02	2.520000e+01	252	1.893890e-01	9.961609e-02	
2.530000e+01	253	5716	5.988284e+03	1122	6.625279e+02	2.530000e+01	253	1.640831e-01	9.961609e-02	
2.540000e+01	254	5244	5.988284e+03	1995	6.625279e+02	2.540000e+01	254	2.755906e-01	9.961609e-02	
2.550000e+01	255	6066	5.988284e+03	1562	6.625279e+02	2.550000e+01	255	2.047719e-01	9.961609e-02	
2.560000e+01	256	4446	5.988284e+03	1206	6.625279e+02	2.560000e+01	256	2.133758e-01	9.961609e-02	
2.570000e+01	257	6267	5.988284e+03	-2.489000e+02	6.625279e+02	2.570000e+01	257	-4.135857e-02	9.961609e-02	
2.580000e+01	258	6477	5.988284e+03	188	6.625279e+02	2.580000e+01	258	2.820705e-02	9.961609e-02	
2.590000e+01	259	7479	5.988284e+03	1438	6.625279e+02	2.590000e+01	259	1.612650e-01	9.961609e-02	
26	260	8409	5.988284e+03	1330	6.625279e+02	26	260	1.365643e-01	9.961609e-02	
2.610000e+01	261	6052	5.988284e+03	-2.835000e+01	6.625279e+02	2.610000e+01	261	-4.706449e-03	9.961609e-02	
2.620000e+01	262	6298	5.988284e+03	-6.840000e+01	6.625279e+02	2.620000e+01	262	-1.097984e-02	9.961609e-02	
2.630000e+01	263	4411	5.988284e+03	5.874000e+02	6.625279e+02	2.630000e+01	263	1.175176e-01	9.961609e-02	
2.640000e+01	264	4928	5.988284e+03	5.368000e+02	6.625279e+02	2.640000e+01	264	9.822866e-02	9.961609e-02	
2.650000e+01	265	6189	5.988284e+03	1710	6.625279e+02	2.650000e+01	265	2.164831e-01	9.961609e-02	
2.660000e+01	266	7014	5.988284e+03	-2.123000e+02	6.625279e+02	2.660000e+01	266	-3.121279e-02	9.961609e-02	
2.670000e+01	267	6302	5.988284e+03	-3.604000e+02	6.625279e+02	2.670000e+01	267	-6.065706e-02	9.961609e-02	
2.680000e+01	268	5874	5.988284e+03	1245	6.625279e+02	2.680000e+01	268	1.748841e-01	9.961609e-02	
2.690000e+01	269	6826	5.988284e+03	-509	6.625279e+02	2.690000e+01	269	-8.057622e-02	9.961609e-02	
27	270	5953	5.988284e+03	2.939000e+01	6.625279e+02	27	270	4.912752e-03	9.961609e-02	
2.710000e+01	271	5743	5.988284e+03	9.267000e+02	6.625279e+02	2.710000e+01	271	1.389418e-01	9.961609e-02	
2.720000e+01	272	5023	5.988284e+03	5.364000e+02	6.625279e+02	2.720000e+01	272	9.648523e-02	9.961609e-02	
2.730000e+01	273	6144	5.988284e+03	5.616000e+02	6.625279e+02	2.730000e+01	273	8.375089e-02	9.961609e-02	
2.740000e+01	274	5545	5.988284e+03	1792	6.625279e+02	2.740000e+01	274	2.442415e-01	9.961609e-02	
2.750000e+01	275	5554	5.988284e+03	2.684000e+02	6.625279e+02	2.750000e+01	275	4.609783e-02	9.961609e-02	
2.760000e+01	276	7342	5.988284e+03	-3.601000e+02	6.625279e+02	2.760000e+01	276	-5.157622e-02	9.961609e-02	
2.770000e+01	277	4868	5.988284e+03	1083	6.625279e+02	2.770000e+01	277	1.819862e-01	9.961609e-02	
2.780000e+01	278	7055	5.988284e+03	575	6.625279e+02	2.780000e+01	278	7.536042e-02	9.961609e-02	
2.790000e+01	279	5605	5.988284e+03	4.266000e+02	6.625279e+02	2.790000e+01	279	7.072750e-02	9.961609e-02	
28	280	6975	5.988284e+03	6.396000e+02	6.625279e+02	28	280	8.399653e-02	9.961609e-02	
2.810000e+01	281	6646	5.988284e+03	-3.094000e+02	6.625279e+02	2.810000e+01	281	-4.882745e-02	9.961609e-02	
2.820000e+01	282	7120	5.988284e+03	-2.988000e+01	6.625279e+02	2.820000e+01	282	-4.214315e-03	9.961609e-02	
2.830000e+01	283	6862	5.988284e+03	538	6.625279e+02	2.830000e+01	283	7.270270e-02	9.961609e-02	
2.840000e+01	284	7450	5.988284e+03	1940	6.625279e+02	2.840000e+01	284	2.066028e-01	9.961609e-02	
2.850000e+01	285	5400	5.988284e+03	1589	6.625279e+02	2.850000e+01	285	2.273573e-01	9.961609e-02	
2.860000e+01	286	5285	5.988284e+03	9.205000e+02	6.625279e+02	2.860000e+01	286	1.483362e-01	9.961609e-02	
2.870000e+01	287	6170	5.988284e+03	-6.772000e+02	6.625279e+02	2.870000e+01	287	-1.232887e-01	9.961609e-02	
2.880000e+01	288	6594	5.988284e+03	8.296000e+02	6.625279e+02	2.880000e+01	288	1.117517e-01	9.961609e-02	
2.890000e+01	289	5102	5.988284e+03	1199	6.625279e+02	2.890000e+01	289	1.902873e-01	9.961609e-02	
29	290	5321	5.988284e+03	1807	6.625279e+02	29	290	2.535073e-01	9.961609e-02	
2.910000e+01	291	-5.597000e+02	5.607300e+02	7525	5.468620e+03	2.910000e+01	291	1.080355e+00	9.069999e-01	
2.920000e+01	292	-1.454000e+02	5.607300e+02	5367	5.468620e+03	2.920000e+01	292	1.027846e+00	9.069999e-01	
2.930000e+01	293	3.901000e+01	5.607300e+02	6435	5.468620e+03	2.930000e+01	293	9.939744e-01	9.069999e-01	
2.940000e+01	294	-2.134000e+02	5.607300e+02	6852	5.468620e+03	2.940000e+01	294	1.032145e+00	9.069999e-01	
2.950000e+01	295	-4.078000e+02	5.607300e+02	6458	5.468620e+03	2.950000e+01	295	1.067403e+00	9.069999e-01	
2.960000e+01	296	6.018000e+02	5.607300e+02	5059	5.468620e+03	2.960000e+01	296	8.936899e-01	9.069999e-01	
2.970000e+01	297	4.003000e+02	5.607300e+02	5646	5.468620e+03	2.970000e+01	297	9.337942e-01	9.069999e-01	
2.980000e+01	298	-2.316000e+02	5.607300e+02	5365	5.468620e+03	2.980000e+01	298	1.045116e+00	9.069999e-01	
2.990000e+01	299	968	5.607300e+02	6139	5.468620e+03	2.990000e+01	299	8.637963e-01	9.069999e-01	
30	300	6.307000e+02	5.607300e+02	6231	5.468620e+03	30	300	9.080840e-01	9.069999e-01	
3.010000e+01	301	6.455000e+02	5.607300e+02	5292	5.468620e+03	3.010000e+01	301	8.912842e-01	9.069999e-01	
3.020000e+01	302	8.874000e+02	5.607300e+02	6366	5.468620e+03	3.020000e+01	302	8.776574e-01	9.069999e-01	
3.030000e+01	303	3.891000e+02	5.607300e+02	3418	5.468620e+03	3.030000e+01	303	8.977962e-01	9.069999e-01	
3.040000e+01	304	3.181000e+02	5.607300e+02	5922	5.468620e+03	3.040000e+01	304	9.490233e-01	9.069999e-01	
3.050000e+01	305	4.994000e+02	5.607300e+02	5654	5.468620e+03	3.050000e+01	305	9.188416e-01	9.069999e-01	
3.060000e+01	306	3.859000e+02	5.607300e+02	5908	5.468620e+03	3.060000e+01	306	9.386867e-01	9.069999e-01	
3.070000e+01	307	8.351000e+02	5.607300e+02	4581	5.468620e+03	3.070000e+01	307	8.458116e-01	9.069999e-01	
3.080000e+01	308	8.175000e+02	5.607300e+02	4489	5.468620e+03	3.080000e+01	308	8.459437e-01	9.069999e-01	
3.090000e+01	309	9.318000e+02	5.607300e+02	5605	5.468620e+03	3.090000e+01	309	8.574532e-01	9.069999e-01	
31	310	4470	5.988284e+03	2125	6.625279e+02	31	310	3.222138e-01	9.961609e-02	
3.110000e+01	311	5447	5.988284e+03	1.957000e+02	6.625279e+02	3.110000e+01	311	3.468198e-02	9.961609e-02	
3.120000e+01	312	6052	5.988284e+03	-2.031000e+02	6.625279e+02	3.120000e+01	312	-3.472448e-02	9.961609e-02	
3.130000e+01	313	6891	5.988284e+03	5.735000e+02	6.625279e+02	3.130000e+01	313	7.683033e-02	9.961609e-02	
3.140000e+01	314	5796	5.988284e+03	9.218000e+02	6.625279e+02	3.140000e+01	314	1.372175e-01	9.961609e-02	
3.150000e+01	315	6440	5.988284e+03	8.266000e+02	6.625279e+02	3.150000e+01	315	1.137533e-01	9.961609e-02	
3.160000e+01	316	5915	5.988284e+03	-1.707000e+02	6.625279e+02	3.160000e+01	316	-2.971641e-02	9.961609e-02	
3.170000e+01	317	5839	5.988284e+03	3.747000e+02	6.625279e+02	3.170000e+01	317	6.030224e-02	9.961609e-02	
3.180000e+01	318	5943	5.988284e+03	8.521000e+02	6.625279e+02	3.180000e+01	318	1.253992e-01	9.961609e-02	
3.190000e+01	319	5463	5.988284e+03	1105	6.625279e+02	3.190000e+01	319	1.682400e-01	9.961609e-02	
32	320	6668	5.988284e+03	4.036000e+02	6.625279e+02	32	320	5.707336e-02	9.961609e-02	
3.210000e+01	321	4754	5.988284e+03	1275	6.625279e+02	3.210000e+01	321	2.114779e-01	9.961609e-02	
3.220000e+01	322	7318	5.988284e+03	6.174000e+02	6.625279e+02	3.220000e+01	322	7.780326e-02	9.961609e-02	
3.230000e+01	323	6265	5.988284e+03	6.265000e+02	6.625279e+02	3.230000e+01	323	9.090909e-02	9.961609e-02	
3.240000e+01	324	5831	5.988284e+03	-4.862000e+01	6.625279e+02	3.240000e+01	324	-8.408302e-03	9.961609e-02	
3.250000e+01	325	4736	5.988284e+03	2.356000e+02	6.625279e+02	3.250000e+01	325	4.738917e-02	9.961609e-02	
3.260000e+01	326	5934	5.988284e+03	6.525000e+02	6.625279e+02	3.260000e+01	326	9.906627e-02	9.961609e-02	
3.270000e+01	327	5248	5.988284e+03	3.046000e+02	6.625279e+02	3.270000e+01	327	5.485718e-02	9.961609e-02	
3.280000e+01	328	6792	5.988284e+03	-4.593000e+02	6.625279e+02	3.280000e+01	328	-7.252831e-02	9.961609e-02	
3.290000e+01	329	5772	5.988284e+03	2.545000e+02	6.625279e+02	3.290000e+01	329	4.223015e-02	9.961609e-02	
33	330	5576	5.988284e+03	4.585000e+02	6.625279e+02	33	330	7.597978e-02	9.961609e-02	
3.310000e+01	331	6294	5.988284e+03	-2.063000e+00	6.625279e+02	3.310000e+01	331	-3.278800e-04	9.961609e-02	
3.320000e+01	332	7222	5.988284e+03	-1.038000e+02	6.625279e+02	3.320000e+01	332	-1.458234e-02	9.961609e-02	
3.330000e+01	333	7856	5.988284e+03	9.347000e+02	6.625279e+02	3.330000e+01	333	1.063283e-01	9.961609e-02	
3.340000e+01	334	7407	5.988284e+03	-8.047000e+02	6.625279e+02	3.340000e+01	334	-1.218818e-01	9.961609e-02	
3.350000e+01	335	6612	5.988284e+03	5.075000e+02	6.625279e+02	3.350000e+01	335	7.128310e-02	9.961609e-02	
3.360000e+01	336	7389	5.988284e+03	1424	6.625279e+02	3.360000e+01	336	1.615795e-01	9.961609e-02	
3.370000e+01	337	5536	5.988284e+03	1062	6.625279e+02	3.370000e+01	337	1.609579e-01	9.961609e-02	
3.380000e+01	338	6224	5.988284e+03	9.057000e+02	6.625279e+02	3.380000e+01	338	1.270320e-01	9.961609e-02	
3.390000e+01	339	4985	5.988284e+03	9.314000e+02	6.625279e+02	3.390000e+01	339	1.574268e-01	9.961609e-02	
34	340	6607	5.988284e+03	-1.212000e+02	6.625279e+02	34	340	-1.868698e-02	9.961609e-02	
3.410000e+01	341	5409	5.988284e+03	1654	6.625279e+02	3.410000e+01	341	2.341781e-01	9.961609e-02	
3.420000e+01	342	5700	5.988284e+03	1112	6.625279e+02	3.420000e+01	342	1.632413e-01	9.961609e-02	
3.430000e+01	343	5044	5.988284e+03	8.812000e+02	6.625279e+02	3.430000e+01	343	1.487207e-01	9.961609e-02	
3.440000e+01	344	-5.175000e+02	5.607300e+02	4763	5.468620e+03	3.440000e+01	344	1.121894e+00	9.069999e-01	
3.450000e+01	345	7.168000e+02	5.607300e+02	5182	5.468620e+03	3.450000e+01	345	8.784838e-01	9.069999e-01	
3.460000e+01	346	3.602000e+02	5.607300e+02	4782	5.468620e+03	3.460000e+01	346	9.299522e-01	9.069999e-01	
3.470000e+01	347	1367	5.607300e+02	5293	5.468620e+03	3.470000e+01	347	7.947447e-01	9.069999e-01	
3.480000e+01	348	2930	5.607300e+02	1689	6.625279e+02	3.480000e+01	348	3.656636e-01	9.069999e-01	
3.490000e+01	349	6182	5.988284e+03	1.571000e+02	6.625279e+02	3.490000e+01	349	2.478270e-02	9.961609e-02	
35	350	6254	5.988284e+03	-2.124000e+02	6.625279e+02	35	350	-3.515625e-02	9.961609e-02	
3.510000e+01	351	7029	5.988284e+03	-2.344000e+02	6.625279e+02	3.510000e+01	351	-3.449798e-02	9.961609e-02	
3.520000e+01	352	6801	5.988284e+03	1057	6.625279e+02	3.520000e+01	352	1.345126e-01	9.961609e-02	
3.530000e+01	353	6354	5.988284e+03	-7.786000e+01	6.625279e+02	3.530000e+01	353	-1.240571e-02	9.961609e-02	
3.540000e+01	354	3125	5.988284e+03	3422	6.625279e+02	3.540000e+01	354	5.226821e-01	9.961609e-02	
3.550000e+01	355	2.454000e+02	5.607300e+02	6714	5.468620e+03	3.550000e+01	355	9.647383e-01	9.069999e-01	
3.560000e+01	356	4.103000e+02	5.607300e+02	4764	5.468620e+03	3.560000e+01	356	9.207042e-01	9.069999e-01	
3.570000e+01	357	6.478000e+02	5.607300e+02	4914	5.468620e+03	3.570000e+01	357	8.835269e-01	9.069999e-01	
3.580000e+01	358	-4.528000e+02	5.607300e+02	5349	5.468620e+03	3.580000e+01	358	1.092480e+00	9.069999e-01	
3.590000e+01	359	7.385000e+02	5.607300e+02	4034	5.468620e+03	3.590000e+01	359	8.452593e-01	9.069999e-01	
36	360	9.233000e+02	5.607300e+02	6248	5.468620e+03	36	360	8.712507e-01	9.069999e-01	
3.610000e+01	361	9.666000e+02	5.607300e+02	5676	5.468620e+03	3.610000e+01	361	8.544847e-01	9.069999e-01	
3.620000e+01	362	1335	5.607300e+02	5161	5.468620e+03	3.620000e+01	362	7.944889e-01	9.069999e-01	
3.630000e+01	363	2.733000e+02	5.607300e+02	4914	5.468620e+03	3.630000e+01	363	9.473136e-01	9.069999e-01	
3.640000e+01	364	1162	5.607300e+02	5470	5.468620e+03	3.640000e+01	364	8.247889e-01	9.069999e-01	
3.650000e+01	365	1.007000e+02	5.607300e+02	4597	5.468620e+03	3.650000e+01	365	9.785640e-01	9.069999e-01	
3.660000e+01	366	1072	5.607300e+02	5552	5.468620e+03	3.660000e+01	366	8.381643e-01	9.069999e-01	
3.670000e+01	367	3.911000e+02	5.607300e+02	6377	5.468620e+03	3.670000e+01	367	9.422142e-01	9.069999e-01	
3.680000e+01	368	1081	5.607300e+02	5665	5.468620e+03	3.680000e+01	368	8.397569e-01	9.069999e-01	
3.690000e+01	369	2.371000e+02	5.607300e+02	5275	5.468620e+03	3.690000e+01	369	9.569855e-01	9.069999e-01	
37	370	7.196000e+02	5.607300e+02	4965	5.468620e+03	37	370	8.734124e-01	9.069999e-01	
3.710000e+01	371	9.939000e+02	5.607300e+02	4888	5.468620e+03	3.710000e+01	371	8.310240e-01	9.069999e-01	
3.720000e+01	372	5.777000e+02	5.607300e+02	6478	5.468620e+03	3.720000e+01	372	9.181229e-01	9.069999e-01	
3.730000e+01	373	8.638000e+02	5.607300e+02	5471	5.468620e+03	3.730000e+01	373	8.636421e-01	9.069999e-01	
3.740000e+01	374	7.521000e+02	5.607300e+02	5600	5.468620e+03	3.740000e+01	374	8.815982e-01	9.069999e-01	
3.750000e+01	375	2.750000e+01	5.607300e+02	6214	5.468620e+03	3.750000e+01	375	9.955940e-01	9.069999e-01	
3.760000e+01	376	-6.476000e+02	5.607300e+02	5453	5.468620e+03	3.760000e+01	376	1.134765e+00	9.069999e-01	
3.770000e+01	377	1.356000e+02	5.607300e+02	5180	5.468620e+03	3.770000e+01	377	9.744902e-01	9.069999e-01	
3.780000e+01	378	5.488000e+02	5.607300e+02	4090	5.468620e+03	3.780000e+01	378	8.816935e-01	9.069999e-01	
3.790000e+01	379	-4.156000e+02	5.607300e+02	6901	5.468620e+03	3.790000e+01	379	1.064082e+00	9.069999e-01	
38	380	3.345000e+02	5.607300e+02	6145	5.468620e+03	38	380	9.483756e-01	9.069999e-01	
3.810000e+01	381	6.749000e+02	5.607300e+02	6164	5.468620e+03	3.810000e+01	381	9.013145e-01	9.069999e-01	
3.820000e+01	382	5.363000e+02	5.607300e+02	5278	5.468620e+03	3.820000e+01	382	9.077619e-01	9.069999e-01	
3.830000e+01	383	3.779000e+02	5.607300e+02	5215	5.468620e+03	3.830000e+01	383	9.324322e-01	9.069999e-01	
3.840000e+01	384	2.453000e+02	5.607300e+02	4955	5.468620e+03	3.840000e+01	384	9.528296e-01	9.069999e-01	
3.850000e+01	385	7.564000e+02	5.607300e+02	5590	5.468620e+03	3.850000e+01	385	8.808143e-01	9.069999e-01	
3.860000e+01	386	8.252000e+02	5.607300e+02	5032	5.468620e+03	3.860000e+01	386	8.591136e-01	9.069999e-01	
3.870000e+01	387	7.689000e+02	5.607300e+02	6387	5.468620e+03	3.870000e+01	387	8.925502e-01	9.069999e-01	
3.880000e+01	388	-3.379000e+02	5.607300e+02	5234	5.468620e+03	3.880000e+01	388	1.069014e+00	9.069999e-01	
3.890000e+01	389	1702	5.607300e+02	5518	5.468620e+03	3.890000e+01	389	7.642659e-01	9.069999e-01	
39	390	4.144000e+00	5.607300e+02	5593	5.468620e+03	39	390	9.992596e-01	9.069999e-01	
3.910000e+01	391	1.044000e+02	5.607300e+02	5473	5.468620e+03	3.910000e+01	391	9.812816e-01	9.069999e-01	
3.920000e+01	392	5.310000e+01	5.607300e+02	4976	5.468620e+03	3.920000e+01	392	9.894415e-01	9.069999e-01	
3.930000e+01	393	1.727000e+02	5.607300e+02	5959	5.468620e+03	3.930000e+01	393	9.718349e-01	9.069999e-01	
3.940000e+01	394	433	5.607300e+02	5519	5.468620e+03	3.940000e+01	394	9.272513e-01	9.069999e-01	
3.950000e+01	395	4.015000e+02	5.607300e+02	5439	5.468620e+03	3.950000e+01	395	9.312559e-01	9.069999e-01	
3.960000e+01	396	6.399000e+01	5.607300e+02	6259	5.468620e+03	3.960000e+01	396	9.898798e-01	9.069999e-01	
3.970000e+01	397	5.026000e+02	5.607300e+02	6295	5.468620e+03	3.970000e+01	397	9.260621e-01	9.069999e-01	
3.980000e+01	398	4.965000e+02	5.607300e+02	5913	5.468620e+03	3.980000e+01	398	9.225369e-01	9.069999e-01	
3.990000e+01	399	1777	5.607300e+02	5226	5.468620e+03	3.990000e+01	399	7.462516e-01	9.069999e-01	
40	400	1911	5.607300e+02	5729	5.468620e+03	40	400	7.498691e-01	9.069999e-01	
4.010000e+01	401	8.298000e+02	5.607300e+02	5026	5.468620e+03	4.010000e+01	401	8.582943e-01	9.069999e-01	
4.020000e+01	402	-3.606000e+02	5.607300e+02	5857	5.468620e+03	4.020000e+01	402	1.065607e+00	9.069999e-01	
4.030000e+01	403	-1.996000e+01	5.607300e+02	5397	5.468620e+03	4.030000e+01	403	1.003712e+00	9.069999e-01	
4.040000e+01	404	1042	5.607300e+02	5567	5.468620e+03	4.040000e+01	404	8.423362e-01	9.069999e-01	
4.050000e+01	405	5.693000e+02	5.607300e+02	6276	5.468620e+03	4.050000e+01	405	9.168334e-01	9.069999e-01	
4.060000e+01	406	7.528000e+02	5.607300e+02	5187	5.468620e+03	4.060000e+01	406	8.732617e-01	9.069999e-01	
4.070000e+01	407	7.978000e+02	5.607300e+02	5987	5.468620e+03	4.070000e+01	407	8.824136e-01	9.069999e-01	
4.080000e+01	408	-2.794000e+02	5.607300e+02	5142	5.468620e+03	4.080000e+01	408	1.057459e+00	9.069999e-01	
4.090000e+01	409	-2.499000e+02	5.607300e+02	5461	5.468620e+03	4.090000e+01	409	1.047955e+00	9.069999e-01	
41	410	7.547000e+02	5.607300e+02	5690	5.468620e+03	41	410	8.828960e-01	9.069999e-01	
4.110000e+01	411	7.841000e+02	5.607300e+02	5111	5.468620e+03	4.110000e+01	411	8.669912e-01	9.069999e-01	
4.120000e+01	412	-1.018000e+02	5.607300e+02	6171	5.468620e+03	4.120000e+01	412	1.016773e+00	9.069999e-01	
4.130000e+01	413	3.007000e+02	5.607300e+02	6851	5.468620e+03	4.130000e+01	413	9.579541e-01	9.069999e-01	
4.140000e+01	414	7.371000e+02	5.607300e+02	4794	5.468620e+03	4.140000e+01	414	8.667354e-01	9.069999e-01	
4.150000e+01	415	646	5.607300e+02	5276	5.468620e+03	4.150000e+01	415	8.909152e-01	9.069999e-01	
4.160000e+01	416	1281	5.607300e+02	5424	5.468620e+03	4.160000e+01	416	8.089485e-01	9.069999e-01	
4.170000e+01	417	-1.015000e+02	5.607300e+02	6021	5.468620e+03	4.170000e+01	417	1.017147e+00	9.069999e-01	
4.180000e+01	418	-2.095000e+02	5.607300e+02	4395	5.468620e+03	4.180000e+01	418	1.050054e+00	9.069999e-01	
4.190000e+01	419	5.968000e+02	5.607300e+02	5217	5.468620e+03	4.190000e+01	419	8.973477e-01	9.069999e-01	
42	420	8.555000e+02	5.607300e+02	6035	5.468620e+03	42	420	8.758436e-01	9.069999e-01	
4.210000e+01	421	6.914000e+02	5.607300e+02	5952	5.468620e+03	4.210000e+01	421	8.959268e-01	9.069999e-01	
4.220000e+01	422	3.566000e+02	5.607300e+02	6836	5.468620e+03	4.220000e+01	422	9.504213e-01	9.069999e-01	
4.230000e+01	423	2.218000e+02	5.607300e+02	5855	5.468620e+03	4.230000e+01	423	9.635005e-01	9.069999e-01	
4.240000e+01	424	2.886000e+02	5.607300e+02	6138	5.468620e+03	4.240000e+01	424	9.550929e-01	9.069999e-01	
4.250000e+01	425	8.049000e+02	5.607300e+02	5787	5.468620e+03	4.250000e+01	425	8.778956e-01	9.069999e-01	
4.260000e+01	426	6.065000e+02	5.607300e+02	6027	5.468620e+03	4.260000e+01	426	9.085701e-01	9.069999e-01	
4.270000e+01	427	-3.608000e+02	5.607300e+02	5147	5.468620e+03	4.270000e+01	427	1.075383e+00	9.069999e-01	
4.280000e+01	428	1049	5.607300e+02	5615	5.468620e+03	4.280000e+01	428	8.425870e-01	9.069999e-01	
4.290000e+01	429	9.016000e+02	5.607300e+02	5691	5.468620e+03	4.290000e+01	429	8.632406e-01	9.069999e-01	
43	430	2.071000e+02	5.607300e+02	5739	5.468620e+03	43	430	9.651704e-01	9.069999e-01	
4.310000e+01	431	-4.546000e+01	5.607300e+02	5528	5.468620e+03	4.310000e+01	431	1.008292e+00	9.069999e-01	
4.320000e+01	432	1735	5.607300e+02	6218	5.468620e+03	4.320000e+01	432	7.818433e-01	9.069999e-01	
4.330000e+01	433	1458	5.607300e+02	5689	5.468620e+03	4.330000e+01	433	7.959983e-01	9.069999e-01	
4.340000e+01	434	3.703000e+02	5.607300e+02	6237	5.468620e+03	4.340000e+01	434	9.439559e-01	9.069999e-01	
4.350000e+01	435	1557	5.607300e+02	3567	3.601231e+03	4.350000e+01	435	6.961358e-01	9.069999e-01	
4.360000e+01	436	3790	2.915383e+03	1822	3.601231e+03	4.360000e+01	436	3.246614e-01	5.526230e-01	
4.370000e+01	437	3026	2.915383e+03	3753	3.601231e+03	4.370000e+01	437	5.536215e-01	5.526230e-01	
4.380000e+01	438	1872	2.915383e+03	3352	3.601231e+03	4.380000e+01	438	6.416539e-01	5.526230e-01	
4.390000e+01	439	3908	2.915383e+03	3805	3.601231e+03	4.390000e+01	439	4.933230e-01	5.526230e-01	
44	440	2901	2.915383e+03	3990	3.601231e+03	44	440	5.790161e-01	5.526230e-01	
4.410000e+01	441	3332	2.915383e+03	4030	3.601231e+03	4.410000e+01	441	5.474056e-01	5.526230e-01	
4.420000e+01	442	3597	2.915383e+03	2254	3.601231e+03	4.420000e+01	442	3.852333e-01	5.526230e-01	
4.430000e+01	443	1178	5.607300e+02	4292	3.601231e+03	4.430000e+01	443	7.846435e-01	5.526230e-01	
4.440000e+01	444	8.731000e+02	5.607300e+02	4253	3.601231e+03	4.440000e+01	444	8.296756e-01	5.526230e-01	
4.450000e+01	445	1709	5.607300e+02	4291	3.601231e+03	4.450000e+01	445	7.151667e-01	5.526230e-01	
4.460000e+01	446	1443	5.607300e+02	5313	5.468620e+03	4.460000e+01	446	7.864121e-01	5.526230e-01	
4.470000e+01	447	4.905000e+02	5.607300e+02	5171	5.468620e+03	4.470000e+01	447	9.133622e-01	5.526230e-01	
4.480000e+01	448	1.908000e+02	5.607300e+02	5911	5.468620e+03	4.480000e+01	448	9.687305e-01	5.526230e-01	
4.490000e+01	449	3.616000e+02	5.607300e+02	5502	5.468620e+03	4.490000e+01	449	9.383314e-01	5.526230e-01	
45	450	-8.499000e+02	5.607300e+02	5099	5.468620e+03	45	450	1.200019e+00	5.526230e-01	
4.510000e+01	451	1517	5.607300e+02	6135	5.468620e+03	4.510000e+01	451	8.017512e-01	5.526230e-01	
4.520000e+01	452	-1.595000e+00	5.607300e+02	5023	5.468620e+03	4.520000e+01	452	1.000318e+00	5.526230e-01	
4.530000e+01	453	5.855000e+02	5.607300e+02	5098	5.468620e+03	4.530000e+01	453	8.969825e-01	5.526230e-01	
4.540000e+01	454	2.912000e+02	5.607300e+02	5878	5.468620e+03	4.540000e+01	454	9.527978e-01	5.526230e-01	
4.550000e+01	455	9.393000e+02	5.607300e+02	4884	5.468620e+03	4.550000e+01	455	8.386997e-01	5.526230e-01	
4.560000e+01	456	8.078000e+02	5.607300e+02	5820	5.468620e+03	4.560000e+01	456	8.781194e-01	5.526230e-01	
4.570000e+01	457	1563	5.607300e+02	4974	5.468620e+03	4.570000e+01	457	7.608995e-01	5.526230e-01	
4.580000e+01	458	1139	5.607300e+02	4872	5.468620e+03	4.580000e+01	458	8.105141e-01	5.526230e-01	
4.590000e+01	459	3.862000e+02	5.607300e+02	5261	5.468620e+03	4.590000e+01	459	9.316121e-01	5.526230e-01	
46	460	-2.157000e+02	5.607300e+02	5097	5.468620e+03	46	460	1.044189e+00	5.526230e-01	
4.610000e+01	461	-8.615000e+02	5.607300e+02	4484	5.468620e+03	4.610000e+01	461	1.237819e+00	5.526230e-01	
4.620000e+01	462	4.893000e+02	5.607300e+02	5537	5.468620e+03	4.620000e+01	462	9.188059e-01	5.526230e-01	
4.630000e+01	463	4.887000e+02	5.607300e+02	5315	5.468620e+03	4.630000e+01	463	9.157951e-01	5.526230e-01	
4.640000e+01	464	-5.980000e+01	5.607300e+02	5266	5.468620e+03	4.640000e+01	464	1.011486e+00	5.526230e-01	
4.650000e+01	465	1412	5.607300e+02	6386	5.468620e+03	4.650000e+01	465	8.189279e-01	5.526230e-01	
4.660000e+01	466	7.758000e+02	5.607300e+02	5207	5.468620e+03	4.660000e+01	466	8.703283e-01	5.526230e-01	
4.670000e+01	467	6.896000e+02	5.607300e+02	4961	5.468620e+03	4.670000e+01	467	8.779599e-01	5.526230e-01	
4.680000e+01	468	3.327000e+02	5.607300e+02	5796	5.468620e+03	4.680000e+01	468	9.457144e-01	5.526230e-01	
4.690000e+01	469	1549	5.607300e+02	6720	5.468620e+03	4.690000e+01	469	8.126738e-01	5.526230e-01	
47	470	8.931000e+02	5.607300e+02	6621	5.468620e+03	47	470	8.811435e-01	5.526230e-01	
4.710000e+01	471	-8.669000e+02	5.607300e+02	4612	5.468620e+03	4.710000e+01	471	1.231476e+00	5.526230e-01	
4.720000e+01	472	-131	5.607300e+02	6964	5.468620e+03	4.720000e+01	472	1.019172e+00	5.526230e-01	
4.730000e+01	473	2995	5.607300e+02	2783	6.625279e+02	4.730000e+01	473	4.816546e-01	5.526230e-01	
4.740000e+01	474	7698	5.988284e+03	1.471000e+02	6.625279e+02	4.740000e+01	474	1.875056e-02	9.961609e-02	
4.750000e+01	475	5861	5.988284e+03	5.681000e+00	6.625279e+02	4.750000e+01	475	9.683499e-04	9.961609e-02	
4.760000e+01	476	4307	5.988284e+03	-1.928000e+02	6.625279e+02	4.760000e+01	476	-4.686209e-02	9.961609e-02	
4.770000e+01	477	5776	5.988284e+03	8.252000e+02	6.625279e+02	4.770000e+01	477	1.250076e-01	9.961609e-02	
4.780000e+01	478	5472	5.988284e+03	3.409000e+02	6.625279e+02	4.780000e+01	478	5.864543e-02	9.961609e-02	
4.790000e+01	479	4313	5.988284e+03	2853	6.625279e+02	4.790000e+01	479	3.981301e-01	9.961609e-02	
48	480	6.149000e+02	5.607300e+02	5512	5.468620e+03	48	480	8.996393e-01	9.069999e-01	
4.810000e+01	481	2.964000e+02	5.607300e+02	4899	5.468620e+03	4.810000e+01	481	9.429495e-01	9.069999e-01	
4.820000e+01	482	9.052000e+02	5.607300e+02	5130	5.468620e+03	4.820000e+01	482	8.500133e-01	9.069999e-01	
4.830000e+01	483	5.266000e+02	5.607300e+02	4250	5.468620e+03	4.830000e+01	483	8.897542e-01	9.069999e-01	
4.840000e+01	484	-4.505000e+02	5.607300e+02	6569	5.468620e+03	4.840000e+01	484	1.073629e+00	9.069999e-01	
4.850000e+01	485	-1.905000e+02	5.607300e+02	6120	5.468620e+03	4.850000e+01	485	1.032127e+00	9.069999e-01	
4.860000e+01	486	1743	5.607300e+02	6144	5.468620e+03	4.860000e+01	486	7.790034e-01	9.069999e-01	
4.870000e+01	487	1341	5.607300e+02	6155	5.468620e+03	4.870000e+01	487	8.211046e-01	9.069999e-01	
4.880000e+01	488	1417	5.607300e+02	5500	5.468620e+03	4.880000e+01	488	7.951424e-01	9.069999e-01	
4.890000e+01	489	9.079000e+02	5.607300e+02	5181	5.468620e+03	4.890000e+01	489	8.508926e-01	9.069999e-01	
49	490	1236	5.607300e+02	4591	5.468620e+03	49	490	7.878840e-01	9.069999e-01	
4.910000e+01	491	7.619000e+02	5.607300e+02	6941	5.468620e+03	4.910000e+01	491	9.010892e-01	9.069999e-01	
4.920000e+01	492	1034	5.607300e+02	5895	5.468620e+03	4.920000e+01	492	8.507721e-01	9.069999e-01	
4.930000e+01	493	7.226000e+02	5.607300e+02	5889	5.468620e+03	4.930000e+01	493	8.907072e-01	9.069999e-01	
4.940000e+01	494	-2.443000e+02	5.607300e+02	5016	5.468620e+03	4.940000e+01	494	1.051198e+00	9.069999e-01	
4.950000e+01	495	7.498000e+02	5.607300e+02	4300	5.468620e+03	4.950000e+01	495	8.515189e-01	9.069999e-01	
4.960000e+01	496	5985	5.607300e+02	-4.084000e+02	5.468620e+03	4.960000e+01	496	-7.323459e-02	9.069999e-01	
4.970000e+01	497	2871	5.988284e+03	3221	6.625279e+02	4.970000e+01	497	5.287262e-01	9.961609e-02	
4.980000e+01	498	776	5.607300e+02	4553	5.468620e+03	4.980000e+01	498	8.543817e-01	9.961609e-02	
4.990000e+01	499	-8.549000e+02	5.607300e+02	5549	5.468620e+03	4.990000e+01	499	1.182122e+00	9.961609e-02	
50	500	6.543000e+02	5.607300e+02	5289	5.468620e+03	50	500	8.899096e-01	9.961609e-02	
5.010000e+01	501	2.733000e+02	5.607300e+02	5159	5.468620e+03	5.010000e+01	501	9.496898e-01	9.961609e-02	
5.020000e+01	502	1.505000e+01	5.607300e+02	5664	5.468620e+03	5.020000e+01	502	9.973499e-01	9.961609e-02	
5.030000e+01	503	9.948000e+02	5.607300e+02	5739	5.468620e+03	5.030000e+01	503	8.522677e-01	9.961609e-02	
5.040000e+01	504	-1.618000e+01	5.607300e+02	6565	5.468620e+03	5.040000e+01	504	1.002471e+00	9.961609e-02	
5.050000e+01	505	2.589000e+02	5.607300e+02	5317	5.468620e+03	5.050000e+01	505	9.535680e-01	9.961609e-02	
5.060000e+01	506	2.556000e+02	5.607300e+02	6647	5.468620e+03	5.060000e+01	506	9.629705e-01	9.961609e-02	
5.070000e+01	507	6.668000e+02	5.607300e+02	5274	5.468620e+03	5.070000e+01	507	8.877592e-01	9.961609e-02	
5.080000e+01	508	6.104000e+02	5.607300e+02	4646	5.468620e+03	5.080000e+01	508	8.838749e-01	9.961609e-02	
5.090000e+01	509	1.999000e+02	5.607300e+02	5644	5.468620e+03	5.090000e+01	509	9.657934e-01	9.961609e-02	
51	510	4.401000e+02	5.607300e+02	6525	5.468620e+03	51	510	9.368135e-01	9.961609e-02	
5.110000e+01	511	6.545000e+02	5.607300e+02	4216	5.468620e+03	5.110000e+01	511	8.656195e-01	9.961609e-02	
5.120000e+01	512	1697	5.607300e+02	5096	5.468620e+03	5.120000e+01	512	7.501840e-01	9.961609e-02	
5.130000e+01	513	7012	5.988284e+03	1245	6.625279e+02	5.130000e+01	513	1.507812e-01	9.961609e-02	
5.140000e+01	514	6013	5.988284e+03	1521	6.625279e+02	5.140000e+01	514	2.018848e-01	9.961609e-02	
5.150000e+01	515	5698	5.988284e+03	5.739000e+02	6.625279e+02	5.150000e+01	515	9.150337e-02	9.961609e-02	
5.160000e+01	516	6870	5.988284e+03	7.319000e+02	6.625279e+02	5.160000e+01	516	9.627856e-02	9.961609e-02	
5.170000e+01	517	6396	5.988284e+03	2.709000e+02	6.625279e+02	5.170000e+01	517	4.063358e-02	9.961609e-02	
5.180000e+01	518	6575	5.988284e+03	1.024000e+02	6.625279e+02	5.180000e+01	518	1.533531e-02	9.961609e-02	
5.190000e+01	519	6118	5.988284e+03	5.181000e+02	6.625279e+02	5.190000e+01	519	7.807296e-02	9.961609e-02	
52	520	6961	5.988284e+03	3.558000e+02	6.625279e+02	52	520	4.862782e-02	9.961609e-02	
5.210000e+01	521	6436	5.988284e+03	1262	6.625279e+02	5.210000e+01	521	1.639387e-01	9.961609e-02	
5.220000e+01	522	6410	5.988284e+03	5.004000e+02	6.625279e+02	5.220000e+01	522	7.241260e-02	9.961609e-02	
5.230000e+01	523	7127	5.988284e+03	-6.561000e+00	6.625279e+02	5.230000e+01	523	-9.214320e-04	9.961609e-02	
5.240000e+01	524	6944	5.988284e+03	2.192000e+02	6.625279e+02	5.240000e+01	524	3.060085e-02	9.961609e-02	
5.250000e+01	525	5549	5.988284e+03	3.468000e+02	6.625279e+02	5.250000e+01	525	5.882153e-02	9.961609e-02	
5.260000e+01	526	6129	5.988284e+03	2.979000e+02	6.625279e+02	5.260000e+01	526	4.635205e-02	9.961609e-02	
5.270000e+01	527	2279	5.988284e+03	4087	5.468620e+03	5.270000e+01	527	6.420044e-01	9.961609e-02	
5.280000e+01	528	1184	5.607300e+02	5372	5.468620e+03	5.280000e+01	528	8.194021e-01	9.069999e-01	
5.290000e+01	529	6.242000e+02	5.607300e+02	5385	5.468620e+03	5.290000e+01	529	8.961259e-01	9.069999e-01	
53	530	6.017000e+02	5.607300e+02	5988	5.468620e+03	53	530	9.086908e-01	9.069999e-01	
5.310000e+01	531	-6.932000e+02	5.607300e+02	6496	5.468620e+03	5.310000e+01	531	1.119460e+00	9.069999e-01	
5.320000e+01	532	-2.153000e+02	5.607300e+02	6094	5.468620e+03	5.320000e+01	532	1.036624e+00	9.069999e-01	
5.330000e+01	533	1063	5.607300e+02	6515	5.468620e+03	5.330000e+01	533	8.597255e-01	9.069999e-01	
5.340000e+01	534	-16	5.607300e+02	5005	5.468620e+03	5.340000e+01	534	1.003207e+00	9.069999e-01	
5.350000e+01	535	4.065000e+02	5.607300e+02	5078	5.468620e+03	5.350000e+01	535	9.258820e-01	9.069999e-01	
5.360000e+01	536	1.461000e+02	5.607300e+02	5080	5.468620e+03	5.360000e+01	536	9.720442e-01	9.069999e-01	
5.370000e+01	537	932	5.607300e+02	7906	5.468620e+03	5.370000e+01	537	8.945463e-01	9.069999e-01	
5.380000e+01	538	1261	5.607300e+02	4630	5.468620e+03	5.380000e+01	538	7.859447e-01	9.069999e-01	
5.390000e+01	539	2.084000e+02	5.607300e+02	6420	5.468620e+03	5.390000e+01	539	9.685595e-01	9.069999e-01	
54	540	3.213000e+02	5.607300e+02	6547	5.468620e+03	54	540	9.532199e-01	9.069999e-01	
5.410000e+01	541	5.413000e+02	5.607300e+02	5658	5.468620e+03	5.410000e+01	541	9.126837e-01	9.069999e-01	
5.420000e+01	542	5.108000e+02	5.607300e+02	6597	5.468620e+03	5.420000e+01	542	9.281353e-01	9.069999e-01	
5.430000e+01	543	-1.607000e+02	5.607300e+02	6369	5.468620e+03	5.430000e+01	543	1.025885e+00	9.069999e-01	
5.440000e+01	544	8.002000e+02	5.607300e+02	5571	5.468620e+03	5.440000e+01	544	8.744036e-01	9.069999e-01	
5.450000e+01	545	-2.273000e+02	5.607300e+02	7001	5.468620e+03	5.450000e+01	545	1.033556e+00	9.069999e-01	
5.460000e+01	546	2.798000e+02	5.607300e+02	5769	5.468620e+03	5.460000e+01	546	9.537429e-01	9.069999e-01	
5.470000e+01	547	4.642000e+02	5.607300e+02	4261	5.468620e+03	5.470000e+01	547	9.017608e-01	9.069999e-01	
5.480000e+01	548	-4.109000e+02	5.607300e+02	5463	5.468620e+03	5.480000e+01	548	1.081333e+00	9.069999e-01	
5.490000e+01	549	8.811000e+02	5.607300e+02	5750	5.468620e+03	5.490000e+01	549	8.671261e-01	9.069999e-01	
55	550	7.509000e+02	5.607300e+02	4896	5.468620e+03	55	550	8.670244e-01	9.069999e-01	
5.510000e+01	551	1342	5.607300e+02	6219	5.468620e+03	5.510000e+01	551	8.225102e-01	9.069999e-01	
5.520000e+01	552	1217	5.607300e+02	6589	5.468620e+03	5.520000e+01	552	8.440943e-01	9.069999e-01	
5.530000e+01	553	1158	5.607300e+02	6802	5.468620e+03	5.530000e+01	553	8.545226e-01	9.069999e-01	
5.540000e+01	554	1572	5.607300e+02	5105	5.468620e+03	5.540000e+01	554	7.645649e-01	9.069999e-01	
5.550000e+01	555	6.402000e+01	5.607300e+02	6087	5.468620e+03	5.550000e+01	555	9.895920e-01	9.069999e-01	
5.560000e+01	556	-5.474000e+02	5.607300e+02	6009	5.468620e+03	5.560000e+01	556	1.100227e+00	9.069999e-01	
5.570000e+01	557	5.897000e+02	5.607300e+02	5393	5.468620e+03	5.570000e+01	557	9.014325e-01	9.069999e-01	
5.580000e+01	558	9.866000e+02	5.607300e+02	3827	5.468620e+03	5.580000e+01	558	7.950391e-01	9.069999e-01	
5.590000e+01	559	6765	5.988284e+03	3.248000e+02	6.625279e+02	5.590000e+01	559	4.581229e-02	9.961609e-02	
56	560	6467	5.988284e+03	4.733000e+02	6.625279e+02	56	560	6.819590e-02	9.961609e-02	
5.610000e+01	561	6280	5.988284e+03	1.528000e+02	6.625279e+02	5.610000e+01	561	2.375326e-02	9.961609e-02	
5.620000e+01	562	5068	5.988284e+03	1304	6.625279e+02	5.620000e+01	562	2.046453e-01	9.961609e-02	
5.630000e+01	563	5768	5.988284e+03	1112	6.625279e+02	5.630000e+01	563	1.616279e-01	9.961609e-02	
5.640000e+01	564	5291	5.988284e+03	3.134000e+02	6.625279e+02	5.640000e+01	564	5.592035e-02	9.961609e-02	
5.650000e+01	565	5576	5.988284e+03	1239	6.625279e+02	5.650000e+01	565	1.818048e-01	9.961609e-02	
5.660000e+01	566	5810	5.988284e+03	-2.084000e+01	6.625279e+02	5.660000e+01	566	-3.599831e-03	9.961609e-02	
5.670000e+01	567	6480	5.988284e+03	-558	6.625279e+02	5.670000e+01	567	-9.422492e-02	9.961609e-02	
5.680000e+01	568	5801	5.988284e+03	3.308000e+02	6.625279e+02	5.680000e+01	568	5.394827e-02	9.961609e-02	
5.690000e+01	569	1215	5.607300e+02	4319	5.468620e+03	5.690000e+01	569	7.804481e-01	9.069999e-01	
57	570	9.771000e+02	5.607300e+02	5939	5.468620e+03	57	570	8.587210e-01	9.069999e-01	
5.710000e+01	571	2.314000e+02	5.607300e+02	4787	5.468620e+03	5.710000e+01	571	9.538897e-01	9.069999e-01	
5.720000e+01	572	8.066000e+02	5.607300e+02	5836	5.468620e+03	5.720000e+01	572	8.785716e-01	9.069999e-01	
5.730000e+01	573	-6.134000e+02	5.607300e+02	5821	5.468620e+03	5.730000e+01	573	1.117789e+00	9.069999e-01	
5.740000e+01	574	-7.604000e+02	5.607300e+02	6081	5.468620e+03	5.740000e+01	574	1.142916e+00	9.069999e-01	
5.750000e+01	575	-4.072000e+02	5.607300e+02	6341	5.468620e+03	5.750000e+01	575	1.068624e+00	9.069999e-01	
5.760000e+01	576	6.726000e+02	5.607300e+02	5676	5.468620e+03	5.760000e+01	576	8.940554e-01	9.069999e-01	
5.770000e+01	577	-5.434000e+02	5.607300e+02	6415	5.468620e+03	5.770000e+01	577	1.092547e+00	9.069999e-01	
5.780000e+01	578	1.658000e+02	5.607300e+02	6384	5.468620e+03	5.780000e+01	578	9.746862e-01	9.069999e-01	
5.790000e+01	579	1312	5.607300e+02	7097	5.468620e+03	5.790000e+01	579	8.439767e-01	9.069999e-01	
58	580	-4.147000e+01	5.607300e+02	4444	5.468620e+03	58	580	1.009420e+00	9.069999e-01	
5.810000e+01	581	7.239000e+00	5.607300e+02	4879	5.468620e+03	5.810000e+01	581	9.985185e-01	9.069999e-01	
5.820000e+01	582	-2.347000e+02	5.607300e+02	3849	5.468620e+03	5.820000e+01	582	1.064937e+00	9.069999e-01	
5.830000e+01	583	-2.381000e+02	5.607300e+02	4933	5.468620e+03	5.830000e+01	583	1.050715e+00	9.069999e-01	
5.840000e+01	584	8.743000e+02	5.607300e+02	5764	5.468620e+03	5.840000e+01	584	8.682946e-01	9.069999e-01	
5.850000e+01	585	8.584000e+02	5.607300e+02	3834	5.468620e+03	5.850000e+01	585	8.170659e-01	9.069999e-01	
5.860000e+01	586	3.195000e+02	5.607300e+02	5001	5.468620e+03	5.860000e+01	586	9.399493e-01	9.069999e-01	
5.870000e+01	587	4.715000e+02	5.607300e+02	6820	5.468620e+03	5.870000e+01	587	9.353357e-01	9.069999e-01	
5.880000e+01	588	1376	5.607300e+02	3651	5.468620e+03	5.880000e+01	588	7.262781e-01	9.069999e-01	
5.890000e+01	589	5.405000e+02	5.607300e+02	5213	5.468620e+03	5.890000e+01	589	9.060572e-01	9.069999e-01	
59	590	4.455000e+02	5.607300e+02	4921	5.468620e+03	59	590	9.169850e-01	9.069999e-01	
5.910000e+01	591	374	5.607300e+02	5912	5.468620e+03	5.910000e+01	591	9.405027e-01	9.069999e-01	
5.920000e+01	592	7.374000e+02	5.607300e+02	5332	5.468620e+03	5.920000e+01	592	8.785053e-01	9.069999e-01	
5.930000e+01	593	4916	5.988284e+03	1964	6.625279e+02	5.930000e+01	593	2.854651e-01	9.961609e-02	
5.940000e+01	594	7628	5.988284e+03	-2.694000e+02	6.625279e+02	5.940000e+01	594	-3.661022e-02	9.961609e-02	
5.950000e+01	595	5481	5.988284e+03	1076	6.625279e+02	5.950000e+01	595	1.640994e-01	9.961609e-02	
5.960000e+01	596	3753	5.988284e+03	1939	6.625279e+02	5.960000e+01	596	3.406535e-01	9.961609e-02	
5.970000e+01	597	1.021000e+02	5.607300e+02	4691	5.468620e+03	5.970000e+01	597	9.786985e-01	9.069999e-01	
5.980000e+01	598	7.389000e+02	5.607300e+02	4208	5.468620e+03	5.980000e+01	598	8.506337e-01	9.069999e-01	
5.990000e+01	599	5.299000e+02	5.607300e+02	6399	5.468620e+03	5.990000e+01	599	9.235232e-01	9.069999e-01	
60	600	-1.646000e+02	5.607300e+02	4695	5.468620e+03	60	600	1.036332e+00	9.069999e-01	
6.010000e+01	601	1110	5.607300e+02	5363	5.468620e+03	6.010000e+01	601	8.285185e-01	9.069999e-01	
6.020000e+01	602	1060	5.607300e+02	4746	5.468620e+03	6.020000e+01	602	8.174302e-01	9.069999e-01	
6.030000e+01	603	-1.291000e+02	5.607300e+02	4241	5.468620e+03	6.030000e+01	603	1.031397e+00	9.069999e-01	
6.040000e+01	604	5.637000e+02	5.607300e+02	5480	5.468620e+03	6.040000e+01	604	9.067293e-01	9.069999e-01	
6.050000e+01	605	5170	5.988284e+03	1726	6.625279e+02	6.050000e+01	605	2.502900e-01	9.961609e-02	
6.060000e+01	606	6933	5.988284e+03	1.664000e+02	6.625279e+02	6.060000e+01	606	2.343860e-02	9.961609e-02	
6.070000e+01	607	6697	5.988284e+03	5.516000e+02	6.625279e+02	6.070000e+01	607	7.609745e-02	9.961609e-02	
6.080000e+01	608	6371	5.988284e+03	4.796000e+02	6.625279e+02	6.080000e+01	608	7.000847e-02	9.961609e-02	
6.090000e+01	609	3644	2.915383e+03	2559	3.601231e+03	6.090000e+01	609	4.125423e-01	5.526230e-01	
61	610	3476	2.915383e+03	4617	3.601231e+03	61	610	5.704930e-01	5.526230e-01	
6.110000e+01	611	2400	2.915383e+03	3628	3.601231e+03	6.110000e+01	611	6.018580e-01	5.526230e-01	
6.120000e+01	612	2947	2.915383e+03	3018	3.601231e+03	6.120000e+01	612	5.059514e-01	5.526230e-01	
6.130000e+01	613	2792	2.915383e+03	3590	3.601231e+03	6.130000e+01	613	5.625196e-01	5.526230e-01	
6.140000e+01	614	2605	2.915383e+03	4491	3.601231e+03	6.140000e+01	614	6.328918e-01	5.526230e-01	
6.150000e+01	615	2190	2.915383e+03	3906	3.601231e+03	6.150000e+01	615	6.407480e-01	5.526230e-01	
6.160000e+01	616	2960	2.915383e+03	4245	3.601231e+03	6.160000e+01	616	5.891742e-01	5.526230e-01	
6.170000e+01	617	3386	2.915383e+03	4087	3.601231e+03	6.170000e+01	617	5.469022e-01	5.526230e-01	
6.180000e+01	618	3132	2.915383e+03	3305	3.601231e+03	6.180000e+01	618	5.134379e-01	5.526230e-01	
6.190000e+01	619	2907	2.915383e+03	2880	3.601231e+03	6.190000e+01	619	4.976672e-01	5.526230e-01	
62	620	3633	2.915383e+03	2954	3.601231e+03	62	620	4.484591e-01	5.526230e-01	
6.210000e+01	621	3587	2.915383e+03	3775	3.601231e+03	6.210000e+01	621	5.127683e-01	5.526230e-01	
6.220000e+01	622	2625	2.915383e+03	3653	3.601231e+03	6.220000e+01	622	5.818732e-01	5.526230e-01	
6.230000e+01	623	3599	2.915383e+03	2914	3.601231e+03	6.230000e+01	623	4.474129e-01	5.526230e-01	
6.240000e+01	624	3450	2.915383e+03	4181	3.601231e+03	6.240000e+01	624	5.478967e-01	5.526230e-01	
6.250000e+01	625	3233	2.915383e+03	4195	3.601231e+03	6.250000e+01	625	5.647550e-01	5.526230e-01	
6.260000e+01	626	1638	2.915383e+03	3231	3.601231e+03	6.260000e+01	626	6.635860e-01	5.526230e-01	
6.270000e+01	627	3313	2.915383e+03	4077	3.601231e+03	6.270000e+01	627	5.516915e-01	5.526230e-01	
6.280000e+01	628	2714	2.915383e+03	2271	3.601231e+03	6.280000e+01	628	4.555667e-01	5.526230e-01	
6.290000e+01	629	3362	2.915383e+03	3374	3.601231e+03	6.290000e+01	629	5.008907e-01	5.526230e-01	
63	630	2921	2.915383e+03	3853	3.601231e+03	63	630	5.687924e-01	5.526230e-01	
6.310000e+01	631	2465	2.915383e+03	4013	3.601231e+03	6.310000e+01	631	6.194813e-01	5.526230e-01	
6.320000e+01	632	3396	2.915383e+03	2593	3.601231e+03	6.320000e+01	632	4.329604e-01	5.526230e-01	
6.330000e+01	633	2995	2.915383e+03	2111	3.601231e+03	6.330000e+01	633	4.134352e-01	5.526230e-01	
6.340000e+01	634	2950	2.915383e+03	3947	3.601231e+03	6.340000e+01	634	5.722778e-01	5.526230e-01	
6.350000e+01	635	2536	2.915383e+03	4059	3.601231e+03	6.350000e+01	635	6.154663e-01	5.526230e-01	
6.360000e+01	636	3481	2.915383e+03	3366	3.601231e+03	6.360000e+01	636	4.916022e-01	5.526230e-01	
6.370000e+01	637	4173	2.915383e+03	3897	3.601231e+03	6.370000e+01	637	4.828996e-01	5.526230e-01	
6.380000e+01	638	2291	2.915383e+03	3955	3.601231e+03	6.380000e+01	638	6.332053e-01	5.526230e-01	
6.390000e+01	639	3538	2.915383e+03	3501	3.601231e+03	6.390000e+01	639	4.973718e-01	5.526230e-01	
64	640	3322	2.915383e+03	3603	3.601231e+03	64	640	5.202888e-01	5.526230e-01	
6.410000e+01	641	2842	2.915383e+03	4076	3.601231e+03	6.410000e+01	641	5.891876e-01	5.526230e-01	
6.420000e+01	642	3347	2.915383e+03	4145	3.601231e+03	6.420000e+01	642	5.532568e-01	5.526230e-01	
6.430000e+01	643	3057	2.915383e+03	3763	3.601231e+03	6.430000e+01	643	5.517595e-01	5.526230e-01	
6.440000e+01	644	2648	2.915383e+03	3616	3.601231e+03	6.440000e+01	644	5.772669e-01	5.526230e-01	
6.450000e+01	645	2919	2.915383e+03	2769	3.601231e+03	6.450000e+01	645	4.868143e-01	5.526230e-01	
6.460000e+01	646	1257	5.607300e+02	4698	5.468620e+03	6.460000e+01	646	7.889169e-01	9.069999e-01	
6.470000e+01	647	9.056000e+02	5.607300e+02	5010	5.468620e+03	6.470000e+01	647	8.469132e-01	9.069999e-01	
6.480000e+01	648	5.872000e+02	5.607300e+02	5784	5.468620e+03	6.480000e+01	648	9.078353e-01	9.069999e-01	
6.490000e+01	649	3.692000e+02	5.607300e+02	4198	5.468620e+03	6.490000e+01	649	9.191627e-01	9.069999e-01	
65	650	5446	5.988284e+03	7.644000e+02	6.625279e+02	65	650	1.230839e-01	9.961609e-02	
6.510000e+01	651	4711	5.988284e+03	1051	6.625279e+02	6.510000e+01	651	1.824019e-01	9.961609e-02	
6.520000e+01	652	5132	5.988284e+03	2.494000e+02	6.625279e+02	6.520000e+01	652	4.634482e-02	9.961609e-02	
6.530000e+01	653	6721	5.988284e+03	1558	6.625279e+02	6.530000e+01	653	1.881870e-01	9.961609e-02	
6.540000e+01	654	6246	5.988284e+03	5.471000e+02	6.625279e+02	6.540000e+01	654	8.053760e-02	9.961609e-02	
6.550000e+01	655	5612	5.988284e+03	1003	6.625279e+02	6.550000e+01	655	1.516251e-01	9.961609e-02	
6.560000e+01	656	5431	5.988284e+03	-4.341000e+02	6.625279e+02	6.560000e+01	656	-8.687386e-02	9.961609e-02	
6.570000e+01	657	6484	5.988284e+03	-1.627000e+02	6.625279e+02	6.570000e+01	657	-2.573838e-02	9.961609e-02	
6.580000e+01	658	5158	5.988284e+03	-7.266000e+01	6.625279e+02	6.580000e+01	658	-1.428813e-02	9.961609e-02	
6.590000e+01	659	6201	5.988284e+03	4.374000e+02	6.625279e+02	6.590000e+01	659	6.588937e-02	9.961609e-02	
66	660	6602	5.988284e+03	5.743000e+02	6.625279e+02	66	660	8.002731e-02	9.961609e-02	
6.610000e+01	661	5475	5.988284e+03	9.004000e+02	6.625279e+02	6.610000e+01	661	1.412304e-01	9.961609e-02	
6.620000e+01	662	6309	5.988284e+03	1370	6.625279e+02	6.620000e+01	662	1.784086e-01	9.961609e-02	
6.630000e+01	663	8384	5.988284e+03	7.159000e+02	6.625279e+02	6.630000e+01	663	7.867119e-02	9.961609e-02	
6.640000e+01	664	4890	5.988284e+03	3.849000e+02	6.625279e+02	6.640000e+01	664	7.296821e-02	9.961609e-02	
6.650000e+01	665	3.583000e+02	5.607300e+02	4241	3.601231e+03	6.650000e+01	665	9.220968e-01	8.652726e-01	
6.660000e+01	666	-1.335000e+01	5.607300e+02	4112	3.601231e+03	6.660000e+01	666	1.003257e+00	8.652726e-01	
6.670000e+01	667	7414	5.607300e+02	8.322000e+02	6.625279e+02	6.670000e+01	667	1.009192e-01	8.652726e-01	
6.680000e+01	668	3101	2.915383e+03	1977	6.625279e+02	6.680000e+01	668	3.893265e-01	1.851717e-01	
6.690000e+01	669	2362	2.915383e+03	3596	3.601231e+03	6.690000e+01	669	6.035582e-01	1.851717e-01	
67	670	1924	2.915383e+03	2386	3.601231e+03	67	670	5.535963e-01	1.851717e-01	
6.710000e+01	671	2511	2.915383e+03	4366	3.601231e+03	6.710000e+01	671	6.348699e-01	1.851717e-01	
6.720000e+01	672	2100	2.915383e+03	4284	3.601231e+03	6.720000e+01	672	6.710526e-01	1.851717e-01	
6.730000e+01	673	2537	2.915383e+03	3628	3.601231e+03	6.730000e+01	673	5.884834e-01	1.851717e-01	
6.740000e+01	674	2233	2.915383e+03	4500	3.601231e+03	6.740000e+01	674	6.683499e-01	1.851717e-01	
6.750000e+01	675	2988	2.915383e+03	2507	3.601231e+03	6.750000e+01	675	4.562329e-01	1.851717e-01	
6.760000e+01	676	3033	2.915383e+03	3975	3.601231e+03	6.760000e+01	676	5.672089e-01	1.851717e-01	
6.770000e+01	677	2757	2.915383e+03	2959	3.601231e+03	6.770000e+01	677	5.176697e-01	1.851717e-01	
6.780000e+01	678	3095	2.915383e+03	3251	3.601231e+03	6.780000e+01	678	5.122912e-01	1.851717e-01	
6.790000e+01	679	2158	2.915383e+03	2591	3.601231e+03	6.790000e+01	679	5.455885e-01	1.851717e-01	
68	680	2552	2.915383e+03	3341	3.601231e+03	68	680	5.669438e-01	1.851717e-01	
6.810000e+01	681	2797	2.915383e+03	4078	3.601231e+03	6.810000e+01	681	5.931636e-01	1.851717e-01	
6.820000e+01	682	2233	2.915383e+03	4316	3.601231e+03	6.820000e+01	682	6.590319e-01	1.851717e-01	
6.830000e+01	683	2561	2.915383e+03	4047	3.601231e+03	6.830000e+01	683	6.124395e-01	1.851717e-01	
6.840000e+01	684	3101	2.915383e+03	3315	3.601231e+03	6.840000e+01	684	5.166771e-01	1.851717e-01	
6.850000e+01	685	2283	2.915383e+03	3024	3.601231e+03	6.850000e+01	685	5.698135e-01	1.851717e-01	
6.860000e+01	686	3452	2.915383e+03	3939	3.601231e+03	6.860000e+01	686	5.329455e-01	1.851717e-01	
6.870000e+01	687	2584	2.915383e+03	4409	3.601231e+03	6.870000e+01	687	6.304876e-01	1.851717e-01	
6.880000e+01	688	3826	2.915383e+03	2617	3.601231e+03	6.880000e+01	688	4.061772e-01	1.851717e-01	
6.890000e+01	689	2578	2.915383e+03	2509	3.601231e+03	6.890000e+01	689	4.932180e-01	1.851717e-01	
69	690	4.541000e+02	5.607300e+02	7306	5.468620e+03	69	690	9.414827e-01	9.069999e-01	
6.910000e+01	691	7.285000e+02	5.607300e+02	4816	5.468620e+03	6.910000e+01	691	8.686085e-01	9.069999e-01	
6.920000e+01	692	2.351000e+02	5.607300e+02	5419	5.468620e+03	6.920000e+01	692	9.584196e-01	9.069999e-01	
6.930000e+01	693	7.294000e+02	5.607300e+02	4739	5.468620e+03	6.930000e+01	693	8.666155e-01	9.069999e-01	
6.940000e+01	694	6.608000e+02	5.607300e+02	6156	5.468620e+03	6.940000e+01	694	9.030630e-01	9.069999e-01	
6.950000e+01	695	-3.082000e+00	5.607300e+02	5670	5.468620e+03	6.950000e+01	695	1.000544e+00	9.069999e-01	
6.960000e+01	696	1.935000e+02	5.607300e+02	6377	5.468620e+03	6.960000e+01	696	9.705502e-01	9.069999e-01	
6.970000e+01	697	6.272000e+02	5.607300e+02	5118	5.468620e+03	6.970000e+01	697	8.908306e-01	9.069999e-01	
6.980000e+01	698	1076	5.607300e+02	6918	5.468620e+03	6.980000e+01	698	8.653990e-01	9.069999e-01	
6.990000e+01	699	1453	5.607300e+02	6521	5.468620e+03	6.990000e+01	699	8.177828e-01	9.069999e-01	
70	700	1249	5.607300e+02	5362	5.468620e+03	70	700	8.110725e-01	9.069999e-01	
7.010000e+01	701	-4.687000e+01	5.607300e+02	4750	5.468620e+03	7.010000e+01	701	1.009966e+00	9.069999e-01	
7.020000e+01	702	172	5.607300e+02	6241	5.468620e+03	7.020000e+01	702	9.731795e-01	9.069999e-01	
7.030000e+01	703	-5.321000e+01	5.607300e+02	5805	5.468620e+03	7.030000e+01	703	1.009251e+00	9.069999e-01	
7.040000e+01	704	2.107000e+02	5.607300e+02	5227	5.468620e+03	7.040000e+01	704	9.612520e-01	9.069999e-01	
7.050000e+01	705	6.171000e+02	5.607300e+02	5632	5.468620e+03	7.050000e+01	705	9.012498e-01	9.069999e-01	
7.060000e+01	706	1058	5.607300e+02	5425	5.468620e+03	7.060000e+01	706	8.368039e-01	9.069999e-01	
7.070000e+01	707	1001	5.607300e+02	5717	5.468620e+03	7.070000e+01	707	8.509973e-01	9.069999e-01	
7.080000e+01	708	2.556000e+02	5.607300e+02	4683	5.468620e+03	7.080000e+01	708	9.482444e-01	9.069999e-01	
7.090000e+01	709	5.190000e+01	5.607300e+02	4715	5.468620e+03	7.090000e+01	709	9.891124e-01	9.069999e-01	
71	710	7.034000e+02	5.607300e+02	5866	5.468620e+03	71	710	8.929278e-01	9.069999e-01	
7.110000e+01	711	1185	5.607300e+02	5989	5.468620e+03	7.110000e+01	711	8.348202e-01	9.069999e-01	
7.120000e+01	712	-1.446000e+02	5.607300e+02	5720	5.468620e+03	7.120000e+01	712	1.025935e+00	9.069999e-01	
7.130000e+01	713	9.865000e+02	5.607300e+02	5380	5.468620e+03	7.130000e+01	713	8.450483e-01	9.069999e-01	
7.140000e+01	714	1.973000e+02	5.607300e+02	4546	5.468620e+03	7.140000e+01	714	9.584045e-01	9.069999e-01	
7.150000e+01	715	3.031000e+02	5.607300e+02	5553	5.468620e+03	7.150000e+01	715	9.482420e-01	9.069999e-01	
7.160000e+01	716	9.511000e+02	5.607300e+02	5783	5.468620e+03	7.160000e+01	716	8.587636e-01	9.069999e-01	
7.170000e+01	717	1019	5.607300e+02	5582	5.468620e+03	7.170000e+01	717	8.456295e-01	9.069999e-01	
7.180000e+01	718	7.922000e+02	5.607300e+02	4602	5.468620e+03	7.180000e+01	718	8.531386e-01	9.069999e-01	
7.190000e+01	719	1680	5.607300e+02	6194	5.468620e+03	7.190000e+01	719	7.866396e-01	9.069999e-01	
72	720	3.505000e+02	5.607300e+02	5517	5.468620e+03	72	720	9.402642e-01	9.069999e-01	
7.210000e+01	721	6.875000e+02	5.607300e+02	4333	5.468620e+03	7.210000e+01	721	8.630614e-01	9.069999e-01	
7.220000e+01	722	5.341000e+02	5.607300e+02	5393	5.468620e+03	7.220000e+01	722	9.098885e-01	9.069999e-01	
7.230000e+01	723	542	5.607300e+02	5698	5.468620e+03	7.230000e+01	723	9.131410e-01	9.069999e-01	
7.240000e+01	724	1525	5.607300e+02	5084	5.468620e+03	7.240000e+01	724	7.692540e-01	9.069999e-01	
7.250000e+01	725	5821	5.988284e+03	1591	6.625279e+02	7.250000e+01	725	2.146519e-01	9.961609e-02	
7.260000e+01	726	7481	5.988284e+03	1178	6.625279e+02	7.260000e+01	726	1.360434e-01	9.961609e-02	
7.270000e+01	727	6046	5.988284e+03	6.011000e+02	6.625279e+02	7.270000e+01	727	9.043041e-02	9.961609e-02	
7.280000e+01	728	5681	5.988284e+03	8.454000e+02	6.625279e+02	7.280000e+01	728	1.295354e-01	9.961609e-02	
7.290000e+01	729	5833	5.988284e+03	4.644000e+02	6.625279e+02	7.290000e+01	729	7.374472e-02	9.961609e-02	
73	730	6090	5.988284e+03	1222	6.625279e+02	73	730	1.671225e-01	9.961609e-02	
7.310000e+01	731	4696	5.988284e+03	8.529000e+01	6.625279e+02	7.310000e+01	731	1.783828e-02	9.961609e-02	
7.320000e+01	732	6439	5.988284e+03	-2.614000e+02	6.625279e+02	7.320000e+01	732	-4.231417e-02	9.961609e-02	
7.330000e+01	733	2820	5.988284e+03	4111	5.468620e+03	7.330000e+01	733	5.931323e-01	9.961609e-02	
7.340000e+01	734	5.644000e+02	5.607300e+02	5312	5.468620e+03	7.340000e+01	734	9.039548e-01	9.069999e-01	
7.350000e+01	735	1.958000e+02	5.607300e+02	5008	5.468620e+03	7.350000e+01	735	9.623737e-01	9.069999e-01	
7.360000e+01	736	553	5.607300e+02	4965	5.468620e+03	7.360000e+01	736	8.997825e-01	9.069999e-01	
7.370000e+01	737	-1.293000e+02	5.607300e+02	5608	5.468620e+03	7.370000e+01	737	1.023600e+00	9.069999e-01	
7.380000e+01	738	5.314000e+02	5.607300e+02	5742	5.468620e+03	7.380000e+01	738	9.152931e-01	9.069999e-01	
7.390000e+01	739	8.362000e+02	5.607300e+02	5171	5.468620e+03	7.390000e+01	739	8.608004e-01	9.069999e-01	
74	740	5.919000e+02	5.607300e+02	7430	5.468620e+03	74	740	9.262145e-01	9.069999e-01	
7.410000e+01	741	1009	5.607300e+02	6279	5.468620e+03	7.410000e+01	741	8.615532e-01	9.069999e-01	
7.420000e+01	742	3.279000e+02	5.607300e+02	5834	5.468620e+03	7.420000e+01	742	9.467859e-01	9.069999e-01	
7.430000e+01	743	-1.387000e+02	5.607300e+02	5166	5.468620e+03	7.430000e+01	743	1.027589e+00	9.069999e-01	
7.440000e+01	744	-5.310000e+01	5.607300e+02	4854	5.468620e+03	7.440000e+01	744	1.011060e+00	9.069999e-01	
7.450000e+01	745	4.246000e+02	5.607300e+02	5329	5.468620e+03	7.450000e+01	745	9.262027e-01	9.069999e-01	
7.460000e+01	746	4.578000e+02	5.607300e+02	4907	5.468620e+03	7.460000e+01	746	9.146660e-01	9.069999e-01	
7.470000e+01	747	8.645000e+02	5.607300e+02	5253	5.468620e+03	7.470000e+01	747	8.586841e-01	9.069999e-01	
7.480000e+01	748	7.073000e+02	5.607300e+02	6372	5.468620e+03	7.480000e+01	748	9.000890e-01	9.069999e-01	
7.490000e+01	749	5.043000e+02	5.607300e+02	3997	5.468620e+03	7.490000e+01	749	8.879657e-01	9.069999e-01	
75	750	4.076000e+02	5.607300e+02	5911	5.468620e+03	75	750	9.354920e-01	9.069999e-01	
7.510000e+01	751	2.151000e+02	5.607300e+02	4852	5.468620e+03	7.510000e+01	751	9.575497e-01	9.069999e-01	
7.520000e+01	752	1129	5.607300e+02	5368	5.468620e+03	7.520000e+01	752	8.262275e-01	9.069999e-01	
7.530000e+01	753	6.596000e+02	5.607300e+02	4317	5.468620e+03	7.530000e+01	753	8.674597e-01	9.069999e-01	
7.540000e+01	754	5.798000e+02	5.607300e+02	4569	5.468620e+03	7.540000e+01	754	8.873912e-01	9.069999e-01	
7.550000e+01	755	2.034000e+02	5.607300e+02	5922	5.468620e+03	7.550000e+01	755	9.667940e-01	9.069999e-01	
7.560000e+01	756	3.112000e+01	5.607300e+02	6210	5.468620e+03	7.560000e+01	756	9.950137e-01	9.069999e-01	
7.570000e+01	757	5.905000e+02	5.607300e+02	5737	5.468620e+03	7.570000e+01	757	9.066772e-01	9.069999e-01	
7.580000e+01	758	1205	5.607300e+02	4294	5.468620e+03	7.580000e+01	758	7.808692e-01	9.069999e-01	
7.590000e+01	759	2.493000e+02	5.607300e+02	6362	5.468620e+03	7.590000e+01	759	9.622918e-01	9.069999e-01	
76	760	3.004000e+02	5.607300e+02	5154	5.468620e+03	76	760	9.449252e-01	9.069999e-01	
7.610000e+01	761	-9.065000e+01	5.607300e+02	5951	5.468620e+03	7.610000e+01	761	1.015468e+00	9.069999e-01	
7.620000e+01	762	340	5.607300e+02	5026	5.468620e+03	7.620000e+01	762	9.366381e-01	9.069999e-01	
7.630000e+01	763	3.713000e+02	5.607300e+02	5785	5.468620e+03	7.630000e+01	763	9.396878e-01	9.069999e-01	
7.640000e+01	764	2.593000e+02	5.607300e+02	6104	5.468620e+03	7.640000e+01	764	9.592507e-01	9.069999e-01	
7.650000e+01	765	3.768000e+02	5.607300e+02	4718	5.468620e+03	7.650000e+01	765	9.260422e-01	9.069999e-01	
7.660000e+01	766	3.025000e+02	5.607300e+02	5105	5.468620e+03	7.660000e+01	766	9.440592e-01	9.069999e-01	
7.670000e+01	767	-463	5.607300e+02	5301	5.468620e+03	7.670000e+01	767	1.095701e+00	9.069999e-01	
7.680000e+01	768	1471	5.607300e+02	5410	5.468620e+03	7.680000e+01	768	7.862229e-01	9.069999e-01	
7.690000e+01	769	8.988000e+02	5.607300e+02	5668	5.468620e+03	7.690000e+01	769	8.631297e-01	9.069999e-01	
77	770	1.465000e+02	5.607300e+02	5935	5.468620e+03	77	770	9.759105e-01	9.069999e-01	
7.710000e+01	771	381	5.607300e+02	4645	5.468620e+03	7.710000e+01	771	9.241942e-01	9.069999e-01	
7.720000e+01	772	5.488000e+02	5.607300e+02	3923	5.468620e+03	7.720000e+01	772	8.772754e-01	9.069999e-01	
7.730000e+01	773	-438	5.607300e+02	6016	5.468620e+03	7.730000e+01	773	1.078523e+00	9.069999e-01	
7.740000e+01	774	1084	5.607300e+02	6769	5.468620e+03	7.740000e+01	774	8.619636e-01	9.069999e-01	
7.750000e+01	775	9.386000e+02	5.607300e+02	5363	5.468620e+03	7.750000e+01	775	8.510537e-01	9.069999e-01	
7.760000e+01	776	1.313000e+02	5.607300e+02	5278	5.468620e+03	7.760000e+01	776	9.757270e-01	9.069999e-01	
7.770000e+01	777	-6.904000e+01	5.607300e+02	4323	5.468620e+03	7.770000e+01	777	1.016230e+00	9.069999e-01	
7.780000e+01	778	1553	5.607300e+02	5050	5.468620e+03	7.780000e+01	778	7.648039e-01	9.069999e-01	
7.790000e+01	779	-4.159000e+01	5.607300e+02	6250	5.468620e+03	7.790000e+01	779	1.006699e+00	9.069999e-01	
78	780	1051	5.607300e+02	6635	5.468620e+03	78	780	8.632579e-01	9.069999e-01	
7.810000e+01	781	-5.746000e+01	5.607300e+02	5186	5.468620e+03	7.810000e+01	781	1.011204e+00	9.069999e-01	
7.820000e+01	782	920	5.607300e+02	6689	5.468620e+03	7.820000e+01	782	8.790906e-01	9.069999e-01	
7.830000e+01	783	5.898000e+02	5.607300e+02	5598	5.468620e+03	7.830000e+01	783	9.046834e-01	9.069999e-01	
7.840000e+01	784	-1.514000e+02	5.607300e+02	4214	5.468620e+03	7.840000e+01	784	1.037267e+00	9.069999e-01	
7.850000e+01	785	6.631000e+02	5.607300e+02	4848	5.468620e+03	7.850000e+01	785	8.796792e-01	9.069999e-01	
7.860000e+01	786	5.033000e+02	5.607300e+02	4946	5.468620e+03	7.860000e+01	786	9.076395e-01	9.069999e-01	
7.870000e+01	787	1292	5.607300e+02	5473	5.468620e+03	7.870000e+01	787	8.090170e-01	9.069999e-01	
7.880000e+01	788	1.946000e+02	5.607300e+02	5415	5.468620e+03	7.880000e+01	788	9.653095e-01	9.069999e-01	
7.890000e+01	789	-4.303000e+02	5.607300e+02	5283	5.468620e+03	7.890000e+01	789	1.088672e+00	9.069999e-01	
79	790	-4.090000e+01	5.607300e+02	5368	5.468620e+03	79	790	1.007678e+00	0	
