time at 532nm	frame at 532nm	I_1 at 532nm(counts)	discr.I_1 at 532nm(counts)	I_2 at 532nm(counts)	discr.I_2 at 532nm(counts)	time at 532nm	frame at 532nm	FRET_1>2	discr.FRET_1>2	
1.000000e-01	1	1095	6.348679e+02	4604	5.871439e+03	1.000000e-01	1	8.078610e-01	9.024227e-01	
2.000000e-01	2	-9.139000e+02	6.348679e+02	6032	5.871439e+03	2.000000e-01	2	1.178562e+00	9.024227e-01	
3.000000e-01	3	3.703000e+02	6.348679e+02	5464	5.871439e+03	3.000000e-01	3	9.365305e-01	9.024227e-01	
4.000000e-01	4	7.949000e+02	6.348679e+02	5759	5.871439e+03	4.000000e-01	4	8.787134e-01	9.024227e-01	
5.000000e-01	5	1221	6.348679e+02	5607	5.871439e+03	5.000000e-01	5	8.211775e-01	9.024227e-01	
6.000000e-01	6	2.639000e+02	6.348679e+02	6865	5.871439e+03	6.000000e-01	6	9.629817e-01	9.024227e-01	
7.000000e-01	7	8.709000e+02	6.348679e+02	5355	5.871439e+03	7.000000e-01	7	8.601166e-01	9.024227e-01	
8.000000e-01	8	6.536000e+01	6.348679e+02	7219	5.871439e+03	8.000000e-01	8	9.910274e-01	9.024227e-01	
9.000000e-01	9	1880	6.348679e+02	5853	5.871439e+03	9.000000e-01	9	7.568861e-01	9.024227e-01	
1	10	4.817000e+02	6.348679e+02	5211	5.871439e+03	1	10	9.153829e-01	9.024227e-01	
1.100000e+00	11	4.576000e+02	6.348679e+02	6432	5.871439e+03	1.100000e+00	11	9.335810e-01	9.024227e-01	
1.200000e+00	12	2.884000e+02	6.348679e+02	5511	5.871439e+03	1.200000e+00	12	9.502707e-01	9.024227e-01	
1.300000e+00	13	8.124000e+02	6.348679e+02	6763	5.871439e+03	1.300000e+00	13	8.927581e-01	9.024227e-01	
1.400000e+00	14	1643	6.348679e+02	5509	5.871439e+03	1.400000e+00	14	7.702740e-01	9.024227e-01	
1.500000e+00	15	7320	5.883950e+03	4.606000e+02	7.422959e+02	1.500000e+00	15	5.919852e-02	1.120236e-01	
1.600000e+00	16	5633	5.883950e+03	3.189000e+02	7.422959e+02	1.600000e+00	16	5.357953e-02	1.120236e-01	
1.700000e+00	17	5779	5.883950e+03	4.398000e+02	7.422959e+02	1.700000e+00	17	7.072104e-02	1.120236e-01	
1.800000e+00	18	7281	5.883950e+03	-1.541000e+02	7.422959e+02	1.800000e+00	18	-2.162230e-02	1.120236e-01	
1.900000e+00	19	6045	5.883950e+03	8.975000e+02	7.422959e+02	1.900000e+00	19	1.292762e-01	1.120236e-01	
2	20	6058	5.883950e+03	392	7.422959e+02	2	20	6.077519e-02	1.120236e-01	
2.100000e+00	21	6769	5.883950e+03	2.394000e+02	7.422959e+02	2.100000e+00	21	3.415901e-02	1.120236e-01	
2.200000e+00	22	4353	5.883950e+03	2181	7.422959e+02	2.200000e+00	22	3.337925e-01	1.120236e-01	
2.300000e+00	23	7.928000e+02	6.348679e+02	6993	5.871439e+03	2.300000e+00	23	8.981736e-01	9.024227e-01	
2.400000e+00	24	1160	6.348679e+02	5725	5.871439e+03	2.400000e+00	24	8.315178e-01	9.024227e-01	
2.500000e+00	25	-3.427000e+02	6.348679e+02	5309	5.871439e+03	2.500000e+00	25	1.069005e+00	9.024227e-01	
2.600000e+00	26	-1.374000e+02	6.348679e+02	5402	5.871439e+03	2.600000e+00	26	1.026099e+00	9.024227e-01	
2.700000e+00	27	1583	6.348679e+02	5406	5.871439e+03	2.700000e+00	27	7.735012e-01	9.024227e-01	
2.800000e+00	28	4.769000e+01	6.348679e+02	6500	5.871439e+03	2.800000e+00	28	9.927165e-01	9.024227e-01	
2.900000e+00	29	1015	6.348679e+02	6088	5.871439e+03	2.900000e+00	29	8.571026e-01	9.024227e-01	
3	30	1723	6.348679e+02	4205	5.871439e+03	3	30	7.093455e-01	9.024227e-01	
3.100000e+00	31	1278	6.348679e+02	7558	5.871439e+03	3.100000e+00	31	8.553644e-01	9.024227e-01	
3.200000e+00	32	661	6.348679e+02	5882	5.871439e+03	3.200000e+00	32	8.989760e-01	9.024227e-01	
3.300000e+00	33	8.557000e+02	6.348679e+02	6229	5.871439e+03	3.300000e+00	33	8.792186e-01	9.024227e-01	
3.400000e+00	34	1655	6.348679e+02	5023	5.871439e+03	3.400000e+00	34	7.521713e-01	9.024227e-01	
3.500000e+00	35	1172	6.348679e+02	5977	5.871439e+03	3.500000e+00	35	8.360610e-01	9.024227e-01	
3.600000e+00	36	3718	5.883950e+03	3779	5.871439e+03	3.600000e+00	36	5.040683e-01	9.024227e-01	
3.700000e+00	37	4683	5.883950e+03	9.802000e+02	7.422959e+02	3.700000e+00	37	1.730824e-01	1.120236e-01	
3.800000e+00	38	7100	5.883950e+03	8.826000e+02	7.422959e+02	3.800000e+00	38	1.105655e-01	1.120236e-01	
3.900000e+00	39	6023	5.883950e+03	4.127000e+02	7.422959e+02	3.900000e+00	39	6.412667e-02	1.120236e-01	
4	40	6277	5.883950e+03	-4.349000e+02	7.422959e+02	4	40	-7.444241e-02	1.120236e-01	
4.100000e+00	41	5926	5.883950e+03	7.202000e+02	7.422959e+02	4.100000e+00	41	1.083627e-01	1.120236e-01	
4.200000e+00	42	4104	3.046641e+03	2678	3.745864e+03	4.200000e+00	42	3.948688e-01	5.514702e-01	
4.300000e+00	43	3210	3.046641e+03	4242	3.745864e+03	4.300000e+00	43	5.692432e-01	5.514702e-01	
4.400000e+00	44	2580	3.046641e+03	4450	3.745864e+03	4.400000e+00	44	6.330014e-01	5.514702e-01	
4.500000e+00	45	3567	3.046641e+03	3259	3.745864e+03	4.500000e+00	45	4.774392e-01	5.514702e-01	
4.600000e+00	46	2930	3.046641e+03	4639	3.745864e+03	4.600000e+00	46	6.128947e-01	5.514702e-01	
4.700000e+00	47	3054	3.046641e+03	1899	3.745864e+03	4.700000e+00	47	3.834040e-01	5.514702e-01	
4.800000e+00	48	2756	3.046641e+03	1633	3.745864e+03	4.800000e+00	48	3.720665e-01	5.514702e-01	
4.900000e+00	49	3287	3.046641e+03	3263	3.745864e+03	4.900000e+00	49	4.981679e-01	5.514702e-01	
5	50	2809	3.046641e+03	4175	3.745864e+03	5	50	5.977950e-01	5.514702e-01	
5.100000e+00	51	3291	3.046641e+03	3117	3.745864e+03	5.100000e+00	51	4.864232e-01	5.514702e-01	
5.200000e+00	52	3645	3.046641e+03	3079	3.745864e+03	5.200000e+00	52	4.579120e-01	5.514702e-01	
5.300000e+00	53	1957	3.046641e+03	2995	3.745864e+03	5.300000e+00	53	6.048061e-01	5.514702e-01	
5.400000e+00	54	3911	3.046641e+03	2767	3.745864e+03	5.400000e+00	54	4.143456e-01	5.514702e-01	
5.500000e+00	55	3320	3.046641e+03	3875	3.745864e+03	5.500000e+00	55	5.385685e-01	5.514702e-01	
5.600000e+00	56	3609	3.046641e+03	3762	3.745864e+03	5.600000e+00	56	5.103785e-01	5.514702e-01	
5.700000e+00	57	2580	3.046641e+03	3835	3.745864e+03	5.700000e+00	57	5.978176e-01	5.514702e-01	
5.800000e+00	58	3686	3.046641e+03	4269	3.745864e+03	5.800000e+00	58	5.366436e-01	5.514702e-01	
5.900000e+00	59	3496	3.046641e+03	1941	3.745864e+03	5.900000e+00	59	3.569983e-01	5.514702e-01	
6	60	2573	3.046641e+03	3163	3.745864e+03	6	60	5.514296e-01	5.514702e-01	
6.100000e+00	61	2990	3.046641e+03	2884	3.745864e+03	6.100000e+00	61	4.909772e-01	5.514702e-01	
6.200000e+00	62	5920	5.883950e+03	1298	7.422959e+02	6.200000e+00	62	1.798282e-01	1.120236e-01	
6.300000e+00	63	4846	5.883950e+03	1.315000e+02	7.422959e+02	6.300000e+00	63	2.641888e-02	1.120236e-01	
6.400000e+00	64	5368	5.883950e+03	2.115000e+02	7.422959e+02	6.400000e+00	64	3.790662e-02	1.120236e-01	
6.500000e+00	65	5209	5.883950e+03	9.362000e+01	7.422959e+02	6.500000e+00	65	1.765542e-02	1.120236e-01	
6.600000e+00	66	5995	5.883950e+03	8.801000e+02	7.422959e+02	6.600000e+00	66	1.280127e-01	1.120236e-01	
6.700000e+00	67	5606	5.883950e+03	1.671000e+02	7.422959e+02	6.700000e+00	67	2.894459e-02	1.120236e-01	
6.800000e+00	68	4511	5.883950e+03	3.487000e+02	7.422959e+02	6.800000e+00	68	7.175340e-02	1.120236e-01	
6.900000e+00	69	6776	5.883950e+03	4.185000e+02	7.422959e+02	6.900000e+00	69	5.816943e-02	1.120236e-01	
7	70	6585	5.883950e+03	1517	7.422959e+02	7	70	1.872377e-01	1.120236e-01	
7.100000e+00	71	5436	5.883950e+03	1059	7.422959e+02	7.100000e+00	71	1.630485e-01	1.120236e-01	
7.200000e+00	72	5077	5.883950e+03	1448	7.422959e+02	7.200000e+00	72	2.219157e-01	1.120236e-01	
7.300000e+00	73	3524	3.046641e+03	4188	3.745864e+03	7.300000e+00	73	5.430498e-01	5.514702e-01	
7.400000e+00	74	2957	3.046641e+03	3857	3.745864e+03	7.400000e+00	74	5.660405e-01	5.514702e-01	
7.500000e+00	75	3967	3.046641e+03	3022	3.745864e+03	7.500000e+00	75	4.323938e-01	5.514702e-01	
7.600000e+00	76	2907	3.046641e+03	3533	3.745864e+03	7.600000e+00	76	5.486025e-01	5.514702e-01	
7.700000e+00	77	4327	3.046641e+03	3635	3.745864e+03	7.700000e+00	77	4.565436e-01	5.514702e-01	
7.800000e+00	78	2746	3.046641e+03	3495	3.745864e+03	7.800000e+00	78	5.600064e-01	5.514702e-01	
7.900000e+00	79	3317	3.046641e+03	4425	3.745864e+03	7.900000e+00	79	5.715577e-01	5.514702e-01	
8	80	1836	3.046641e+03	3142	3.745864e+03	8	80	6.311772e-01	5.514702e-01	
8.100000e+00	81	2781	3.046641e+03	4823	3.745864e+03	8.100000e+00	81	6.342714e-01	5.514702e-01	
8.200000e+00	82	4462	3.046641e+03	3172	3.745864e+03	8.200000e+00	82	4.155096e-01	5.514702e-01	
8.300000e+00	83	3551	3.046641e+03	3808	3.745864e+03	8.300000e+00	83	5.174616e-01	5.514702e-01	
8.400000e+00	84	3826	3.046641e+03	4564	3.745864e+03	8.400000e+00	84	5.439809e-01	5.514702e-01	
8.500000e+00	85	3785	3.046641e+03	4490	3.745864e+03	8.500000e+00	85	5.425982e-01	5.514702e-01	
8.600000e+00	86	1656	3.046641e+03	2894	3.745864e+03	8.600000e+00	86	6.360440e-01	5.514702e-01	
8.700000e+00	87	3179	3.046641e+03	4094	3.745864e+03	8.700000e+00	87	5.629039e-01	5.514702e-01	
8.800000e+00	88	2623	3.046641e+03	3475	3.745864e+03	8.800000e+00	88	5.698590e-01	5.514702e-01	
8.900000e+00	89	2378	3.046641e+03	3837	3.745864e+03	8.900000e+00	89	6.173773e-01	5.514702e-01	
9	90	4124	3.046641e+03	3528	3.745864e+03	9	90	4.610559e-01	5.514702e-01	
9.100000e+00	91	2593	3.046641e+03	5374	3.745864e+03	9.100000e+00	91	6.745324e-01	5.514702e-01	
9.200000e+00	92	3187	3.046641e+03	2026	3.745864e+03	9.200000e+00	92	3.886438e-01	5.514702e-01	
9.300000e+00	93	1156	3.046641e+03	3894	3.745864e+03	9.300000e+00	93	7.710891e-01	5.514702e-01	
9.400000e+00	94	3235	3.046641e+03	3634	3.745864e+03	9.400000e+00	94	5.290435e-01	5.514702e-01	
9.500000e+00	95	4046	3.046641e+03	3632	3.745864e+03	9.500000e+00	95	4.730399e-01	5.514702e-01	
9.600000e+00	96	2920	3.046641e+03	3114	3.745864e+03	9.600000e+00	96	5.160756e-01	5.514702e-01	
9.700000e+00	97	2476	3.046641e+03	3674	3.745864e+03	9.700000e+00	97	5.973984e-01	5.514702e-01	
9.800000e+00	98	4460	3.046641e+03	3152	3.745864e+03	9.800000e+00	98	4.140830e-01	5.514702e-01	
9.900000e+00	99	3274	3.046641e+03	3230	3.745864e+03	9.900000e+00	99	4.966175e-01	5.514702e-01	
10	100	3209	3.046641e+03	4278	3.745864e+03	10	100	5.713904e-01	5.514702e-01	
1.010000e+01	101	3219	3.046641e+03	3168	3.745864e+03	1.010000e+01	101	4.960075e-01	5.514702e-01	
1.020000e+01	102	3099	3.046641e+03	4203	3.745864e+03	1.020000e+01	102	5.755957e-01	5.514702e-01	
1.030000e+01	103	3627	3.046641e+03	3647	3.745864e+03	1.030000e+01	103	5.013748e-01	5.514702e-01	
1.040000e+01	104	3018	3.046641e+03	3927	3.745864e+03	1.040000e+01	104	5.654428e-01	5.514702e-01	
1.050000e+01	105	3171	3.046641e+03	2632	3.745864e+03	1.050000e+01	105	4.535585e-01	5.514702e-01	
1.060000e+01	106	2559	3.046641e+03	4804	3.745864e+03	1.060000e+01	106	6.524514e-01	5.514702e-01	
1.070000e+01	107	2147	3.046641e+03	3606	3.745864e+03	1.070000e+01	107	6.268034e-01	5.514702e-01	
1.080000e+01	108	2352	3.046641e+03	3882	3.745864e+03	1.080000e+01	108	6.227141e-01	5.514702e-01	
1.090000e+01	109	3422	3.046641e+03	4067	3.745864e+03	1.090000e+01	109	5.430632e-01	5.514702e-01	
11	110	2393	3.046641e+03	3178	3.745864e+03	11	110	5.704541e-01	5.514702e-01	
1.110000e+01	111	4008	3.046641e+03	2964	3.745864e+03	1.110000e+01	111	4.251291e-01	5.514702e-01	
1.120000e+01	112	3195	3.046641e+03	3859	3.745864e+03	1.120000e+01	112	5.470655e-01	5.514702e-01	
1.130000e+01	113	2790	3.046641e+03	4327	3.745864e+03	1.130000e+01	113	6.079809e-01	5.514702e-01	
1.140000e+01	114	2284	3.046641e+03	3722	3.745864e+03	1.140000e+01	114	6.197136e-01	5.514702e-01	
1.150000e+01	115	3324	3.046641e+03	3877	3.745864e+03	1.150000e+01	115	5.383974e-01	5.514702e-01	
1.160000e+01	116	3610	3.046641e+03	4386	3.745864e+03	1.160000e+01	116	5.485243e-01	5.514702e-01	
1.170000e+01	117	2278	3.046641e+03	3145	3.745864e+03	1.170000e+01	117	5.799373e-01	5.514702e-01	
1.180000e+01	118	3102	3.046641e+03	2660	3.745864e+03	1.180000e+01	118	4.616453e-01	5.514702e-01	
1.190000e+01	119	3200	3.046641e+03	2413	3.745864e+03	1.190000e+01	119	4.298949e-01	5.514702e-01	
12	120	3931	3.046641e+03	4706	3.745864e+03	12	120	5.448651e-01	5.514702e-01	
1.210000e+01	121	3711	3.046641e+03	4330	3.745864e+03	1.210000e+01	121	5.384902e-01	5.514702e-01	
1.220000e+01	122	2779	3.046641e+03	3114	3.745864e+03	1.220000e+01	122	5.284236e-01	5.514702e-01	
1.230000e+01	123	2306	3.046641e+03	4487	3.745864e+03	1.230000e+01	123	6.605329e-01	5.514702e-01	
1.240000e+01	124	2915	3.046641e+03	3533	3.745864e+03	1.240000e+01	124	5.479218e-01	5.514702e-01	
1.250000e+01	125	3206	3.046641e+03	3336	3.745864e+03	1.250000e+01	125	5.099358e-01	5.514702e-01	
1.260000e+01	126	2077	3.046641e+03	4553	3.745864e+03	1.260000e+01	126	6.867270e-01	5.514702e-01	
1.270000e+01	127	3398	3.046641e+03	4357	3.745864e+03	1.270000e+01	127	5.618311e-01	5.514702e-01	
1.280000e+01	128	3427	3.046641e+03	4163	3.745864e+03	1.280000e+01	128	5.484848e-01	5.514702e-01	
1.290000e+01	129	2347	3.046641e+03	4484	3.745864e+03	1.290000e+01	129	6.564193e-01	5.514702e-01	
13	130	3328	3.046641e+03	3983	3.745864e+03	13	130	5.447955e-01	5.514702e-01	
1.310000e+01	131	2767	3.046641e+03	3414	3.745864e+03	1.310000e+01	131	5.523378e-01	5.514702e-01	
1.320000e+01	132	3093	3.046641e+03	3029	3.745864e+03	1.320000e+01	132	4.947730e-01	5.514702e-01	
1.330000e+01	133	3332	3.046641e+03	3295	3.745864e+03	1.330000e+01	133	4.972084e-01	5.514702e-01	
1.340000e+01	134	2963	3.046641e+03	4276	3.745864e+03	1.340000e+01	134	5.906893e-01	5.514702e-01	
1.350000e+01	135	3414	3.046641e+03	3944	3.745864e+03	1.350000e+01	135	5.360152e-01	5.514702e-01	
1.360000e+01	136	3593	3.046641e+03	2514	3.745864e+03	1.360000e+01	136	4.116588e-01	5.514702e-01	
1.370000e+01	137	3154	3.046641e+03	3678	3.745864e+03	1.370000e+01	137	5.383489e-01	5.514702e-01	
1.380000e+01	138	4049	3.046641e+03	3847	3.745864e+03	1.380000e+01	138	4.872087e-01	5.514702e-01	
1.390000e+01	139	9.462000e+02	3.046641e+03	5613	3.745864e+03	1.390000e+01	139	8.557446e-01	5.514702e-01	
14	140	2013	3.046641e+03	4466	3.745864e+03	14	140	6.893039e-01	5.514702e-01	
1.410000e+01	141	2564	3.046641e+03	2970	3.745864e+03	1.410000e+01	141	5.366823e-01	5.514702e-01	
1.420000e+01	142	2307	3.046641e+03	4419	3.745864e+03	1.420000e+01	142	6.570027e-01	5.514702e-01	
1.430000e+01	143	1934	3.046641e+03	6318	5.871439e+03	1.430000e+01	143	7.656326e-01	5.514702e-01	
1.440000e+01	144	-6.417000e+02	6.348679e+02	6209	5.871439e+03	1.440000e+01	144	1.115262e+00	9.024227e-01	
1.450000e+01	145	-532	6.348679e+02	6403	5.871439e+03	1.450000e+01	145	1.090615e+00	9.024227e-01	
1.460000e+01	146	1.955000e+02	6.348679e+02	5900	5.871439e+03	1.460000e+01	146	9.679272e-01	9.024227e-01	
1.470000e+01	147	1151	6.348679e+02	7022	5.871439e+03	1.470000e+01	147	8.591704e-01	9.024227e-01	
1.480000e+01	148	5.512000e+02	6.348679e+02	4756	5.871439e+03	1.480000e+01	148	8.961411e-01	9.024227e-01	
1.490000e+01	149	3.990000e+01	6.348679e+02	4051	5.871439e+03	1.490000e+01	149	9.902466e-01	9.024227e-01	
15	150	9.434000e+02	6.348679e+02	5573	5.871439e+03	15	150	8.552268e-01	9.024227e-01	
1.510000e+01	151	1421	6.348679e+02	5627	5.871439e+03	1.510000e+01	151	7.983825e-01	9.024227e-01	
1.520000e+01	152	3.928000e+02	6.348679e+02	6675	5.871439e+03	1.520000e+01	152	9.444240e-01	9.024227e-01	
1.530000e+01	153	1320	6.348679e+02	4296	5.871439e+03	1.530000e+01	153	7.649573e-01	9.024227e-01	
1.540000e+01	154	8.889000e+02	6.348679e+02	4963	5.871439e+03	1.540000e+01	154	8.481006e-01	9.024227e-01	
1.550000e+01	155	4419	5.883950e+03	7.185000e+02	7.422959e+02	1.550000e+01	155	1.398540e-01	1.120236e-01	
1.560000e+01	156	5469	5.883950e+03	8.685000e+02	7.422959e+02	1.560000e+01	156	1.370414e-01	1.120236e-01	
1.570000e+01	157	5800	5.883950e+03	7.012000e+02	7.422959e+02	1.570000e+01	157	1.078570e-01	1.120236e-01	
1.580000e+01	158	3164	5.883950e+03	3914	7.422959e+02	1.580000e+01	158	5.529811e-01	1.120236e-01	
1.590000e+01	159	-9.966000e-01	6.348679e+02	4992	5.871439e+03	1.590000e+01	159	1.000200e+00	9.024227e-01	
16	160	1029	6.348679e+02	6243	5.871439e+03	16	160	8.584983e-01	9.024227e-01	
1.610000e+01	161	-2.784000e+02	6.348679e+02	7701	5.871439e+03	1.610000e+01	161	1.037507e+00	9.024227e-01	
1.620000e+01	162	1222	6.348679e+02	7462	5.871439e+03	1.620000e+01	162	8.592814e-01	9.024227e-01	
1.630000e+01	163	5.220000e+01	6.348679e+02	6407	5.871439e+03	1.630000e+01	163	9.919185e-01	9.024227e-01	
1.640000e+01	164	1659	6.348679e+02	5569	5.871439e+03	1.640000e+01	164	7.704759e-01	9.024227e-01	
1.650000e+01	165	1046	6.348679e+02	3898	5.871439e+03	1.650000e+01	165	7.884304e-01	9.024227e-01	
1.660000e+01	166	-1.798000e+02	6.348679e+02	5312	5.871439e+03	1.660000e+01	166	1.035034e+00	9.024227e-01	
1.670000e+01	167	-6.945000e+01	6.348679e+02	5831	5.871439e+03	1.670000e+01	167	1.012054e+00	9.024227e-01	
1.680000e+01	168	-2.508000e+02	6.348679e+02	6473	5.871439e+03	1.680000e+01	168	1.040307e+00	9.024227e-01	
1.690000e+01	169	7.176000e+01	6.348679e+02	4494	5.871439e+03	1.690000e+01	169	9.842830e-01	9.024227e-01	
17	170	1075	6.348679e+02	5586	5.871439e+03	17	170	8.386128e-01	9.024227e-01	
1.710000e+01	171	2333	6.348679e+02	5648	5.871439e+03	1.710000e+01	171	7.076807e-01	9.024227e-01	
1.720000e+01	172	4.679000e+02	6.348679e+02	6717	5.871439e+03	1.720000e+01	172	9.348773e-01	9.024227e-01	
1.730000e+01	173	-574	6.348679e+02	5665	5.871439e+03	1.730000e+01	173	1.112748e+00	9.024227e-01	
1.740000e+01	174	1033	6.348679e+02	5623	5.871439e+03	1.740000e+01	174	8.448017e-01	9.024227e-01	
1.750000e+01	175	7.265000e+02	6.348679e+02	5902	5.871439e+03	1.750000e+01	175	8.903975e-01	9.024227e-01	
1.760000e+01	176	3.656000e+02	6.348679e+02	4751	5.871439e+03	1.760000e+01	176	9.285463e-01	9.024227e-01	
1.770000e+01	177	9.447000e+02	6.348679e+02	4720	5.871439e+03	1.770000e+01	177	8.332304e-01	9.024227e-01	
1.780000e+01	178	5.679000e+02	6.348679e+02	5691	5.871439e+03	1.780000e+01	178	9.092652e-01	9.024227e-01	
1.790000e+01	179	-5.324000e+02	6.348679e+02	5973	5.871439e+03	1.790000e+01	179	1.097857e+00	9.024227e-01	
18	180	-2.083000e+02	6.348679e+02	6132	5.871439e+03	18	180	1.035164e+00	9.024227e-01	
1.810000e+01	181	8.264000e+02	6.348679e+02	6248	5.871439e+03	1.810000e+01	181	8.831844e-01	9.024227e-01	
1.820000e+01	182	5.497000e+02	6.348679e+02	7636	5.871439e+03	1.820000e+01	182	9.328463e-01	9.024227e-01	
1.830000e+01	183	3.354000e+02	6.348679e+02	5963	5.871439e+03	1.830000e+01	183	9.467484e-01	9.024227e-01	
1.840000e+01	184	2.735000e+02	6.348679e+02	6770	5.871439e+03	1.840000e+01	184	9.611699e-01	9.024227e-01	
1.850000e+01	185	9.199000e+02	6.348679e+02	4807	5.871439e+03	1.850000e+01	185	8.393721e-01	9.024227e-01	
1.860000e+01	186	1252	6.348679e+02	6147	5.871439e+03	1.860000e+01	186	8.307879e-01	9.024227e-01	
1.870000e+01	187	1288	6.348679e+02	4753	5.871439e+03	1.870000e+01	187	7.867903e-01	9.024227e-01	
1.880000e+01	188	-6.848000e+02	6.348679e+02	5549	5.871439e+03	1.880000e+01	188	1.140784e+00	9.024227e-01	
1.890000e+01	189	8.278000e+02	6.348679e+02	6226	5.871439e+03	1.890000e+01	189	8.826448e-01	9.024227e-01	
19	190	5.078000e+02	6.348679e+02	5945	5.871439e+03	19	190	9.213055e-01	9.024227e-01	
1.910000e+01	191	8.991000e+02	6.348679e+02	5192	5.871439e+03	1.910000e+01	191	8.523912e-01	9.024227e-01	
1.920000e+01	192	6.108000e+02	6.348679e+02	6831	5.871439e+03	1.920000e+01	192	9.179231e-01	9.024227e-01	
1.930000e+01	193	1040	6.348679e+02	6484	5.871439e+03	1.930000e+01	193	8.617757e-01	9.024227e-01	
1.940000e+01	194	1.248000e+02	6.348679e+02	5146	5.871439e+03	1.940000e+01	194	9.763224e-01	9.024227e-01	
1.950000e+01	195	1269	6.348679e+02	5361	5.871439e+03	1.950000e+01	195	8.085973e-01	9.024227e-01	
1.960000e+01	196	2.637000e+02	6.348679e+02	4812	5.871439e+03	1.960000e+01	196	9.480466e-01	9.024227e-01	
1.970000e+01	197	6.911000e+02	6.348679e+02	4821	5.871439e+03	1.970000e+01	197	8.746213e-01	9.024227e-01	
1.980000e+01	198	-2.081000e+02	6.348679e+02	6108	5.871439e+03	1.980000e+01	198	1.035272e+00	9.024227e-01	
1.990000e+01	199	106	6.348679e+02	6284	5.871439e+03	1.990000e+01	199	9.834116e-01	9.024227e-01	
20	200	8.446000e+02	6.348679e+02	4666	5.871439e+03	20	200	8.467318e-01	9.024227e-01	
2.010000e+01	201	1209	6.348679e+02	5861	5.871439e+03	2.010000e+01	201	8.289958e-01	9.024227e-01	
2.020000e+01	202	7.242000e+02	6.348679e+02	6202	5.871439e+03	2.020000e+01	202	8.954405e-01	9.024227e-01	
2.030000e+01	203	6.874000e+02	6.348679e+02	5061	5.871439e+03	2.030000e+01	203	8.804189e-01	9.024227e-01	
2.040000e+01	204	1526	6.348679e+02	5501	5.871439e+03	2.040000e+01	204	7.828376e-01	9.024227e-01	
2.050000e+01	205	138	6.348679e+02	4953	5.871439e+03	2.050000e+01	205	9.728933e-01	9.024227e-01	
2.060000e+01	206	-2.725000e+02	6.348679e+02	6834	5.871439e+03	2.060000e+01	206	1.041530e+00	9.024227e-01	
2.070000e+01	207	5.748000e+02	6.348679e+02	6883	5.871439e+03	2.070000e+01	207	9.229263e-01	9.024227e-01	
2.080000e+01	208	1075	6.348679e+02	5202	5.871439e+03	2.080000e+01	208	8.287398e-01	9.024227e-01	
2.090000e+01	209	2909	3.046641e+03	4001	3.745864e+03	2.090000e+01	209	5.790159e-01	5.514702e-01	
21	210	3847	3.046641e+03	3703	3.745864e+03	21	210	4.904636e-01	5.514702e-01	
2.110000e+01	211	1922	3.046641e+03	3777	3.745864e+03	2.110000e+01	211	6.627479e-01	5.514702e-01	
2.120000e+01	212	2776	3.046641e+03	3376	3.745864e+03	2.120000e+01	212	5.487646e-01	5.514702e-01	
2.130000e+01	213	3335	3.046641e+03	3870	3.745864e+03	2.130000e+01	213	5.371270e-01	5.514702e-01	
2.140000e+01	214	3146	3.046641e+03	4288	3.745864e+03	2.140000e+01	214	5.768093e-01	5.514702e-01	
2.150000e+01	215	2627	3.046641e+03	5332	3.745864e+03	2.150000e+01	215	6.699334e-01	5.514702e-01	
2.160000e+01	216	3223	3.046641e+03	3488	3.745864e+03	2.160000e+01	216	5.197437e-01	5.514702e-01	
2.170000e+01	217	4295	3.046641e+03	3213	3.745864e+03	2.170000e+01	217	4.279435e-01	5.514702e-01	
2.180000e+01	218	7206	5.883950e+03	7.419000e+02	7.422959e+02	2.180000e+01	218	9.334541e-02	1.120236e-01	
2.190000e+01	219	6727	5.883950e+03	392	7.422959e+02	2.190000e+01	219	5.506391e-02	1.120236e-01	
22	220	6508	5.883950e+03	1287	7.422959e+02	22	220	1.651058e-01	1.120236e-01	
2.210000e+01	221	3804	3.046641e+03	3360	3.745864e+03	2.210000e+01	221	4.690117e-01	5.514702e-01	
2.220000e+01	222	1897	3.046641e+03	4170	3.745864e+03	2.220000e+01	222	6.873249e-01	5.514702e-01	
2.230000e+01	223	6.365000e+02	6.348679e+02	3783	3.745864e+03	2.230000e+01	223	8.559792e-01	5.514702e-01	
2.240000e+01	224	7.622000e+02	6.348679e+02	6667	5.871439e+03	2.240000e+01	224	8.974048e-01	9.024227e-01	
2.250000e+01	225	1266	6.348679e+02	6412	5.871439e+03	2.250000e+01	225	8.351133e-01	9.024227e-01	
2.260000e+01	226	4.683000e+02	6.348679e+02	4242	5.871439e+03	2.260000e+01	226	9.005796e-01	9.024227e-01	
2.270000e+01	227	1409	6.348679e+02	6034	5.871439e+03	2.270000e+01	227	8.106946e-01	9.024227e-01	
2.280000e+01	228	1228	6.348679e+02	6369	5.871439e+03	2.280000e+01	228	8.383572e-01	9.024227e-01	
2.290000e+01	229	3.496000e+02	6.348679e+02	5488	5.871439e+03	2.290000e+01	229	9.401124e-01	9.024227e-01	
23	230	2.422000e+02	6.348679e+02	7180	5.871439e+03	23	230	9.673682e-01	9.024227e-01	
2.310000e+01	231	4.464000e+02	6.348679e+02	6366	5.871439e+03	2.310000e+01	231	9.344724e-01	9.024227e-01	
2.320000e+01	232	2894	3.046641e+03	3753	3.745864e+03	2.320000e+01	232	5.646156e-01	5.514702e-01	
2.330000e+01	233	3204	3.046641e+03	3262	3.745864e+03	2.330000e+01	233	5.044850e-01	5.514702e-01	
2.340000e+01	234	3.171000e+02	6.348679e+02	7089	5.871439e+03	2.340000e+01	234	9.571839e-01	9.024227e-01	
2.350000e+01	235	1109	6.348679e+02	5368	5.871439e+03	2.350000e+01	235	8.287788e-01	9.024227e-01	
2.360000e+01	236	2.086000e+02	6.348679e+02	7121	5.871439e+03	2.360000e+01	236	9.715401e-01	9.024227e-01	
2.370000e+01	237	-1067	6.348679e+02	5850	5.871439e+03	2.370000e+01	237	1.223082e+00	9.024227e-01	
2.380000e+01	238	809	6.348679e+02	6674	5.871439e+03	2.380000e+01	238	8.918883e-01	9.024227e-01	
2.390000e+01	239	-1.982000e+02	6.348679e+02	6254	5.871439e+03	2.390000e+01	239	1.032729e+00	9.024227e-01	
24	240	2741	6.348679e+02	4344	5.871439e+03	24	240	6.131263e-01	9.024227e-01	
2.410000e+01	241	4681	5.883950e+03	7.214000e+02	7.422959e+02	2.410000e+01	241	1.335332e-01	1.120236e-01	
2.420000e+01	242	4575	5.883950e+03	991	7.422959e+02	2.420000e+01	242	1.780453e-01	1.120236e-01	
2.430000e+01	243	7129	5.883950e+03	9.038000e+02	7.422959e+02	2.430000e+01	243	1.125137e-01	1.120236e-01	
2.440000e+01	244	3126	3.046641e+03	4072	3.745864e+03	2.440000e+01	244	5.657127e-01	5.514702e-01	
2.450000e+01	245	4144	3.046641e+03	3079	3.745864e+03	2.450000e+01	245	4.262772e-01	5.514702e-01	
2.460000e+01	246	2631	3.046641e+03	4338	3.745864e+03	2.460000e+01	246	6.224709e-01	5.514702e-01	
2.470000e+01	247	3323	3.046641e+03	3473	3.745864e+03	2.470000e+01	247	5.110359e-01	5.514702e-01	
2.480000e+01	248	5055	5.883950e+03	4.948000e+02	7.422959e+02	2.480000e+01	248	8.915637e-02	1.120236e-01	
2.490000e+01	249	6296	5.883950e+03	1058	7.422959e+02	2.490000e+01	249	1.438673e-01	1.120236e-01	
25	250	5663	5.883950e+03	-1.653000e+02	7.422959e+02	25	250	-3.006712e-02	1.120236e-01	
2.510000e+01	251	6684	5.883950e+03	5.656000e+02	7.422959e+02	2.510000e+01	251	7.801810e-02	1.120236e-01	
2.520000e+01	252	5470	5.883950e+03	8.082000e+02	7.422959e+02	2.520000e+01	252	1.287312e-01	1.120236e-01	
2.530000e+01	253	5299	5.883950e+03	3.641000e+02	7.422959e+02	2.530000e+01	253	6.429341e-02	1.120236e-01	
2.540000e+01	254	5999	5.883950e+03	4.945000e+02	7.422959e+02	2.540000e+01	254	7.615308e-02	1.120236e-01	
2.550000e+01	255	5661	5.883950e+03	7.432000e+02	7.422959e+02	2.550000e+01	255	1.160488e-01	1.120236e-01	
2.560000e+01	256	4437	5.883950e+03	1155	7.422959e+02	2.560000e+01	256	2.065451e-01	1.120236e-01	
2.570000e+01	257	3914	5.883950e+03	-1.074000e+01	7.422959e+02	2.570000e+01	257	-2.751546e-03	1.120236e-01	
2.580000e+01	258	6354	5.883950e+03	1.588000e+02	7.422959e+02	2.580000e+01	258	2.438275e-02	1.120236e-01	
2.590000e+01	259	5639	5.883950e+03	2.881000e+02	7.422959e+02	2.590000e+01	259	4.860724e-02	1.120236e-01	
26	260	3601	5.883950e+03	3335	7.422959e+02	26	260	4.808247e-01	1.120236e-01	
2.610000e+01	261	6.913000e+02	6.348679e+02	5993	5.871439e+03	2.610000e+01	261	8.965785e-01	9.024227e-01	
2.620000e+01	262	6.756000e+02	6.348679e+02	5473	5.871439e+03	2.620000e+01	262	8.901213e-01	9.024227e-01	
2.630000e+01	263	-1.707000e+02	6.348679e+02	6215	5.871439e+03	2.630000e+01	263	1.028241e+00	9.024227e-01	
2.640000e+01	264	-1350	6.348679e+02	6542	5.871439e+03	2.640000e+01	264	1.260015e+00	9.024227e-01	
2.650000e+01	265	1.155000e+02	6.348679e+02	5904	5.871439e+03	2.650000e+01	265	9.808124e-01	9.024227e-01	
2.660000e+01	266	6.771000e+02	6.348679e+02	6004	5.871439e+03	2.660000e+01	266	8.986544e-01	9.024227e-01	
2.670000e+01	267	8.541000e+02	6.348679e+02	5315	5.871439e+03	2.670000e+01	267	8.615519e-01	9.024227e-01	
2.680000e+01	268	-7.534000e+02	6.348679e+02	6824	5.871439e+03	2.680000e+01	268	1.124106e+00	9.024227e-01	
2.690000e+01	269	1364	6.348679e+02	5531	5.871439e+03	2.690000e+01	269	8.021755e-01	9.024227e-01	
27	270	1.463000e+02	6.348679e+02	5386	5.871439e+03	27	270	9.735553e-01	9.024227e-01	
2.710000e+01	271	3.013000e+02	6.348679e+02	5808	5.871439e+03	2.710000e+01	271	9.506817e-01	9.024227e-01	
2.720000e+01	272	2371	6.348679e+02	4475	5.871439e+03	2.720000e+01	272	6.536664e-01	9.024227e-01	
2.730000e+01	273	5848	5.883950e+03	6.294000e+02	7.422959e+02	2.730000e+01	273	9.716862e-02	1.120236e-01	
2.740000e+01	274	5049	5.883950e+03	2.875000e+02	7.422959e+02	2.740000e+01	274	5.387426e-02	1.120236e-01	
2.750000e+01	275	4169	5.883950e+03	1306	7.422959e+02	2.750000e+01	275	2.385388e-01	1.120236e-01	
2.760000e+01	276	6.942000e+02	6.348679e+02	5377	5.871439e+03	2.760000e+01	276	8.856569e-01	9.024227e-01	
2.770000e+01	277	4.205000e+02	6.348679e+02	5662	5.871439e+03	2.770000e+01	277	9.308672e-01	9.024227e-01	
2.780000e+01	278	1127	6.348679e+02	6121	5.871439e+03	2.780000e+01	278	8.445088e-01	9.024227e-01	
2.790000e+01	279	3.229000e+02	6.348679e+02	5255	5.871439e+03	2.790000e+01	279	9.421108e-01	9.024227e-01	
28	280	-2.683000e+02	6.348679e+02	6306	5.871439e+03	28	280	1.044437e+00	9.024227e-01	
2.810000e+01	281	1072	6.348679e+02	6721	5.871439e+03	2.810000e+01	281	8.624407e-01	9.024227e-01	
2.820000e+01	282	4.704000e-02	6.348679e+02	4660	5.871439e+03	2.820000e+01	282	9.999899e-01	9.024227e-01	
2.830000e+01	283	1006	6.348679e+02	5337	5.871439e+03	2.830000e+01	283	8.414000e-01	9.024227e-01	
2.840000e+01	284	5195	5.883950e+03	1259	7.422959e+02	2.840000e+01	284	1.950728e-01	1.120236e-01	
2.850000e+01	285	5450	5.883950e+03	838	7.422959e+02	2.850000e+01	285	1.332697e-01	1.120236e-01	
2.860000e+01	286	7182	5.883950e+03	-7.613000e+01	7.422959e+02	2.860000e+01	286	-1.071368e-02	1.120236e-01	
2.870000e+01	287	6053	5.883950e+03	7.777000e+02	7.422959e+02	2.870000e+01	287	1.138536e-01	1.120236e-01	
2.880000e+01	288	5305	5.883950e+03	8.155000e+02	7.422959e+02	2.880000e+01	288	1.332407e-01	1.120236e-01	
2.890000e+01	289	7156	5.883950e+03	1227	7.422959e+02	2.890000e+01	289	1.463676e-01	1.120236e-01	
29	290	6528	5.883950e+03	1359	7.422959e+02	29	290	1.723089e-01	1.120236e-01	
2.910000e+01	291	6412	5.883950e+03	1233	7.422959e+02	2.910000e+01	291	1.612819e-01	1.120236e-01	
2.920000e+01	292	5293	5.883950e+03	5.248000e+01	7.422959e+02	2.920000e+01	292	9.817640e-03	1.120236e-01	
2.930000e+01	293	6094	5.883950e+03	1.641000e+01	7.422959e+02	2.930000e+01	293	2.685581e-03	1.120236e-01	
2.940000e+01	294	5396	5.883950e+03	1154	7.422959e+02	2.940000e+01	294	1.761832e-01	1.120236e-01	
2.950000e+01	295	5800	5.883950e+03	1476	7.422959e+02	2.950000e+01	295	2.028587e-01	1.120236e-01	
2.960000e+01	296	5686	5.883950e+03	5.142000e+02	7.422959e+02	2.960000e+01	296	8.293281e-02	1.120236e-01	
2.970000e+01	297	6407	5.883950e+03	437	7.422959e+02	2.970000e+01	297	6.385155e-02	1.120236e-01	
2.980000e+01	298	3576	3.046641e+03	3464	3.745864e+03	2.980000e+01	298	4.920455e-01	5.514702e-01	
2.990000e+01	299	2704	3.046641e+03	3524	3.745864e+03	2.990000e+01	299	5.658317e-01	5.514702e-01	
30	300	2953	3.046641e+03	5228	5.871439e+03	30	300	6.390417e-01	5.514702e-01	
3.010000e+01	301	9.377000e+02	6.348679e+02	5777	5.871439e+03	3.010000e+01	301	8.603512e-01	9.024227e-01	
3.020000e+01	302	1321	6.348679e+02	6684	5.871439e+03	3.020000e+01	302	8.349781e-01	9.024227e-01	
3.030000e+01	303	1.086000e+02	6.348679e+02	5267	5.871439e+03	3.030000e+01	303	9.797976e-01	9.024227e-01	
3.040000e+01	304	1.813000e+02	6.348679e+02	6221	5.871439e+03	3.040000e+01	304	9.716821e-01	9.024227e-01	
3.050000e+01	305	8.463000e+00	6.348679e+02	6712	5.871439e+03	3.050000e+01	305	9.987407e-01	9.024227e-01	
3.060000e+01	306	3.185000e+02	6.348679e+02	6749	5.871439e+03	3.060000e+01	306	9.549346e-01	9.024227e-01	
3.070000e+01	307	2225	6.348679e+02	5932	5.871439e+03	3.070000e+01	307	7.272281e-01	9.024227e-01	
3.080000e+01	308	1458	6.348679e+02	6340	5.871439e+03	3.080000e+01	308	8.130290e-01	9.024227e-01	
3.090000e+01	309	6.397000e+02	6.348679e+02	5795	5.871439e+03	3.090000e+01	309	9.005859e-01	9.024227e-01	
31	310	710	6.348679e+02	4438	5.871439e+03	31	310	8.620824e-01	9.024227e-01	
3.110000e+01	311	1377	6.348679e+02	6232	5.871439e+03	3.110000e+01	311	8.190301e-01	9.024227e-01	
3.120000e+01	312	6088	5.883950e+03	3.516000e+02	7.422959e+02	3.120000e+01	312	5.459966e-02	1.120236e-01	
3.130000e+01	313	6708	5.883950e+03	8.659000e+02	7.422959e+02	3.130000e+01	313	1.143268e-01	1.120236e-01	
3.140000e+01	314	6776	5.883950e+03	9.136000e+01	7.422959e+02	3.140000e+01	314	1.330351e-02	1.120236e-01	
3.150000e+01	315	7145	5.883950e+03	1.784000e+02	7.422959e+02	3.150000e+01	315	2.436027e-02	1.120236e-01	
3.160000e+01	316	5550	5.883950e+03	1168	7.422959e+02	3.160000e+01	316	1.738613e-01	1.120236e-01	
3.170000e+01	317	7216	5.883950e+03	5.678000e+02	7.422959e+02	3.170000e+01	317	7.294638e-02	1.120236e-01	
3.180000e+01	318	6425	5.883950e+03	-2.307000e+02	7.422959e+02	3.180000e+01	318	-3.724392e-02	1.120236e-01	
3.190000e+01	319	6733	5.883950e+03	8.604000e+02	7.422959e+02	3.190000e+01	319	1.133089e-01	1.120236e-01	
32	320	5268	5.883950e+03	-8.517000e+02	7.422959e+02	32	320	-1.928537e-01	1.120236e-01	
3.210000e+01	321	6137	5.883950e+03	4.191000e+02	7.422959e+02	3.210000e+01	321	6.392520e-02	1.120236e-01	
3.220000e+01	322	7223	5.883950e+03	1170	7.422959e+02	3.220000e+01	322	1.394019e-01	1.120236e-01	
3.230000e+01	323	6405	5.883950e+03	5.981000e+02	7.422959e+02	3.230000e+01	323	8.540503e-02	1.120236e-01	
3.240000e+01	324	5683	5.883950e+03	1870	7.422959e+02	3.240000e+01	324	2.475837e-01	1.120236e-01	
3.250000e+01	325	5826	5.883950e+03	-5.347000e+02	7.422959e+02	3.250000e+01	325	-1.010527e-01	1.120236e-01	
3.260000e+01	326	5601	5.883950e+03	644	7.422959e+02	3.260000e+01	326	1.031225e-01	1.120236e-01	
3.270000e+01	327	5215	5.883950e+03	1585	7.422959e+02	3.270000e+01	327	2.330882e-01	1.120236e-01	
3.280000e+01	328	5483	5.883950e+03	258	7.422959e+02	3.280000e+01	328	4.493991e-02	1.120236e-01	
3.290000e+01	329	5715	5.883950e+03	7.324000e+02	7.422959e+02	3.290000e+01	329	1.135962e-01	1.120236e-01	
33	330	5248	5.883950e+03	-1.911000e+02	7.422959e+02	33	330	-3.778995e-02	1.120236e-01	
3.310000e+01	331	6059	5.883950e+03	6.021000e+02	7.422959e+02	3.310000e+01	331	9.039048e-02	1.120236e-01	
3.320000e+01	332	5259	5.883950e+03	9.194000e+02	7.422959e+02	3.320000e+01	332	1.488088e-01	1.120236e-01	
3.330000e+01	333	3.042000e+02	6.348679e+02	5751	5.871439e+03	3.330000e+01	333	9.497622e-01	9.024227e-01	
3.340000e+01	334	4.525000e+02	6.348679e+02	5458	5.871439e+03	3.340000e+01	334	9.234413e-01	9.024227e-01	
3.350000e+01	335	3.753000e+02	6.348679e+02	5587	5.871439e+03	3.350000e+01	335	9.370545e-01	9.024227e-01	
3.360000e+01	336	355	6.348679e+02	5636	5.871439e+03	3.360000e+01	336	9.407445e-01	9.024227e-01	
3.370000e+01	337	7.249000e+02	6.348679e+02	5304	5.871439e+03	3.370000e+01	337	8.797625e-01	9.024227e-01	
3.380000e+01	338	460	6.348679e+02	6987	5.871439e+03	3.380000e+01	338	9.382302e-01	9.024227e-01	
3.390000e+01	339	7.071000e+02	6.348679e+02	5026	5.871439e+03	3.390000e+01	339	8.766636e-01	9.024227e-01	
34	340	1359	6.348679e+02	6228	5.871439e+03	34	340	8.208778e-01	9.024227e-01	
3.410000e+01	341	8.609000e+01	6.348679e+02	6390	5.871439e+03	3.410000e+01	341	9.867065e-01	9.024227e-01	
3.420000e+01	342	-1119	6.348679e+02	6418	5.871439e+03	3.420000e+01	342	1.211172e+00	9.024227e-01	
3.430000e+01	343	2048	6.348679e+02	7036	5.871439e+03	3.430000e+01	343	7.745487e-01	9.024227e-01	
3.440000e+01	344	5.638000e+02	6.348679e+02	5994	5.871439e+03	3.440000e+01	344	9.140260e-01	9.024227e-01	
3.450000e+01	345	1595	6.348679e+02	6660	5.871439e+03	3.450000e+01	345	8.067838e-01	9.024227e-01	
3.460000e+01	346	4.385000e+02	6.348679e+02	5670	5.871439e+03	3.460000e+01	346	9.282148e-01	9.024227e-01	
3.470000e+01	347	8.308000e+02	6.348679e+02	6215	5.871439e+03	3.470000e+01	347	8.820858e-01	9.024227e-01	
3.480000e+01	348	1310	6.348679e+02	7266	5.871439e+03	3.480000e+01	348	8.472481e-01	9.024227e-01	
3.490000e+01	349	5.238000e+02	6.348679e+02	5883	5.871439e+03	3.490000e+01	349	9.182431e-01	9.024227e-01	
35	350	3.958000e+02	6.348679e+02	5969	5.871439e+03	35	350	9.378142e-01	9.024227e-01	
3.510000e+01	351	6.417000e+02	6.348679e+02	5309	5.871439e+03	3.510000e+01	351	8.921639e-01	9.024227e-01	
3.520000e+01	352	1.261000e+02	6.348679e+02	6562	5.871439e+03	3.520000e+01	352	9.811456e-01	9.024227e-01	
3.530000e+01	353	1357	6.348679e+02	4668	5.871439e+03	3.530000e+01	353	7.747718e-01	9.024227e-01	
3.540000e+01	354	4552	5.883950e+03	3.227000e+02	7.422959e+02	3.540000e+01	354	6.619895e-02	1.120236e-01	
3.550000e+01	355	4769	5.883950e+03	6.777000e+02	7.422959e+02	3.550000e+01	355	1.244240e-01	1.120236e-01	
3.560000e+01	356	5180	5.883950e+03	241	7.422959e+02	3.560000e+01	356	4.445674e-02	1.120236e-01	
3.570000e+01	357	5763	5.883950e+03	8.871000e+02	7.422959e+02	3.570000e+01	357	1.333965e-01	1.120236e-01	
3.580000e+01	358	6297	5.883950e+03	1081	7.422959e+02	3.580000e+01	358	1.465167e-01	1.120236e-01	
3.590000e+01	359	6193	5.883950e+03	1272	7.422959e+02	3.590000e+01	359	1.703952e-01	1.120236e-01	
36	360	6893	5.883950e+03	776	7.422959e+02	36	360	1.011866e-01	1.120236e-01	
3.610000e+01	361	4776	5.883950e+03	9.474000e+02	7.422959e+02	3.610000e+01	361	1.655310e-01	1.120236e-01	
3.620000e+01	362	6731	5.883950e+03	1228	7.422959e+02	3.620000e+01	362	1.542907e-01	1.120236e-01	
3.630000e+01	363	6467	5.883950e+03	1.481000e+02	7.422959e+02	3.630000e+01	363	2.238817e-02	1.120236e-01	
3.640000e+01	364	5308	5.883950e+03	-1593	7.422959e+02	3.640000e+01	364	-4.288022e-01	1.120236e-01	
3.650000e+01	365	5239	5.883950e+03	7.933000e+02	7.422959e+02	3.650000e+01	365	1.315087e-01	1.120236e-01	
3.660000e+01	366	6318	5.883950e+03	-457	7.422959e+02	3.660000e+01	366	-7.797304e-02	1.120236e-01	
3.670000e+01	367	6489	5.883950e+03	8.729000e+02	7.422959e+02	3.670000e+01	367	1.185699e-01	1.120236e-01	
3.680000e+01	368	4982	5.883950e+03	1161	7.422959e+02	3.680000e+01	368	1.889956e-01	1.120236e-01	
3.690000e+01	369	6520	5.883950e+03	1419	7.422959e+02	3.690000e+01	369	1.787379e-01	1.120236e-01	
37	370	6831	5.883950e+03	1.069000e+02	7.422959e+02	37	370	1.540812e-02	1.120236e-01	
3.710000e+01	371	6993	5.883950e+03	205	7.422959e+02	3.710000e+01	371	2.848013e-02	1.120236e-01	
3.720000e+01	372	7360	5.883950e+03	8.203000e+02	7.422959e+02	3.720000e+01	372	1.002775e-01	1.120236e-01	
3.730000e+01	373	6424	5.883950e+03	3.157000e+02	7.422959e+02	3.730000e+01	373	4.684185e-02	1.120236e-01	
3.740000e+01	374	4850	5.883950e+03	7.448000e+02	7.422959e+02	3.740000e+01	374	1.331236e-01	1.120236e-01	
3.750000e+01	375	7168	5.883950e+03	3.605000e+02	7.422959e+02	3.750000e+01	375	4.788470e-02	1.120236e-01	
3.760000e+01	376	4764	5.883950e+03	5.038000e+02	7.422959e+02	3.760000e+01	376	9.563765e-02	1.120236e-01	
3.770000e+01	377	6322	5.883950e+03	1934	7.422959e+02	3.770000e+01	377	2.342539e-01	1.120236e-01	
3.780000e+01	378	5681	5.883950e+03	2.152000e+02	7.422959e+02	3.780000e+01	378	3.649808e-02	1.120236e-01	
3.790000e+01	379	7430	5.883950e+03	1.138000e+02	7.422959e+02	3.790000e+01	379	1.508524e-02	1.120236e-01	
38	380	5111	5.883950e+03	1300	7.422959e+02	38	380	2.027765e-01	1.120236e-01	
3.810000e+01	381	5315	5.883950e+03	6.817000e+02	7.422959e+02	3.810000e+01	381	1.136792e-01	1.120236e-01	
3.820000e+01	382	4053	5.883950e+03	2400	7.422959e+02	3.820000e+01	382	3.719200e-01	1.120236e-01	
3.830000e+01	383	1835	6.348679e+02	5371	5.871439e+03	3.830000e+01	383	7.453511e-01	9.024227e-01	
3.840000e+01	384	1113	6.348679e+02	7019	5.871439e+03	3.840000e+01	384	8.631333e-01	9.024227e-01	
3.850000e+01	385	253	6.348679e+02	7327	5.871439e+03	3.850000e+01	385	9.666227e-01	9.024227e-01	
3.860000e+01	386	5.941000e+02	6.348679e+02	5780	5.871439e+03	3.860000e+01	386	9.067947e-01	9.024227e-01	
3.870000e+01	387	3.917000e+02	6.348679e+02	4879	5.871439e+03	3.870000e+01	387	9.256835e-01	9.024227e-01	
3.880000e+01	388	1894	6.348679e+02	5431	5.871439e+03	3.880000e+01	388	7.414334e-01	9.024227e-01	
3.890000e+01	389	1.707000e+02	6.348679e+02	7150	5.871439e+03	3.890000e+01	389	9.766826e-01	9.024227e-01	
39	390	3.587000e+02	6.348679e+02	6889	5.871439e+03	39	390	9.505084e-01	9.024227e-01	
3.910000e+01	391	7.214000e+02	6.348679e+02	6260	5.871439e+03	3.910000e+01	391	8.966683e-01	9.024227e-01	
3.920000e+01	392	2158	6.348679e+02	4153	5.871439e+03	3.920000e+01	392	6.580574e-01	9.024227e-01	
3.930000e+01	393	5486	5.883950e+03	723	7.422959e+02	3.930000e+01	393	1.164439e-01	1.120236e-01	
3.940000e+01	394	7108	5.883950e+03	1036	7.422959e+02	3.940000e+01	394	1.272102e-01	1.120236e-01	
3.950000e+01	395	5559	5.883950e+03	7.225000e+02	7.422959e+02	3.950000e+01	395	1.150203e-01	1.120236e-01	
3.960000e+01	396	4091	5.883950e+03	4.089000e+02	7.422959e+02	3.960000e+01	396	9.086869e-02	1.120236e-01	
3.970000e+01	397	5518	5.883950e+03	5.811000e+02	7.422959e+02	3.970000e+01	397	9.527635e-02	1.120236e-01	
3.980000e+01	398	5356	5.883950e+03	1128	7.422959e+02	3.980000e+01	398	1.739667e-01	1.120236e-01	
3.990000e+01	399	3647	3.046641e+03	3253	3.745864e+03	3.990000e+01	399	4.714493e-01	5.514702e-01	
40	400	3456	3.046641e+03	3366	3.745864e+03	40	400	4.934037e-01	5.514702e-01	
4.010000e+01	401	1492	3.046641e+03	4653	3.745864e+03	4.010000e+01	401	7.572010e-01	5.514702e-01	
4.020000e+01	402	3091	3.046641e+03	2695	3.745864e+03	4.020000e+01	402	4.657795e-01	5.514702e-01	
4.030000e+01	403	6599	5.883950e+03	2.648000e+02	7.422959e+02	4.030000e+01	403	3.857921e-02	1.120236e-01	
4.040000e+01	404	6571	5.883950e+03	276	7.422959e+02	4.040000e+01	404	4.030962e-02	1.120236e-01	
4.050000e+01	405	5570	5.883950e+03	-2.491000e+02	7.422959e+02	4.050000e+01	405	-4.681539e-02	1.120236e-01	
4.060000e+01	406	5171	5.883950e+03	8.219000e+02	7.422959e+02	4.060000e+01	406	1.371456e-01	1.120236e-01	
4.070000e+01	407	6172	5.883950e+03	1008	7.422959e+02	4.070000e+01	407	1.403900e-01	1.120236e-01	
4.080000e+01	408	6164	5.883950e+03	2.788000e+02	7.422959e+02	4.080000e+01	408	4.327311e-02	1.120236e-01	
4.090000e+01	409	5204	5.883950e+03	7.972000e+02	7.422959e+02	4.090000e+01	409	1.328401e-01	1.120236e-01	
41	410	2131	6.348679e+02	3299	7.422959e+02	41	410	6.075506e-01	1.120236e-01	
4.110000e+01	411	4.889000e+02	6.348679e+02	5304	5.871439e+03	4.110000e+01	411	9.156036e-01	9.024227e-01	
4.120000e+01	412	6.027000e+02	6.348679e+02	5802	5.871439e+03	4.120000e+01	412	9.058972e-01	9.024227e-01	
4.130000e+01	413	-1.918000e+02	6.348679e+02	6569	5.871439e+03	4.130000e+01	413	1.030076e+00	9.024227e-01	
4.140000e+01	414	-8.017000e+02	6.348679e+02	4783	5.871439e+03	4.140000e+01	414	1.201366e+00	9.024227e-01	
4.150000e+01	415	8.468000e+02	6.348679e+02	4476	5.871439e+03	4.150000e+01	415	8.409108e-01	9.024227e-01	
4.160000e+01	416	7.985000e+02	6.348679e+02	6478	5.871439e+03	4.160000e+01	416	8.902632e-01	9.024227e-01	
4.170000e+01	417	3.752000e+02	6.348679e+02	6882	5.871439e+03	4.170000e+01	417	9.482996e-01	9.024227e-01	
4.180000e+01	418	8.741000e+02	6.348679e+02	4386	5.871439e+03	4.180000e+01	418	8.338245e-01	9.024227e-01	
4.190000e+01	419	4.259000e+02	6.348679e+02	5365	5.871439e+03	4.190000e+01	419	9.264536e-01	9.024227e-01	
42	420	5.074000e+02	6.348679e+02	5872	5.871439e+03	42	420	9.204627e-01	9.024227e-01	
4.210000e+01	421	1717	6.348679e+02	6173	5.871439e+03	4.210000e+01	421	7.823828e-01	9.024227e-01	
4.220000e+01	422	-3.845000e+02	6.348679e+02	5144	5.871439e+03	4.220000e+01	422	1.080786e+00	9.024227e-01	
4.230000e+01	423	1211	6.348679e+02	5777	5.871439e+03	4.230000e+01	423	8.267029e-01	9.024227e-01	
4.240000e+01	424	4.866000e+02	6.348679e+02	6173	5.871439e+03	4.240000e+01	424	9.269325e-01	9.024227e-01	
4.250000e+01	425	2.604000e+02	6.348679e+02	6107	5.871439e+03	4.250000e+01	425	9.591042e-01	9.024227e-01	
4.260000e+01	426	1500	6.348679e+02	5322	5.871439e+03	4.260000e+01	426	7.801231e-01	9.024227e-01	
4.270000e+01	427	7.754000e+02	6.348679e+02	5389	5.871439e+03	4.270000e+01	427	8.742132e-01	9.024227e-01	
4.280000e+01	428	5.139000e+02	6.348679e+02	6371	5.871439e+03	4.280000e+01	428	9.253584e-01	9.024227e-01	
4.290000e+01	429	-1.019000e+02	6.348679e+02	6637	5.871439e+03	4.290000e+01	429	1.015593e+00	9.024227e-01	
43	430	2.713000e+02	6.348679e+02	6153	5.871439e+03	43	430	9.577697e-01	9.024227e-01	
4.310000e+01	431	8.229000e+02	6.348679e+02	5498	5.871439e+03	4.310000e+01	431	8.698128e-01	9.024227e-01	
4.320000e+01	432	1122	6.348679e+02	5386	5.871439e+03	4.320000e+01	432	8.275968e-01	9.024227e-01	
4.330000e+01	433	6.686000e+02	6.348679e+02	5607	5.871439e+03	4.330000e+01	433	8.934604e-01	9.024227e-01	
4.340000e+01	434	-5.302000e+02	6.348679e+02	4619	5.871439e+03	4.340000e+01	434	1.129671e+00	9.024227e-01	
4.350000e+01	435	9.662000e+02	6.348679e+02	5085	5.871439e+03	4.350000e+01	435	8.403292e-01	9.024227e-01	
4.360000e+01	436	1629	6.348679e+02	5490	5.871439e+03	4.360000e+01	436	7.711757e-01	9.024227e-01	
4.370000e+01	437	2691	3.046641e+03	4412	3.745864e+03	4.370000e+01	437	6.211460e-01	5.514702e-01	
4.380000e+01	438	2959	3.046641e+03	3297	3.745864e+03	4.380000e+01	438	5.270141e-01	5.514702e-01	
4.390000e+01	439	3541	3.046641e+03	4543	3.745864e+03	4.390000e+01	439	5.619743e-01	5.514702e-01	
44	440	3111	3.046641e+03	4753	3.745864e+03	44	440	6.043998e-01	5.514702e-01	
4.410000e+01	441	2849	3.046641e+03	2806	3.745864e+03	4.410000e+01	441	4.961981e-01	5.514702e-01	
4.420000e+01	442	2154	3.046641e+03	3299	3.745864e+03	4.420000e+01	442	6.049881e-01	5.514702e-01	
4.430000e+01	443	3686	3.046641e+03	5633	3.745864e+03	4.430000e+01	443	6.044640e-01	5.514702e-01	
4.440000e+01	444	3127	3.046641e+03	4428	3.745864e+03	4.440000e+01	444	5.861019e-01	5.514702e-01	
4.450000e+01	445	2620	3.046641e+03	3715	3.745864e+03	4.450000e+01	445	5.864246e-01	5.514702e-01	
4.460000e+01	446	4.571000e+02	6.348679e+02	4670	3.745864e+03	4.460000e+01	446	9.108463e-01	5.514702e-01	
4.470000e+01	447	5.285000e+01	6.348679e+02	5893	5.871439e+03	4.470000e+01	447	9.911114e-01	9.024227e-01	
4.480000e+01	448	9.945000e+02	6.348679e+02	6624	5.871439e+03	4.480000e+01	448	8.694625e-01	9.024227e-01	
4.490000e+01	449	7.334000e+02	6.348679e+02	7333	5.871439e+03	4.490000e+01	449	9.090796e-01	9.024227e-01	
45	450	-2.666000e+02	6.348679e+02	6639	5.871439e+03	45	450	1.041837e+00	9.024227e-01	
4.510000e+01	451	1153	6.348679e+02	7222	5.871439e+03	4.510000e+01	451	8.623284e-01	9.024227e-01	
4.520000e+01	452	1309	6.348679e+02	4372	5.871439e+03	4.520000e+01	452	7.695828e-01	9.024227e-01	
4.530000e+01	453	-4.483000e+01	6.348679e+02	8380	5.871439e+03	4.530000e+01	453	1.005378e+00	9.024227e-01	
4.540000e+01	454	7.563000e+02	6.348679e+02	6181	5.871439e+03	4.540000e+01	454	8.909806e-01	9.024227e-01	
4.550000e+01	455	2.649000e+01	6.348679e+02	5462	5.871439e+03	4.550000e+01	455	9.951735e-01	9.024227e-01	
4.560000e+01	456	6.935000e+02	6.348679e+02	5528	5.871439e+03	4.560000e+01	456	8.885317e-01	9.024227e-01	
4.570000e+01	457	6.613000e+02	6.348679e+02	6215	5.871439e+03	4.570000e+01	457	9.038291e-01	9.024227e-01	
4.580000e+01	458	228	6.348679e+02	5142	5.871439e+03	4.580000e+01	458	9.575419e-01	9.024227e-01	
4.590000e+01	459	1885	6.348679e+02	6469	5.871439e+03	4.590000e+01	459	7.743596e-01	9.024227e-01	
46	460	1.278000e+02	6.348679e+02	7662	5.871439e+03	46	460	9.835939e-01	9.024227e-01	
4.610000e+01	461	2.266000e+02	6.348679e+02	5998	5.871439e+03	4.610000e+01	461	9.635961e-01	9.024227e-01	
4.620000e+01	462	2676	6.348679e+02	5692	5.871439e+03	4.620000e+01	462	6.802103e-01	9.024227e-01	
4.630000e+01	463	-1.087000e+02	6.348679e+02	6102	5.871439e+03	4.630000e+01	463	1.018137e+00	9.024227e-01	
4.640000e+01	464	6.952000e+02	6.348679e+02	6976	5.871439e+03	4.640000e+01	464	9.093753e-01	9.024227e-01	
4.650000e+01	465	9.189000e+02	6.348679e+02	6782	5.871439e+03	4.650000e+01	465	8.806763e-01	9.024227e-01	
4.660000e+01	466	1019	6.348679e+02	4689	5.871439e+03	4.660000e+01	466	8.214786e-01	9.024227e-01	
4.670000e+01	467	3.288000e+02	6.348679e+02	4713	5.871439e+03	4.670000e+01	467	9.347852e-01	9.024227e-01	
4.680000e+01	468	6.498000e+02	6.348679e+02	5717	5.871439e+03	4.680000e+01	468	8.979393e-01	9.024227e-01	
4.690000e+01	469	7.869000e+02	6.348679e+02	6434	5.871439e+03	4.690000e+01	469	8.910247e-01	9.024227e-01	
47	470	2.488000e+01	6.348679e+02	7129	5.871439e+03	47	470	9.965222e-01	9.024227e-01	
4.710000e+01	471	1667	6.348679e+02	6013	5.871439e+03	4.710000e+01	471	7.829427e-01	9.024227e-01	
4.720000e+01	472	-8.940000e+01	6.348679e+02	5906	5.871439e+03	4.720000e+01	472	1.015370e+00	9.024227e-01	
4.730000e+01	473	1797	6.348679e+02	6104	5.871439e+03	4.730000e+01	473	7.725604e-01	9.024227e-01	
4.740000e+01	474	5.912000e+02	6.348679e+02	5807	5.871439e+03	4.740000e+01	474	9.075990e-01	9.024227e-01	
4.750000e+01	475	1947	6.348679e+02	7038	5.871439e+03	4.750000e+01	475	7.833055e-01	9.024227e-01	
4.760000e+01	476	7.052000e+02	6.348679e+02	6736	5.871439e+03	4.760000e+01	476	9.052303e-01	9.024227e-01	
4.770000e+01	477	1317	6.348679e+02	4629	5.871439e+03	4.770000e+01	477	7.785066e-01	9.024227e-01	
4.780000e+01	478	6.164000e+02	6.348679e+02	6364	5.871439e+03	4.780000e+01	478	9.116956e-01	9.024227e-01	
4.790000e+01	479	-5.931000e+02	6.348679e+02	4986	5.871439e+03	4.790000e+01	479	1.135013e+00	9.024227e-01	
48	480	6.493000e+02	6.348679e+02	6224	5.871439e+03	48	480	9.055330e-01	9.024227e-01	
4.810000e+01	481	898	6.348679e+02	5898	5.871439e+03	4.810000e+01	481	8.678634e-01	9.024227e-01	
4.820000e+01	482	2.349000e+02	6.348679e+02	6357	5.871439e+03	4.820000e+01	482	9.643654e-01	9.024227e-01	
4.830000e+01	483	1437	6.348679e+02	5352	5.871439e+03	4.830000e+01	483	7.883341e-01	9.024227e-01	
4.840000e+01	484	1644	6.348679e+02	5348	5.871439e+03	4.840000e+01	484	7.648741e-01	9.024227e-01	
4.850000e+01	485	1059	6.348679e+02	6130	5.871439e+03	4.850000e+01	485	8.526916e-01	9.024227e-01	
4.860000e+01	486	8.316000e+02	6.348679e+02	5183	5.871439e+03	4.860000e+01	486	8.617364e-01	9.024227e-01	
4.870000e+01	487	305	6.348679e+02	5460	5.871439e+03	4.870000e+01	487	9.470945e-01	9.024227e-01	
4.880000e+01	488	6.719000e+02	6.348679e+02	6037	5.871439e+03	4.880000e+01	488	8.998495e-01	9.024227e-01	
4.890000e+01	489	1528	6.348679e+02	6641	5.871439e+03	4.890000e+01	489	8.129514e-01	9.024227e-01	
49	490	7.826000e+02	6.348679e+02	6144	5.871439e+03	49	490	8.870153e-01	9.024227e-01	
4.910000e+01	491	8.289000e+02	6.348679e+02	5709	5.871439e+03	4.910000e+01	491	8.732162e-01	9.024227e-01	
4.920000e+01	492	2.454000e+02	6.348679e+02	4215	5.871439e+03	4.920000e+01	492	9.449825e-01	9.024227e-01	
4.930000e+01	493	1439	6.348679e+02	7043	5.871439e+03	4.930000e+01	493	8.303466e-01	9.024227e-01	
4.940000e+01	494	1083	6.348679e+02	7195	5.871439e+03	4.940000e+01	494	8.691713e-01	9.024227e-01	
4.950000e+01	495	1022	6.348679e+02	5290	5.871439e+03	4.950000e+01	495	8.380862e-01	9.024227e-01	
4.960000e+01	496	-3.425000e+02	6.348679e+02	5309	5.871439e+03	4.960000e+01	496	1.068962e+00	9.024227e-01	
4.970000e+01	497	1415	6.348679e+02	5327	5.871439e+03	4.970000e+01	497	7.901216e-01	9.024227e-01	
4.980000e+01	498	3.499000e+02	6.348679e+02	7319	5.871439e+03	4.980000e+01	498	9.543742e-01	9.024227e-01	
4.990000e+01	499	-2.824000e+02	6.348679e+02	7237	5.871439e+03	4.990000e+01	499	1.040606e+00	9.024227e-01	
50	500	1080	6.348679e+02	6568	5.871439e+03	50	500	8.587866e-01	9.024227e-01	
5.010000e+01	501	-1.454000e+01	6.348679e+02	6280	5.871439e+03	5.010000e+01	501	1.002321e+00	9.024227e-01	
5.020000e+01	502	1509	6.348679e+02	5203	5.871439e+03	5.020000e+01	502	7.751788e-01	9.024227e-01	
5.030000e+01	503	8.049000e+02	6.348679e+02	6524	5.871439e+03	5.030000e+01	503	8.901745e-01	9.024227e-01	
5.040000e+01	504	1429	6.348679e+02	5537	5.871439e+03	5.040000e+01	504	7.948608e-01	9.024227e-01	
5.050000e+01	505	2.287000e+02	6.348679e+02	6380	5.871439e+03	5.050000e+01	505	9.653941e-01	9.024227e-01	
5.060000e+01	506	6206	5.883950e+03	1973	7.422959e+02	5.060000e+01	506	2.412275e-01	1.120236e-01	
5.070000e+01	507	6187	5.883950e+03	1835	7.422959e+02	5.070000e+01	507	2.287459e-01	1.120236e-01	
5.080000e+01	508	2976	5.883950e+03	4719	5.871439e+03	5.080000e+01	508	6.132554e-01	1.120236e-01	
5.090000e+01	509	3.133000e+02	6.348679e+02	5412	5.871439e+03	5.090000e+01	509	9.452780e-01	9.024227e-01	
51	510	1.813000e+02	6.348679e+02	6766	5.871439e+03	51	510	9.739035e-01	9.024227e-01	
5.110000e+01	511	6.215000e+02	6.348679e+02	6772	5.871439e+03	5.110000e+01	511	9.159397e-01	9.024227e-01	
5.120000e+01	512	1761	6.348679e+02	4474	5.871439e+03	5.120000e+01	512	7.175621e-01	9.024227e-01	
5.130000e+01	513	5068	5.883950e+03	2.905000e+02	7.422959e+02	5.130000e+01	513	5.421293e-02	1.120236e-01	
5.140000e+01	514	5990	5.883950e+03	1.386000e+02	7.422959e+02	5.140000e+01	514	2.261528e-02	1.120236e-01	
5.150000e+01	515	6876	5.883950e+03	1124	7.422959e+02	5.150000e+01	515	1.405000e-01	1.120236e-01	
5.160000e+01	516	5464	5.883950e+03	-1.421000e+01	7.422959e+02	5.160000e+01	516	-2.607440e-03	1.120236e-01	
5.170000e+01	517	1569	6.348679e+02	6230	5.871439e+03	5.170000e+01	517	7.988204e-01	9.024227e-01	
5.180000e+01	518	1.436000e+02	6.348679e+02	5874	5.871439e+03	5.180000e+01	518	9.761367e-01	9.024227e-01	
5.190000e+01	519	9.318000e+02	6.348679e+02	5662	5.871439e+03	5.190000e+01	519	8.586854e-01	9.024227e-01	
52	520	1129	6.348679e+02	6101	5.871439e+03	52	520	8.438451e-01	9.024227e-01	
5.210000e+01	521	1287	6.348679e+02	5804	5.871439e+03	5.210000e+01	521	8.185023e-01	9.024227e-01	
5.220000e+01	522	4.286000e+02	6.348679e+02	5339	5.871439e+03	5.220000e+01	522	9.256883e-01	9.024227e-01	
5.230000e+01	523	2175	6.348679e+02	4774	5.871439e+03	5.230000e+01	523	6.870053e-01	9.024227e-01	
5.240000e+01	524	7031	5.883950e+03	3.322000e+02	7.422959e+02	5.240000e+01	524	4.511625e-02	1.120236e-01	
5.250000e+01	525	6650	5.883950e+03	8.524000e+02	7.422959e+02	5.250000e+01	525	1.136170e-01	1.120236e-01	
5.260000e+01	526	4786	5.883950e+03	1224	7.422959e+02	5.260000e+01	526	2.036606e-01	1.120236e-01	
5.270000e+01	527	6746	5.883950e+03	8.671000e+02	7.422959e+02	5.270000e+01	527	1.138958e-01	1.120236e-01	
5.280000e+01	528	6086	5.883950e+03	8.534000e+02	7.422959e+02	5.280000e+01	528	1.229789e-01	1.120236e-01	
5.290000e+01	529	7392	5.883950e+03	4.813000e+00	7.422959e+02	5.290000e+01	529	6.506856e-04	1.120236e-01	
53	530	3852	3.046641e+03	3921	3.745864e+03	53	530	5.044384e-01	5.514702e-01	
5.310000e+01	531	2686	3.046641e+03	3552	3.745864e+03	5.310000e+01	531	5.694133e-01	5.514702e-01	
5.320000e+01	532	2864	3.046641e+03	3675	3.745864e+03	5.320000e+01	532	5.620125e-01	5.514702e-01	
5.330000e+01	533	3186	3.046641e+03	3512	3.745864e+03	5.330000e+01	533	5.243356e-01	5.514702e-01	
5.340000e+01	534	3482	3.046641e+03	2697	3.745864e+03	5.340000e+01	534	4.364784e-01	5.514702e-01	
5.350000e+01	535	2606	3.046641e+03	3994	3.745864e+03	5.350000e+01	535	6.051515e-01	5.514702e-01	
5.360000e+01	536	3746	3.046641e+03	2805	3.745864e+03	5.360000e+01	536	4.281789e-01	5.514702e-01	
5.370000e+01	537	2609	3.046641e+03	4186	3.745864e+03	5.370000e+01	537	6.160412e-01	5.514702e-01	
5.380000e+01	538	2486	3.046641e+03	4660	3.745864e+03	5.380000e+01	538	6.521131e-01	5.514702e-01	
5.390000e+01	539	2243	3.046641e+03	4624	3.745864e+03	5.390000e+01	539	6.733654e-01	5.514702e-01	
54	540	2972	3.046641e+03	2715	3.745864e+03	54	540	4.774046e-01	5.514702e-01	
5.410000e+01	541	2098	3.046641e+03	4526	3.745864e+03	5.410000e+01	541	6.832729e-01	5.514702e-01	
5.420000e+01	542	2213	3.046641e+03	2718	3.745864e+03	5.420000e+01	542	5.512067e-01	5.514702e-01	
5.430000e+01	543	2935	3.046641e+03	4349	3.745864e+03	5.430000e+01	543	5.970621e-01	5.514702e-01	
5.440000e+01	544	4545	3.046641e+03	3960	3.745864e+03	5.440000e+01	544	4.656085e-01	5.514702e-01	
5.450000e+01	545	3142	3.046641e+03	2664	3.745864e+03	5.450000e+01	545	4.588357e-01	5.514702e-01	
5.460000e+01	546	2259	3.046641e+03	4181	3.745864e+03	5.460000e+01	546	6.492236e-01	5.514702e-01	
5.470000e+01	547	3833	3.046641e+03	4678	3.745864e+03	5.470000e+01	547	5.496416e-01	5.514702e-01	
5.480000e+01	548	2844	3.046641e+03	3542	3.745864e+03	5.480000e+01	548	5.546508e-01	5.514702e-01	
5.490000e+01	549	2762	3.046641e+03	4562	3.745864e+03	5.490000e+01	549	6.228837e-01	5.514702e-01	
55	550	2410	3.046641e+03	4700	3.745864e+03	55	550	6.610408e-01	5.514702e-01	
5.510000e+01	551	3761	3.046641e+03	3761	3.745864e+03	5.510000e+01	551	5.000000e-01	5.514702e-01	
5.520000e+01	552	2665	3.046641e+03	3053	3.745864e+03	5.520000e+01	552	5.339279e-01	5.514702e-01	
5.530000e+01	553	4801	3.046641e+03	4354	3.745864e+03	5.530000e+01	553	4.755871e-01	5.514702e-01	
5.540000e+01	554	2369	3.046641e+03	3785	3.745864e+03	5.540000e+01	554	6.150471e-01	5.514702e-01	
5.550000e+01	555	3497	3.046641e+03	3467	3.745864e+03	5.550000e+01	555	4.978461e-01	5.514702e-01	
5.560000e+01	556	3096	3.046641e+03	3976	3.745864e+03	5.560000e+01	556	5.622172e-01	5.514702e-01	
5.570000e+01	557	2841	3.046641e+03	4026	3.745864e+03	5.570000e+01	557	5.862822e-01	5.514702e-01	
5.580000e+01	558	2102	3.046641e+03	4419	3.745864e+03	5.580000e+01	558	6.776568e-01	5.514702e-01	
5.590000e+01	559	2533	3.046641e+03	4064	3.745864e+03	5.590000e+01	559	6.160376e-01	5.514702e-01	
56	560	3557	3.046641e+03	3601	3.745864e+03	56	560	5.030735e-01	5.514702e-01	
5.610000e+01	561	1907	3.046641e+03	3937	3.745864e+03	5.610000e+01	561	6.736824e-01	5.514702e-01	
5.620000e+01	562	2835	3.046641e+03	4360	3.745864e+03	5.620000e+01	562	6.059764e-01	5.514702e-01	
5.630000e+01	563	3554	3.046641e+03	4227	3.745864e+03	5.630000e+01	563	5.432464e-01	5.514702e-01	
5.640000e+01	564	2506	3.046641e+03	2650	3.745864e+03	5.640000e+01	564	5.139643e-01	5.514702e-01	
5.650000e+01	565	3541	3.046641e+03	3592	3.745864e+03	5.650000e+01	565	5.035749e-01	5.514702e-01	
5.660000e+01	566	3184	3.046641e+03	2842	3.745864e+03	5.660000e+01	566	4.716230e-01	5.514702e-01	
5.670000e+01	567	3637	3.046641e+03	4147	3.745864e+03	5.670000e+01	567	5.327595e-01	5.514702e-01	
5.680000e+01	568	2354	3.046641e+03	3538	3.745864e+03	5.680000e+01	568	6.004752e-01	5.514702e-01	
5.690000e+01	569	2451	3.046641e+03	4295	3.745864e+03	5.690000e+01	569	6.366736e-01	5.514702e-01	
57	570	2836	3.046641e+03	4622	3.745864e+03	57	570	6.197372e-01	5.514702e-01	
5.710000e+01	571	2548	3.046641e+03	3164	3.745864e+03	5.710000e+01	571	5.539216e-01	5.514702e-01	
5.720000e+01	572	1307	3.046641e+03	6355	3.745864e+03	5.720000e+01	572	8.294179e-01	5.514702e-01	
5.730000e+01	573	4875	5.883950e+03	1708	7.422959e+02	5.730000e+01	573	2.594562e-01	1.120236e-01	
5.740000e+01	574	4886	5.883950e+03	-3.787000e+02	7.422959e+02	5.740000e+01	574	-8.401926e-02	1.120236e-01	
5.750000e+01	575	5509	5.883950e+03	1983	7.422959e+02	5.750000e+01	575	2.646823e-01	1.120236e-01	
5.760000e+01	576	4937	5.883950e+03	1664	7.422959e+02	5.760000e+01	576	2.520830e-01	1.120236e-01	
5.770000e+01	577	6535	5.883950e+03	1407	7.422959e+02	5.770000e+01	577	1.771594e-01	1.120236e-01	
5.780000e+01	578	5102	5.883950e+03	8.073000e+02	7.422959e+02	5.780000e+01	578	1.366152e-01	1.120236e-01	
5.790000e+01	579	5112	5.883950e+03	1435	7.422959e+02	5.790000e+01	579	2.191844e-01	1.120236e-01	
58	580	-3.656000e+02	6.348679e+02	4361	5.871439e+03	58	580	1.091505e+00	9.024227e-01	
5.810000e+01	581	7.177000e+01	6.348679e+02	6510	5.871439e+03	5.810000e+01	581	9.890956e-01	9.024227e-01	
5.820000e+01	582	2.205000e+02	6.348679e+02	5181	5.871439e+03	5.820000e+01	582	9.591780e-01	9.024227e-01	
5.830000e+01	583	-2.113000e+02	6.348679e+02	4572	5.871439e+03	5.830000e+01	583	1.048456e+00	9.024227e-01	
5.840000e+01	584	1100	6.348679e+02	7182	5.871439e+03	5.840000e+01	584	8.671818e-01	9.024227e-01	
5.850000e+01	585	7.259000e+02	6.348679e+02	6201	5.871439e+03	5.850000e+01	585	8.952056e-01	9.024227e-01	
5.860000e+01	586	1172	6.348679e+02	5020	5.871439e+03	5.860000e+01	586	8.107235e-01	9.024227e-01	
5.870000e+01	587	3.195000e+02	6.348679e+02	6606	5.871439e+03	5.870000e+01	587	9.538661e-01	9.024227e-01	
5.880000e+01	588	3.685000e+02	6.348679e+02	4997	5.871439e+03	5.880000e+01	588	9.313205e-01	9.024227e-01	
5.890000e+01	589	-1.328000e+01	6.348679e+02	6056	5.871439e+03	5.890000e+01	589	1.002198e+00	9.024227e-01	
59	590	-3.932000e+02	6.348679e+02	5715	5.871439e+03	59	590	1.073885e+00	9.024227e-01	
5.910000e+01	591	9.159000e+02	6.348679e+02	6569	5.871439e+03	5.910000e+01	591	8.776336e-01	9.024227e-01	
5.920000e+01	592	1177	6.348679e+02	5636	5.871439e+03	5.920000e+01	592	8.272420e-01	9.024227e-01	
5.930000e+01	593	974	6.348679e+02	6601	5.871439e+03	5.930000e+01	593	8.714191e-01	9.024227e-01	
5.940000e+01	594	1511	6.348679e+02	5712	5.871439e+03	5.940000e+01	594	7.908071e-01	9.024227e-01	
5.950000e+01	595	8.498000e+02	6.348679e+02	6621	5.871439e+03	5.950000e+01	595	8.862505e-01	9.024227e-01	
5.960000e+01	596	1343	6.348679e+02	7596	5.871439e+03	5.960000e+01	596	8.497595e-01	9.024227e-01	
5.970000e+01	597	-4.927000e+01	6.348679e+02	6742	5.871439e+03	5.970000e+01	597	1.007362e+00	9.024227e-01	
5.980000e+01	598	5.146000e+01	6.348679e+02	6143	5.871439e+03	5.980000e+01	598	9.916926e-01	9.024227e-01	
5.990000e+01	599	6.222000e+02	6.348679e+02	6459	5.871439e+03	5.990000e+01	599	9.121335e-01	9.024227e-01	
60	600	-3.914000e+02	6.348679e+02	6308	5.871439e+03	60	600	1.066153e+00	9.024227e-01	
6.010000e+01	601	2.708000e+02	6.348679e+02	4562	5.871439e+03	6.010000e+01	601	9.439662e-01	9.024227e-01	
6.020000e+01	602	9.647000e+02	6.348679e+02	5284	5.871439e+03	6.020000e+01	602	8.456159e-01	9.024227e-01	
6.030000e+01	603	706	6.348679e+02	5310	5.871439e+03	6.030000e+01	603	8.826463e-01	9.024227e-01	
6.040000e+01	604	1072	6.348679e+02	5355	5.871439e+03	6.040000e+01	604	8.332037e-01	9.024227e-01	
6.050000e+01	605	-2.655000e+02	6.348679e+02	5429	5.871439e+03	6.050000e+01	605	1.051419e+00	9.024227e-01	
6.060000e+01	606	1224	6.348679e+02	5523	5.871439e+03	6.060000e+01	606	8.185860e-01	9.024227e-01	
6.070000e+01	607	-2.203000e+02	6.348679e+02	5510	5.871439e+03	6.070000e+01	607	1.041647e+00	9.024227e-01	
6.080000e+01	608	-2.969000e+02	6.348679e+02	6316	5.871439e+03	6.080000e+01	608	1.049326e+00	9.024227e-01	
6.090000e+01	609	1906	6.348679e+02	5887	5.871439e+03	6.090000e+01	609	7.554215e-01	9.024227e-01	
61	610	7.188000e+02	6.348679e+02	5105	5.871439e+03	61	610	8.765754e-01	9.024227e-01	
6.110000e+01	611	6.233000e+02	6.348679e+02	6116	5.871439e+03	6.110000e+01	611	9.075126e-01	9.024227e-01	
6.120000e+01	612	2.524000e+02	6.348679e+02	4096	5.871439e+03	6.120000e+01	612	9.419557e-01	9.024227e-01	
6.130000e+01	613	9.662000e+02	6.348679e+02	7617	5.871439e+03	6.130000e+01	613	8.874313e-01	9.024227e-01	
6.140000e+01	614	-3.354000e+01	6.348679e+02	5514	5.871439e+03	6.140000e+01	614	1.006120e+00	9.024227e-01	
6.150000e+01	615	3.242000e+02	6.348679e+02	4765	5.871439e+03	6.150000e+01	615	9.362965e-01	9.024227e-01	
6.160000e+01	616	2.733000e+02	6.348679e+02	6577	5.871439e+03	6.160000e+01	616	9.601039e-01	9.024227e-01	
6.170000e+01	617	1021	6.348679e+02	6490	5.871439e+03	6.170000e+01	617	8.640660e-01	9.024227e-01	
6.180000e+01	618	-3.505000e+01	6.348679e+02	6795	5.871439e+03	6.180000e+01	618	1.005185e+00	9.024227e-01	
6.190000e+01	619	1.155000e+02	6.348679e+02	6635	5.871439e+03	6.190000e+01	619	9.828902e-01	9.024227e-01	
62	620	7.806000e+02	6.348679e+02	6457	5.871439e+03	62	620	8.921466e-01	9.024227e-01	
6.210000e+01	621	-1.476000e+02	6.348679e+02	5442	5.871439e+03	6.210000e+01	621	1.027879e+00	9.024227e-01	
6.220000e+01	622	3.818000e+02	6.348679e+02	6300	5.871439e+03	6.220000e+01	622	9.428597e-01	9.024227e-01	
6.230000e+01	623	1153	6.348679e+02	7221	5.871439e+03	6.230000e+01	623	8.623119e-01	9.024227e-01	
6.240000e+01	624	8.014000e+02	6.348679e+02	6348	5.871439e+03	6.240000e+01	624	8.879067e-01	9.024227e-01	
6.250000e+01	625	2.504000e+02	6.348679e+02	6504	5.871439e+03	6.250000e+01	625	9.629279e-01	9.024227e-01	
6.260000e+01	626	133	6.348679e+02	6498	5.871439e+03	6.260000e+01	626	9.799427e-01	9.024227e-01	
6.270000e+01	627	6.182000e+02	6.348679e+02	5411	5.871439e+03	6.270000e+01	627	8.974657e-01	9.024227e-01	
6.280000e+01	628	1343	6.348679e+02	5688	5.871439e+03	6.280000e+01	628	8.089888e-01	9.024227e-01	
6.290000e+01	629	6.701000e+02	6.348679e+02	6454	5.871439e+03	6.290000e+01	629	9.059390e-01	9.024227e-01	
63	630	7.399000e+02	6.348679e+02	4790	5.871439e+03	63	630	8.662001e-01	9.024227e-01	
6.310000e+01	631	9.962000e+02	6.348679e+02	6681	5.871439e+03	6.310000e+01	631	8.702391e-01	9.024227e-01	
6.320000e+01	632	-1.095000e+02	6.348679e+02	6416	5.871439e+03	6.320000e+01	632	1.017363e+00	9.024227e-01	
6.330000e+01	633	-1.995000e+01	6.348679e+02	5695	5.871439e+03	6.330000e+01	633	1.003515e+00	9.024227e-01	
6.340000e+01	634	9.572000e+02	6.348679e+02	4952	5.871439e+03	6.340000e+01	634	8.380153e-01	9.024227e-01	
6.350000e+01	635	4265	3.046641e+03	3225	3.745864e+03	6.350000e+01	635	4.305741e-01	5.514702e-01	
6.360000e+01	636	4389	3.046641e+03	2568	3.745864e+03	6.360000e+01	636	3.691246e-01	5.514702e-01	
6.370000e+01	637	1199	6.348679e+02	5360	5.871439e+03	6.370000e+01	637	8.171977e-01	9.024227e-01	
6.380000e+01	638	7.094000e+02	6.348679e+02	6497	5.871439e+03	6.380000e+01	638	9.015597e-01	9.024227e-01	
6.390000e+01	639	-3.836000e+02	6.348679e+02	5778	5.871439e+03	6.390000e+01	639	1.071111e+00	9.024227e-01	
64	640	830	6.348679e+02	5997	5.871439e+03	64	640	8.784239e-01	9.024227e-01	
6.410000e+01	641	7.285000e+01	6.348679e+02	5049	5.871439e+03	6.410000e+01	641	9.857766e-01	9.024227e-01	
6.420000e+01	642	4.325000e+02	6.348679e+02	4724	5.871439e+03	6.420000e+01	642	9.161253e-01	9.024227e-01	
6.430000e+01	643	1269	6.348679e+02	5722	5.871439e+03	6.430000e+01	643	8.184809e-01	9.024227e-01	
6.440000e+01	644	1070	6.348679e+02	6030	5.871439e+03	6.440000e+01	644	8.492958e-01	9.024227e-01	
6.450000e+01	645	7.648000e+02	6.348679e+02	5974	5.871439e+03	6.450000e+01	645	8.865080e-01	9.024227e-01	
6.460000e+01	646	1243	6.348679e+02	5649	5.871439e+03	6.460000e+01	646	8.196460e-01	9.024227e-01	
6.470000e+01	647	7.145000e+02	6.348679e+02	5579	5.871439e+03	6.470000e+01	647	8.864702e-01	9.024227e-01	
6.480000e+01	648	4.608000e+02	6.348679e+02	5760	5.871439e+03	6.480000e+01	648	9.259259e-01	9.024227e-01	
6.490000e+01	649	1944	6.348679e+02	6677	5.871439e+03	6.490000e+01	649	7.745041e-01	9.024227e-01	
65	650	4.165000e+02	6.348679e+02	5382	5.871439e+03	65	650	9.281711e-01	9.024227e-01	
6.510000e+01	651	-2.199000e+02	6.348679e+02	5349	5.871439e+03	6.510000e+01	651	1.042873e+00	9.024227e-01	
6.520000e+01	652	1152	6.348679e+02	5896	5.871439e+03	6.520000e+01	652	8.365494e-01	9.024227e-01	
6.530000e+01	653	4.088000e+02	6.348679e+02	6552	5.871439e+03	6.530000e+01	653	9.412711e-01	9.024227e-01	
6.540000e+01	654	4.276000e+02	6.348679e+02	6350	5.871439e+03	6.540000e+01	654	9.369098e-01	9.024227e-01	
6.550000e+01	655	-3.918000e+02	6.348679e+02	6066	5.871439e+03	6.550000e+01	655	1.069049e+00	9.024227e-01	
6.560000e+01	656	4.278000e+02	6.348679e+02	4800	5.871439e+03	6.560000e+01	656	9.181683e-01	9.024227e-01	
6.570000e+01	657	4.949000e+02	6.348679e+02	5663	5.871439e+03	6.570000e+01	657	9.196317e-01	9.024227e-01	
6.580000e+01	658	-2.858000e+01	6.348679e+02	5771	5.871439e+03	6.580000e+01	658	1.004977e+00	9.024227e-01	
6.590000e+01	659	9.919000e+02	6.348679e+02	6872	5.871439e+03	6.590000e+01	659	8.738667e-01	9.024227e-01	
66	660	1101	6.348679e+02	7259	5.871439e+03	66	660	8.683014e-01	9.024227e-01	
6.610000e+01	661	6.511000e+02	6.348679e+02	5861	5.871439e+03	6.610000e+01	661	9.000169e-01	9.024227e-01	
6.620000e+01	662	5.943000e+02	6.348679e+02	5297	5.871439e+03	6.620000e+01	662	8.991224e-01	9.024227e-01	
6.630000e+01	663	2269	3.046641e+03	4578	3.745864e+03	6.630000e+01	663	6.686140e-01	5.514702e-01	
6.640000e+01	664	3388	3.046641e+03	3551	3.745864e+03	6.640000e+01	664	5.117452e-01	5.514702e-01	
6.650000e+01	665	2839	3.046641e+03	4772	3.745864e+03	6.650000e+01	665	6.269873e-01	5.514702e-01	
6.660000e+01	666	3845	3.046641e+03	3630	3.745864e+03	6.660000e+01	666	4.856187e-01	5.514702e-01	
6.670000e+01	667	3291	3.046641e+03	3380	3.745864e+03	6.670000e+01	667	5.066707e-01	5.514702e-01	
6.680000e+01	668	3865	3.046641e+03	3742	3.745864e+03	6.680000e+01	668	4.919153e-01	5.514702e-01	
6.690000e+01	669	3114	3.046641e+03	2890	3.745864e+03	6.690000e+01	669	4.813458e-01	5.514702e-01	
67	670	3084	3.046641e+03	3694	3.745864e+03	67	670	5.449985e-01	5.514702e-01	
6.710000e+01	671	3346	3.046641e+03	3168	3.745864e+03	6.710000e+01	671	4.863371e-01	5.514702e-01	
6.720000e+01	672	3891	3.046641e+03	3258	3.745864e+03	6.720000e+01	672	4.557281e-01	5.514702e-01	
6.730000e+01	673	2750	3.046641e+03	2759	3.745864e+03	6.730000e+01	673	5.008168e-01	5.514702e-01	
6.740000e+01	674	3045	3.046641e+03	4276	3.745864e+03	6.740000e+01	674	5.840732e-01	5.514702e-01	
6.750000e+01	675	3115	3.046641e+03	5234	3.745864e+03	6.750000e+01	675	6.269014e-01	5.514702e-01	
6.760000e+01	676	3687	3.046641e+03	3634	3.745864e+03	6.760000e+01	676	4.963803e-01	5.514702e-01	
6.770000e+01	677	1854	3.046641e+03	4534	3.745864e+03	6.770000e+01	677	7.097683e-01	5.514702e-01	
6.780000e+01	678	3410	3.046641e+03	3335	3.745864e+03	6.780000e+01	678	4.944403e-01	5.514702e-01	
6.790000e+01	679	4359	3.046641e+03	3814	3.745864e+03	6.790000e+01	679	4.666585e-01	5.514702e-01	
68	680	2731	3.046641e+03	3152	3.745864e+03	68	680	5.357811e-01	5.514702e-01	
6.810000e+01	681	3834	3.046641e+03	3853	3.745864e+03	6.810000e+01	681	5.012359e-01	5.514702e-01	
6.820000e+01	682	2683	3.046641e+03	4008	3.745864e+03	6.820000e+01	682	5.990136e-01	5.514702e-01	
6.830000e+01	683	2522	3.046641e+03	3503	3.745864e+03	6.830000e+01	683	5.814108e-01	5.514702e-01	
6.840000e+01	684	2086	3.046641e+03	3799	3.745864e+03	6.840000e+01	684	6.455395e-01	5.514702e-01	
6.850000e+01	685	3121	3.046641e+03	3984	3.745864e+03	6.850000e+01	685	5.607319e-01	5.514702e-01	
6.860000e+01	686	3821	3.046641e+03	3477	3.745864e+03	6.860000e+01	686	4.764319e-01	5.514702e-01	
6.870000e+01	687	2898	3.046641e+03	4205	3.745864e+03	6.870000e+01	687	5.920034e-01	5.514702e-01	
6.880000e+01	688	3199	3.046641e+03	4430	3.745864e+03	6.880000e+01	688	5.806790e-01	5.514702e-01	
6.890000e+01	689	3412	3.046641e+03	2993	3.745864e+03	6.890000e+01	689	4.672912e-01	5.514702e-01	
69	690	2639	3.046641e+03	2954	3.745864e+03	69	690	5.281602e-01	5.514702e-01	
6.910000e+01	691	2521	3.046641e+03	4184	3.745864e+03	6.910000e+01	691	6.240119e-01	5.514702e-01	
6.920000e+01	692	2836	3.046641e+03	4807	3.745864e+03	6.920000e+01	692	6.289415e-01	5.514702e-01	
6.930000e+01	693	3643	3.046641e+03	4189	3.745864e+03	6.930000e+01	693	5.348570e-01	5.514702e-01	
6.940000e+01	694	3366	3.046641e+03	3598	3.745864e+03	6.940000e+01	694	5.166571e-01	5.514702e-01	
6.950000e+01	695	1831	3.046641e+03	4093	3.745864e+03	6.950000e+01	695	6.909183e-01	5.514702e-01	
6.960000e+01	696	3777	3.046641e+03	3740	3.745864e+03	6.960000e+01	696	4.975389e-01	5.514702e-01	
6.970000e+01	697	2251	3.046641e+03	4619	3.745864e+03	6.970000e+01	697	6.723435e-01	5.514702e-01	
6.980000e+01	698	2375	3.046641e+03	2912	3.745864e+03	6.980000e+01	698	5.507849e-01	5.514702e-01	
6.990000e+01	699	4509	3.046641e+03	4093	3.745864e+03	6.990000e+01	699	4.758196e-01	5.514702e-01	
70	700	3737	3.046641e+03	2946	3.745864e+03	70	700	4.408200e-01	5.514702e-01	
7.010000e+01	701	3320	3.046641e+03	4199	3.745864e+03	7.010000e+01	701	5.584519e-01	5.514702e-01	
7.020000e+01	702	1241	6.348679e+02	6362	5.871439e+03	7.020000e+01	702	8.367750e-01	9.024227e-01	
7.030000e+01	703	3.497000e+02	6.348679e+02	5778	5.871439e+03	7.030000e+01	703	9.429313e-01	9.024227e-01	
7.040000e+01	704	1347	6.348679e+02	5892	5.871439e+03	7.040000e+01	704	8.139246e-01	9.024227e-01	
7.050000e+01	705	1367	6.348679e+02	6956	5.871439e+03	7.050000e+01	705	8.357563e-01	9.024227e-01	
7.060000e+01	706	1060	6.348679e+02	7154	5.871439e+03	7.060000e+01	706	8.709520e-01	9.024227e-01	
7.070000e+01	707	1172	6.348679e+02	4177	5.871439e+03	7.070000e+01	707	7.808936e-01	9.024227e-01	
7.080000e+01	708	1074	6.348679e+02	5524	5.871439e+03	7.080000e+01	708	8.372234e-01	9.024227e-01	
7.090000e+01	709	4.575000e+02	6.348679e+02	6519	5.871439e+03	7.090000e+01	709	9.344227e-01	9.024227e-01	
71	710	510	6.348679e+02	4963	5.871439e+03	71	710	9.068153e-01	9.024227e-01	
7.110000e+01	711	434	6.348679e+02	5638	5.871439e+03	7.110000e+01	711	9.285244e-01	9.024227e-01	
7.120000e+01	712	3.451000e+02	6.348679e+02	6842	5.871439e+03	7.120000e+01	712	9.519834e-01	9.024227e-01	
7.130000e+01	713	1254	6.348679e+02	4351	5.871439e+03	7.130000e+01	713	7.762712e-01	9.024227e-01	
7.140000e+01	714	5886	5.883950e+03	-153	7.422959e+02	7.140000e+01	714	-2.668760e-02	1.120236e-01	
7.150000e+01	715	6343	5.883950e+03	4.718000e+02	7.422959e+02	7.150000e+01	715	6.923167e-02	1.120236e-01	
7.160000e+01	716	4759	5.883950e+03	529	7.422959e+02	7.160000e+01	716	1.000378e-01	1.120236e-01	
7.170000e+01	717	5463	5.883950e+03	1280	7.422959e+02	7.170000e+01	717	1.898265e-01	1.120236e-01	
7.180000e+01	718	5449	5.883950e+03	2.066000e+02	7.422959e+02	7.180000e+01	718	3.653016e-02	1.120236e-01	
7.190000e+01	719	3709	5.883950e+03	248	7.422959e+02	7.190000e+01	719	6.267374e-02	1.120236e-01	
72	720	6919	5.883950e+03	1477	7.422959e+02	72	720	1.759171e-01	1.120236e-01	
7.210000e+01	721	6053	5.883950e+03	8.896000e+02	7.422959e+02	7.210000e+01	721	1.281364e-01	1.120236e-01	
7.220000e+01	722	6058	5.883950e+03	3.487000e+02	7.422959e+02	7.220000e+01	722	5.442740e-02	1.120236e-01	
7.230000e+01	723	5715	5.883950e+03	4.078000e+02	7.422959e+02	7.230000e+01	723	6.660351e-02	1.120236e-01	
7.240000e+01	724	6528	5.883950e+03	2.684000e+02	7.422959e+02	7.240000e+01	724	3.949150e-02	1.120236e-01	
7.250000e+01	725	6180	5.883950e+03	1738	7.422959e+02	7.250000e+01	725	2.194999e-01	1.120236e-01	
7.260000e+01	726	6867	5.883950e+03	1161	7.422959e+02	7.260000e+01	726	1.446188e-01	1.120236e-01	
7.270000e+01	727	7679	5.883950e+03	7.648000e+02	7.422959e+02	7.270000e+01	727	9.057533e-02	1.120236e-01	
7.280000e+01	728	4302	5.883950e+03	8.611000e+02	7.422959e+02	7.280000e+01	728	1.667796e-01	1.120236e-01	
7.290000e+01	729	7530	5.883950e+03	8.487000e+02	7.422959e+02	7.290000e+01	729	1.012926e-01	1.120236e-01	
73	730	4996	5.883950e+03	6.499000e+02	7.422959e+02	73	730	1.151101e-01	1.120236e-01	
7.310000e+01	731	6388	5.883950e+03	3.408000e+02	7.422959e+02	7.310000e+01	731	5.064796e-02	1.120236e-01	
7.320000e+01	732	5896	5.883950e+03	1421	7.422959e+02	7.320000e+01	732	1.942053e-01	1.120236e-01	
7.330000e+01	733	7036	5.883950e+03	-1160	7.422959e+02	7.330000e+01	733	-1.974132e-01	1.120236e-01	
7.340000e+01	734	7241	5.883950e+03	2.308000e+02	7.422959e+02	7.340000e+01	734	3.088948e-02	1.120236e-01	
7.350000e+01	735	4948	5.883950e+03	1137	7.422959e+02	7.350000e+01	735	1.868529e-01	1.120236e-01	
7.360000e+01	736	5548	5.883950e+03	2.654000e+02	7.422959e+02	7.360000e+01	736	4.565315e-02	1.120236e-01	
7.370000e+01	737	6758	5.883950e+03	3.965000e+02	7.422959e+02	7.370000e+01	737	5.541967e-02	1.120236e-01	
7.380000e+01	738	5678	5.883950e+03	-1.252000e+02	7.422959e+02	7.380000e+01	738	-2.254718e-02	1.120236e-01	
7.390000e+01	739	3834	3.046641e+03	3895	3.745864e+03	7.390000e+01	739	5.039462e-01	5.514702e-01	
74	740	2966	3.046641e+03	3514	3.745864e+03	74	740	5.422840e-01	5.514702e-01	
7.410000e+01	741	2580	3.046641e+03	3133	3.745864e+03	7.410000e+01	741	5.483984e-01	5.514702e-01	
7.420000e+01	742	3290	3.046641e+03	3511	3.745864e+03	7.420000e+01	742	5.162476e-01	5.514702e-01	
7.430000e+01	743	3324	3.046641e+03	3568	3.745864e+03	7.430000e+01	743	5.177017e-01	5.514702e-01	
7.440000e+01	744	1941	3.046641e+03	3467	3.745864e+03	7.440000e+01	744	6.410873e-01	5.514702e-01	
7.450000e+01	745	2321	3.046641e+03	4109	3.745864e+03	7.450000e+01	745	6.390358e-01	5.514702e-01	
7.460000e+01	746	3168	3.046641e+03	3667	3.745864e+03	7.460000e+01	746	5.365033e-01	5.514702e-01	
7.470000e+01	747	2174	3.046641e+03	3324	3.745864e+03	7.470000e+01	747	6.045835e-01	5.514702e-01	
7.480000e+01	748	3384	3.046641e+03	4231	3.745864e+03	7.480000e+01	748	5.556139e-01	5.514702e-01	
7.490000e+01	749	3357	3.046641e+03	3939	3.745864e+03	7.490000e+01	749	5.398849e-01	5.514702e-01	
75	750	3754	3.046641e+03	3760	3.745864e+03	75	750	5.003993e-01	5.514702e-01	
7.510000e+01	751	2497	3.046641e+03	3293	3.745864e+03	7.510000e+01	751	5.687392e-01	5.514702e-01	
7.520000e+01	752	3039	3.046641e+03	4225	3.745864e+03	7.520000e+01	752	5.816355e-01	5.514702e-01	
7.530000e+01	753	3332	3.046641e+03	5316	3.745864e+03	7.530000e+01	753	6.147086e-01	5.514702e-01	
7.540000e+01	754	4133	3.046641e+03	3490	3.745864e+03	7.540000e+01	754	4.578250e-01	5.514702e-01	
7.550000e+01	755	4084	3.046641e+03	3791	3.745864e+03	7.550000e+01	755	4.813968e-01	5.514702e-01	
7.560000e+01	756	2934	3.046641e+03	4388	3.745864e+03	7.560000e+01	756	5.992898e-01	5.514702e-01	
7.570000e+01	757	1.881000e+01	6.348679e+02	4716	3.745864e+03	7.570000e+01	757	9.960273e-01	5.514702e-01	
7.580000e+01	758	1075	6.348679e+02	6019	5.871439e+03	7.580000e+01	758	8.484635e-01	9.024227e-01	
7.590000e+01	759	-5.485000e+02	6.348679e+02	4765	5.871439e+03	7.590000e+01	759	1.130084e+00	9.024227e-01	
76	760	1101	6.348679e+02	5771	5.871439e+03	76	760	8.397846e-01	9.024227e-01	
7.610000e+01	761	1842	6.348679e+02	5184	5.871439e+03	7.610000e+01	761	7.378309e-01	9.024227e-01	
7.620000e+01	762	-4.577000e+02	6.348679e+02	5559	5.871439e+03	7.620000e+01	762	1.089722e+00	9.024227e-01	
7.630000e+01	763	1529	6.348679e+02	6215	5.871439e+03	7.630000e+01	763	8.025568e-01	9.024227e-01	
7.640000e+01	764	1240	6.348679e+02	6805	5.871439e+03	7.640000e+01	764	8.458670e-01	9.024227e-01	
7.650000e+01	765	-3.073000e+02	6.348679e+02	6240	5.871439e+03	7.650000e+01	765	1.051798e+00	9.024227e-01	
7.660000e+01	766	-4.023000e+02	6.348679e+02	8080	5.871439e+03	7.660000e+01	766	1.052399e+00	9.024227e-01	
7.670000e+01	767	3.839000e+02	6.348679e+02	4985	5.871439e+03	7.670000e+01	767	9.284956e-01	9.024227e-01	
7.680000e+01	768	6.921000e+02	6.348679e+02	5880	5.871439e+03	7.680000e+01	768	8.946912e-01	9.024227e-01	
7.690000e+01	769	2.115000e+02	6.348679e+02	7052	5.871439e+03	7.690000e+01	769	9.708818e-01	9.024227e-01	
77	770	-3.598000e+02	6.348679e+02	5656	5.871439e+03	77	770	1.067936e+00	9.024227e-01	
7.710000e+01	771	8.718000e+02	6.348679e+02	5668	5.871439e+03	7.710000e+01	771	8.666932e-01	9.024227e-01	
7.720000e+01	772	1126	6.348679e+02	6542	5.871439e+03	7.720000e+01	772	8.531560e-01	9.024227e-01	
7.730000e+01	773	-7.827000e+00	6.348679e+02	6249	5.871439e+03	7.730000e+01	773	1.001254e+00	9.024227e-01	
7.740000e+01	774	5.227000e+01	6.348679e+02	5711	5.871439e+03	7.740000e+01	774	9.909305e-01	9.024227e-01	
7.750000e+01	775	1247	6.348679e+02	4253	5.871439e+03	7.750000e+01	775	7.732727e-01	9.024227e-01	
7.760000e+01	776	1.827000e+02	6.348679e+02	6104	5.871439e+03	7.760000e+01	776	9.709386e-01	9.024227e-01	
7.770000e+01	777	4.263000e+02	6.348679e+02	5307	5.871439e+03	7.770000e+01	777	9.256449e-01	9.024227e-01	
7.780000e+01	778	2942	3.046641e+03	3231	3.745864e+03	7.780000e+01	778	5.234084e-01	5.514702e-01	
7.790000e+01	779	3283	3.046641e+03	4668	3.745864e+03	7.790000e+01	779	5.870960e-01	5.514702e-01	
78	780	4318	3.046641e+03	3635	3.745864e+03	78	780	4.570602e-01	5.514702e-01	
7.810000e+01	781	3563	3.046641e+03	3230	3.745864e+03	7.810000e+01	781	4.754895e-01	5.514702e-01	
7.820000e+01	782	3446	3.046641e+03	4675	3.745864e+03	7.820000e+01	782	5.756680e-01	5.514702e-01	
7.830000e+01	783	2431	3.046641e+03	3761	3.745864e+03	7.830000e+01	783	6.073966e-01	5.514702e-01	
7.840000e+01	784	1901	3.046641e+03	4278	3.745864e+03	7.840000e+01	784	6.923450e-01	5.514702e-01	
7.850000e+01	785	3604	3.046641e+03	5061	3.745864e+03	7.850000e+01	785	5.840739e-01	5.514702e-01	
7.860000e+01	786	2549	3.046641e+03	3462	3.745864e+03	7.860000e+01	786	5.759441e-01	5.514702e-01	
7.870000e+01	787	3008	3.046641e+03	4291	3.745864e+03	7.870000e+01	787	5.878888e-01	5.514702e-01	
7.880000e+01	788	3183	3.046641e+03	2865	3.745864e+03	7.880000e+01	788	4.737103e-01	5.514702e-01	
7.890000e+01	789	4466	3.046641e+03	3028	3.745864e+03	7.890000e+01	789	4.040566e-01	5.514702e-01	
79	790	4520	3.046641e+03	3520	3.745864e+03	79	790	4.378109e-01	5.514702e-01	
7.910000e+01	791	2100	3.046641e+03	3353	3.745864e+03	7.910000e+01	791	6.148909e-01	5.514702e-01	
7.920000e+01	792	4010	3.046641e+03	4339	3.745864e+03	7.920000e+01	792	5.197030e-01	5.514702e-01	
7.930000e+01	793	2515	3.046641e+03	3979	3.745864e+03	7.930000e+01	793	6.127194e-01	5.514702e-01	
7.940000e+01	794	2934	3.046641e+03	3345	3.745864e+03	7.940000e+01	794	5.327281e-01	5.514702e-01	
7.950000e+01	795	2294	3.046641e+03	3994	3.745864e+03	7.950000e+01	795	6.351781e-01	5.514702e-01	
7.960000e+01	796	2048	3.046641e+03	3139	3.745864e+03	7.960000e+01	796	6.051668e-01	5.514702e-01	
7.970000e+01	797	2875	3.046641e+03	4612	3.745864e+03	7.970000e+01	797	6.160011e-01	5.514702e-01	
7.980000e+01	798	3668	3.046641e+03	3100	3.745864e+03	7.980000e+01	798	4.580378e-01	5.514702e-01	
7.990000e+01	799	2371	3.046641e+03	4254	3.745864e+03	7.990000e+01	799	6.421132e-01	5.514702e-01	
80	800	3594	3.046641e+03	3715	3.745864e+03	80	800	5.082775e-01	5.514702e-01	
8.010000e+01	801	2106	3.046641e+03	4849	3.745864e+03	8.010000e+01	801	6.971963e-01	5.514702e-01	
8.020000e+01	802	2779	3.046641e+03	3244	3.745864e+03	8.020000e+01	802	5.386020e-01	5.514702e-01	
8.030000e+01	803	2069	3.046641e+03	2942	3.745864e+03	8.030000e+01	803	5.871084e-01	5.514702e-01	
8.040000e+01	804	3467	3.046641e+03	3865	3.745864e+03	8.040000e+01	804	5.271413e-01	5.514702e-01	
8.050000e+01	805	2847	3.046641e+03	3539	3.745864e+03	8.050000e+01	805	5.541810e-01	5.514702e-01	
8.060000e+01	806	3768	3.046641e+03	3748	3.745864e+03	8.060000e+01	806	4.986695e-01	5.514702e-01	
8.070000e+01	807	2267	3.046641e+03	3892	3.745864e+03	8.070000e+01	807	6.319208e-01	5.514702e-01	
8.080000e+01	808	2487	3.046641e+03	3571	3.745864e+03	8.080000e+01	808	5.894685e-01	5.514702e-01	
8.090000e+01	809	4282	3.046641e+03	4435	3.745864e+03	8.090000e+01	809	5.087760e-01	5.514702e-01	
81	810	2844	3.046641e+03	3221	3.745864e+03	81	810	5.310800e-01	5.514702e-01	
8.110000e+01	811	3265	3.046641e+03	2891	3.745864e+03	8.110000e+01	811	4.696231e-01	5.514702e-01	
8.120000e+01	812	1599	3.046641e+03	3344	3.745864e+03	8.120000e+01	812	6.765122e-01	5.514702e-01	
8.130000e+01	813	1566	3.046641e+03	3830	3.745864e+03	8.130000e+01	813	7.097850e-01	5.514702e-01	
8.140000e+01	814	3486	3.046641e+03	3923	3.745864e+03	8.140000e+01	814	5.294912e-01	5.514702e-01	
8.150000e+01	815	2715	3.046641e+03	3845	3.745864e+03	8.150000e+01	815	5.861280e-01	5.514702e-01	
8.160000e+01	816	2374	3.046641e+03	3305	3.745864e+03	8.160000e+01	816	5.819687e-01	5.514702e-01	
8.170000e+01	817	3171	3.046641e+03	3616	3.745864e+03	8.170000e+01	817	5.327833e-01	5.514702e-01	
8.180000e+01	818	2893	3.046641e+03	3561	3.745864e+03	8.180000e+01	818	5.517509e-01	5.514702e-01	
8.190000e+01	819	2672	3.046641e+03	4459	3.745864e+03	8.190000e+01	819	6.252980e-01	5.514702e-01	
82	820	2670	3.046641e+03	3096	3.745864e+03	82	820	5.369407e-01	5.514702e-01	
8.210000e+01	821	3520	3.046641e+03	4421	3.745864e+03	8.210000e+01	821	5.567309e-01	5.514702e-01	
8.220000e+01	822	2863	3.046641e+03	3465	3.745864e+03	8.220000e+01	822	5.475664e-01	5.514702e-01	
8.230000e+01	823	1911	3.046641e+03	2983	3.745864e+03	8.230000e+01	823	6.095219e-01	5.514702e-01	
8.240000e+01	824	4288	3.046641e+03	5147	3.745864e+03	8.240000e+01	824	5.455220e-01	5.514702e-01	
8.250000e+01	825	3715	3.046641e+03	3381	3.745864e+03	8.250000e+01	825	4.764656e-01	5.514702e-01	
8.260000e+01	826	1255	3.046641e+03	2399	3.745864e+03	8.260000e+01	826	6.565408e-01	5.514702e-01	
8.270000e+01	827	2460	3.046641e+03	3707	3.745864e+03	8.270000e+01	827	6.011026e-01	5.514702e-01	
8.280000e+01	828	3583	3.046641e+03	3501	3.745864e+03	8.280000e+01	828	4.942123e-01	5.514702e-01	
8.290000e+01	829	2570	3.046641e+03	3596	3.745864e+03	8.290000e+01	829	5.831982e-01	5.514702e-01	
83	830	2567	3.046641e+03	4153	3.745864e+03	83	830	6.180060e-01	5.514702e-01	
8.310000e+01	831	2954	3.046641e+03	2403	3.745864e+03	8.310000e+01	831	4.485720e-01	5.514702e-01	
8.320000e+01	832	2351	3.046641e+03	3588	3.745864e+03	8.320000e+01	832	6.041421e-01	5.514702e-01	
8.330000e+01	833	2710	3.046641e+03	3469	3.745864e+03	8.330000e+01	833	5.614177e-01	5.514702e-01	
8.340000e+01	834	2659	3.046641e+03	3249	3.745864e+03	8.340000e+01	834	5.499323e-01	5.514702e-01	
8.350000e+01	835	2271	3.046641e+03	3398	3.745864e+03	8.350000e+01	835	5.994002e-01	5.514702e-01	
8.360000e+01	836	3468	3.046641e+03	2910	3.745864e+03	8.360000e+01	836	4.562559e-01	5.514702e-01	
8.370000e+01	837	2193	3.046641e+03	2731	3.745864e+03	8.370000e+01	837	5.546304e-01	5.514702e-01	
8.380000e+01	838	2542	3.046641e+03	3916	3.745864e+03	8.380000e+01	838	6.063797e-01	5.514702e-01	
8.390000e+01	839	4145	3.046641e+03	4111	3.745864e+03	8.390000e+01	839	4.979409e-01	5.514702e-01	
84	840	4225	3.046641e+03	3435	3.745864e+03	84	840	4.484334e-01	5.514702e-01	
8.410000e+01	841	2314	3.046641e+03	4042	3.745864e+03	8.410000e+01	841	6.359346e-01	5.514702e-01	
8.420000e+01	842	3214	3.046641e+03	3657	3.745864e+03	8.420000e+01	842	5.322369e-01	5.514702e-01	
8.430000e+01	843	3518	3.046641e+03	4741	3.745864e+03	8.430000e+01	843	5.740404e-01	5.514702e-01	
8.440000e+01	844	3093	3.046641e+03	4040	3.745864e+03	8.440000e+01	844	5.663816e-01	5.514702e-01	
8.450000e+01	845	3352	3.046641e+03	3183	3.745864e+03	8.450000e+01	845	4.870696e-01	5.514702e-01	
8.460000e+01	846	3620	3.046641e+03	3764	3.745864e+03	8.460000e+01	846	5.097508e-01	5.514702e-01	
8.470000e+01	847	804	6.348679e+02	4410	3.745864e+03	8.470000e+01	847	8.457998e-01	5.514702e-01	
8.480000e+01	848	-5.574000e+01	6.348679e+02	5358	5.871439e+03	8.480000e+01	848	1.010512e+00	9.024227e-01	
8.490000e+01	849	3.339000e+02	6.348679e+02	6123	5.871439e+03	8.490000e+01	849	9.482879e-01	9.024227e-01	
85	850	2.784000e+02	6.348679e+02	5362	5.871439e+03	85	850	9.506418e-01	9.024227e-01	
8.510000e+01	851	-6.706000e+01	6.348679e+02	4173	5.871439e+03	8.510000e+01	851	1.016332e+00	9.024227e-01	
8.520000e+01	852	2.709000e+02	6.348679e+02	5114	5.871439e+03	8.520000e+01	852	9.496927e-01	9.024227e-01	
8.530000e+01	853	9.566000e+02	6.348679e+02	5956	5.871439e+03	8.530000e+01	853	8.616150e-01	9.024227e-01	
8.540000e+01	854	1304	6.348679e+02	6192	5.871439e+03	8.540000e+01	854	8.260406e-01	9.024227e-01	
8.550000e+01	855	1304	6.348679e+02	5509	5.871439e+03	8.550000e+01	855	8.086012e-01	9.024227e-01	
8.560000e+01	856	2972	3.046641e+03	3554	3.745864e+03	8.560000e+01	856	5.445909e-01	5.514702e-01	
8.570000e+01	857	3930	3.046641e+03	3031	3.745864e+03	8.570000e+01	857	4.354259e-01	5.514702e-01	
8.580000e+01	858	3161	3.046641e+03	3508	3.745864e+03	8.580000e+01	858	5.260159e-01	5.514702e-01	
8.590000e+01	859	3439	3.046641e+03	4328	3.745864e+03	8.590000e+01	859	5.572293e-01	5.514702e-01	
86	860	1915	3.046641e+03	3839	3.745864e+03	86	860	6.671880e-01	5.514702e-01	
8.610000e+01	861	3463	3.046641e+03	3134	3.745864e+03	8.610000e+01	861	4.750644e-01	5.514702e-01	
8.620000e+01	862	3847	3.046641e+03	3106	3.745864e+03	8.620000e+01	862	4.467136e-01	5.514702e-01	
8.630000e+01	863	4447	3.046641e+03	4098	3.745864e+03	8.630000e+01	863	4.795787e-01	5.514702e-01	
8.640000e+01	864	3520	3.046641e+03	4125	3.745864e+03	8.640000e+01	864	5.395683e-01	5.514702e-01	
8.650000e+01	865	2575	3.046641e+03	4684	3.745864e+03	8.650000e+01	865	6.452679e-01	5.514702e-01	
8.660000e+01	866	3099	3.046641e+03	4176	3.745864e+03	8.660000e+01	866	5.740206e-01	5.514702e-01	
8.670000e+01	867	2668	3.046641e+03	4063	3.745864e+03	8.670000e+01	867	6.036250e-01	5.514702e-01	
8.680000e+01	868	8.011000e+02	6.348679e+02	4875	5.871439e+03	8.680000e+01	868	8.588644e-01	9.024227e-01	
8.690000e+01	869	8.208000e+01	6.348679e+02	5785	5.871439e+03	8.690000e+01	869	9.860101e-01	9.024227e-01	
87	870	7.486000e+02	6.348679e+02	5405	5.871439e+03	87	870	8.783476e-01	9.024227e-01	
8.710000e+01	871	8.588000e+02	6.348679e+02	6118	5.871439e+03	8.710000e+01	871	8.769063e-01	9.024227e-01	
8.720000e+01	872	2869	3.046641e+03	3319	5.871439e+03	8.720000e+01	872	5.363607e-01	9.024227e-01	
8.730000e+01	873	3542	3.046641e+03	8.881000e+02	7.422959e+02	8.730000e+01	873	2.004695e-01	1.959114e-01	
8.740000e+01	874	5869	5.883950e+03	526	7.422959e+02	8.740000e+01	874	8.225176e-02	1.959114e-01	
8.750000e+01	875	6677	5.883950e+03	8.624000e+02	7.422959e+02	8.750000e+01	875	1.143858e-01	1.959114e-01	
8.760000e+01	876	7372	5.883950e+03	2.408000e+02	7.422959e+02	8.760000e+01	876	3.163094e-02	1.959114e-01	
8.770000e+01	877	6706	5.883950e+03	3.017000e+02	7.422959e+02	8.770000e+01	877	4.305264e-02	1.959114e-01	
8.780000e+01	878	4989	5.883950e+03	1856	7.422959e+02	8.780000e+01	878	2.711468e-01	1.959114e-01	
8.790000e+01	879	5994	5.883950e+03	1156	7.422959e+02	8.790000e+01	879	1.616783e-01	1.959114e-01	
88	880	6159	5.883950e+03	7.053000e+02	7.422959e+02	88	880	1.027490e-01	1.959114e-01	
8.810000e+01	881	6082	5.883950e+03	5.119000e+02	7.422959e+02	8.810000e+01	881	7.763236e-02	1.959114e-01	
8.820000e+01	882	5409	5.883950e+03	1104	7.422959e+02	8.820000e+01	882	1.695071e-01	1.959114e-01	
8.830000e+01	883	4375	5.883950e+03	1029	7.422959e+02	8.830000e+01	883	1.904145e-01	1.959114e-01	
8.840000e+01	884	6602	5.883950e+03	7.179000e+02	7.422959e+02	8.840000e+01	884	9.807511e-02	1.959114e-01	
8.850000e+01	885	5985	5.883950e+03	2.757000e+02	7.422959e+02	8.850000e+01	885	4.403661e-02	1.959114e-01	
8.860000e+01	886	5521	5.883950e+03	1521	7.422959e+02	8.860000e+01	886	2.159898e-01	1.959114e-01	
8.870000e+01	887	4982	5.883950e+03	1143	7.422959e+02	8.870000e+01	887	1.866122e-01	1.959114e-01	
8.880000e+01	888	6072	5.883950e+03	6.698000e+02	7.422959e+02	8.880000e+01	888	9.935032e-02	1.959114e-01	
8.890000e+01	889	6192	5.883950e+03	6.165000e+02	7.422959e+02	8.890000e+01	889	9.054858e-02	1.959114e-01	
89	890	5739	5.883950e+03	5.741000e+02	7.422959e+02	89	890	9.093789e-02	1.959114e-01	
8.910000e+01	891	6957	5.883950e+03	1011	7.422959e+02	8.910000e+01	891	1.268825e-01	1.959114e-01	
8.920000e+01	892	5607	5.883950e+03	1591	7.422959e+02	8.920000e+01	892	2.210336e-01	1.959114e-01	
8.930000e+01	893	6134	5.883950e+03	7.822000e+02	7.422959e+02	8.930000e+01	893	1.130968e-01	1.959114e-01	
8.940000e+01	894	6600	5.883950e+03	9.537000e+02	7.422959e+02	8.940000e+01	894	1.262560e-01	1.959114e-01	
8.950000e+01	895	4636	5.883950e+03	2018	7.422959e+02	8.950000e+01	895	3.032762e-01	1.959114e-01	
8.960000e+01	896	7757	5.883950e+03	1084	7.422959e+02	8.960000e+01	896	1.226106e-01	1.959114e-01	
8.970000e+01	897	6446	5.883950e+03	1046	7.422959e+02	8.970000e+01	897	1.396156e-01	1.959114e-01	
8.980000e+01	898	5718	5.883950e+03	2.307000e+02	7.422959e+02	8.980000e+01	898	3.878158e-02	1.959114e-01	
8.990000e+01	899	5707	5.883950e+03	-2.565000e+02	7.422959e+02	8.990000e+01	899	-4.705990e-02	1.959114e-01	
90	900	6982	5.883950e+03	1388	7.422959e+02	90	900	1.658303e-01	1.959114e-01	
9.010000e+01	901	7174	5.883950e+03	-6.503000e+02	7.422959e+02	9.010000e+01	901	-9.968270e-02	1.959114e-01	
9.020000e+01	902	5909	5.883950e+03	4.088000e+02	7.422959e+02	9.020000e+01	902	6.470607e-02	1.959114e-01	
9.030000e+01	903	5682	5.883950e+03	1967	7.422959e+02	9.030000e+01	903	2.571578e-01	1.959114e-01	
9.040000e+01	904	7282	5.883950e+03	8.145000e+02	7.422959e+02	9.040000e+01	904	1.005990e-01	1.959114e-01	
9.050000e+01	905	6108	5.883950e+03	1883	7.422959e+02	9.050000e+01	905	2.356401e-01	1.959114e-01	
9.060000e+01	906	5914	5.883950e+03	8.573000e+02	7.422959e+02	9.060000e+01	906	1.266079e-01	1.959114e-01	
9.070000e+01	907	5134	5.883950e+03	9.235000e+02	7.422959e+02	9.070000e+01	907	1.524556e-01	1.959114e-01	
9.080000e+01	908	4.563000e+01	6.348679e+02	5415	5.871439e+03	9.080000e+01	908	9.916438e-01	9.024227e-01	
9.090000e+01	909	1.934000e+02	6.348679e+02	6061	5.871439e+03	9.090000e+01	909	9.690778e-01	9.024227e-01	
91	910	3.162000e+02	6.348679e+02	5434	5.871439e+03	91	910	9.450106e-01	9.024227e-01	
9.110000e+01	911	9.799000e+02	6.348679e+02	6975	5.871439e+03	9.110000e+01	911	8.768181e-01	9.024227e-01	
9.120000e+01	912	-6.855000e+00	6.348679e+02	4936	5.871439e+03	9.120000e+01	912	1.001391e+00	9.024227e-01	
9.130000e+01	913	-3.174000e+02	6.348679e+02	5254	5.871439e+03	9.130000e+01	913	1.064295e+00	9.024227e-01	
9.140000e+01	914	1516	6.348679e+02	5466	5.871439e+03	9.140000e+01	914	7.828702e-01	9.024227e-01	
9.150000e+01	915	3.960000e+01	6.348679e+02	5708	5.871439e+03	9.150000e+01	915	9.931102e-01	9.024227e-01	
9.160000e+01	916	-4.614000e+02	6.348679e+02	6982	5.871439e+03	9.160000e+01	916	1.070760e+00	9.024227e-01	
9.170000e+01	917	9.503000e+02	6.348679e+02	6027	5.871439e+03	9.170000e+01	917	8.638012e-01	9.024227e-01	
9.180000e+01	918	-2.081000e+01	6.348679e+02	6053	5.871439e+03	9.180000e+01	918	1.003450e+00	9.024227e-01	
9.190000e+01	919	-2.925000e+02	6.348679e+02	5263	5.871439e+03	9.190000e+01	919	1.058847e+00	9.024227e-01	
92	920	6.599000e+02	6.348679e+02	6181	5.871439e+03	92	920	9.035361e-01	9.024227e-01	
9.210000e+01	921	5.299000e+02	6.348679e+02	6375	5.871439e+03	9.210000e+01	921	9.232574e-01	9.024227e-01	
9.220000e+01	922	9.639000e+02	6.348679e+02	6048	5.871439e+03	9.220000e+01	922	8.625337e-01	9.024227e-01	
9.230000e+01	923	9.188000e+02	6.348679e+02	6257	5.871439e+03	9.230000e+01	923	8.719585e-01	9.024227e-01	
9.240000e+01	924	3.857000e+01	6.348679e+02	7082	5.871439e+03	9.240000e+01	924	9.945833e-01	9.024227e-01	
9.250000e+01	925	8.529000e+02	6.348679e+02	5942	5.871439e+03	9.250000e+01	925	8.744794e-01	9.024227e-01	
9.260000e+01	926	-1.365000e+02	6.348679e+02	5083	5.871439e+03	9.260000e+01	926	1.027595e+00	9.024227e-01	
9.270000e+01	927	1127	6.348679e+02	5464	5.871439e+03	9.270000e+01	927	8.290093e-01	9.024227e-01	
9.280000e+01	928	4.524000e+01	6.348679e+02	6301	5.871439e+03	9.280000e+01	928	9.928714e-01	9.024227e-01	
9.290000e+01	929	7.341000e+02	6.348679e+02	6660	5.871439e+03	9.290000e+01	929	9.007181e-01	9.024227e-01	
93	930	6.889000e+02	6.348679e+02	5684	5.871439e+03	93	930	8.919016e-01	9.024227e-01	
9.310000e+01	931	1808	6.348679e+02	6537	5.871439e+03	9.310000e+01	931	7.833433e-01	9.024227e-01	
9.320000e+01	932	4.733000e+02	6.348679e+02	6004	5.871439e+03	9.320000e+01	932	9.269294e-01	9.024227e-01	
9.330000e+01	933	1085	6.348679e+02	6153	5.871439e+03	9.330000e+01	933	8.500967e-01	9.024227e-01	
9.340000e+01	934	9.469000e+02	6.348679e+02	5677	5.871439e+03	9.340000e+01	934	8.570480e-01	9.024227e-01	
9.350000e+01	935	6.386000e+02	6.348679e+02	6447	5.871439e+03	9.350000e+01	935	9.098735e-01	9.024227e-01	
9.360000e+01	936	7304	5.883950e+03	1671	7.422959e+02	9.360000e+01	936	1.861838e-01	1.120236e-01	
9.370000e+01	937	6163	5.883950e+03	1729	7.422959e+02	9.370000e+01	937	2.190826e-01	1.120236e-01	
9.380000e+01	938	5832	5.883950e+03	1405	7.422959e+02	9.380000e+01	938	1.941412e-01	1.120236e-01	
9.390000e+01	939	4808	5.883950e+03	5.881000e+02	7.422959e+02	9.390000e+01	939	1.089861e-01	1.120236e-01	
94	940	5328	5.883950e+03	1076	7.422959e+02	94	940	1.680200e-01	1.120236e-01	
9.410000e+01	941	6839	5.883950e+03	6.547000e+02	7.422959e+02	9.410000e+01	941	8.736672e-02	1.120236e-01	
9.420000e+01	942	8121	5.883950e+03	3.914000e+02	7.422959e+02	9.420000e+01	942	4.597998e-02	1.120236e-01	
9.430000e+01	943	5339	5.883950e+03	7.124000e+02	7.422959e+02	9.430000e+01	943	1.177248e-01	1.120236e-01	
9.440000e+01	944	6035	5.883950e+03	9.041000e+02	7.422959e+02	9.440000e+01	944	1.302907e-01	1.120236e-01	
9.450000e+01	945	5586	5.883950e+03	3.602000e+02	7.422959e+02	9.450000e+01	945	6.057650e-02	1.120236e-01	
9.460000e+01	946	6133	5.883950e+03	355	7.422959e+02	9.460000e+01	946	5.471640e-02	1.120236e-01	
9.470000e+01	947	6340	5.883950e+03	5.516000e+02	7.422959e+02	9.470000e+01	947	8.003947e-02	1.120236e-01	
9.480000e+01	948	5538	5.883950e+03	1278	7.422959e+02	9.480000e+01	948	1.875000e-01	1.120236e-01	
9.490000e+01	949	5131	5.883950e+03	1047	7.422959e+02	9.490000e+01	949	1.694723e-01	1.120236e-01	
95	950	6423	5.883950e+03	1084	7.422959e+02	95	950	1.443986e-01	1.120236e-01	
9.510000e+01	951	6595	5.883950e+03	3.151000e+02	7.422959e+02	9.510000e+01	951	4.559992e-02	1.120236e-01	
9.520000e+01	952	5530	5.883950e+03	4.322000e+02	7.422959e+02	9.520000e+01	952	7.249002e-02	1.120236e-01	
9.530000e+01	953	5411	5.883950e+03	1.571000e+02	7.422959e+02	9.530000e+01	953	2.821429e-02	1.120236e-01	
9.540000e+01	954	6143	5.883950e+03	-5.404000e+02	7.422959e+02	9.540000e+01	954	-9.645522e-02	1.120236e-01	
9.550000e+01	955	7278	5.883950e+03	9.042000e+02	7.422959e+02	9.550000e+01	955	1.105082e-01	1.120236e-01	
9.560000e+01	956	5873	5.883950e+03	8.918000e+02	7.422959e+02	9.560000e+01	956	1.318295e-01	1.120236e-01	
9.570000e+01	957	5444	5.883950e+03	2.444000e+02	7.422959e+02	9.570000e+01	957	4.296463e-02	1.120236e-01	
9.580000e+01	958	6814	5.883950e+03	4.911000e+02	7.422959e+02	9.580000e+01	958	6.722701e-02	1.120236e-01	
9.590000e+01	959	5842	5.883950e+03	3.805000e+02	7.422959e+02	9.590000e+01	959	6.114906e-02	1.120236e-01	
96	960	8100	5.883950e+03	1263	7.422959e+02	96	960	1.348927e-01	1.120236e-01	
9.610000e+01	961	5421	5.883950e+03	3.822000e+02	7.422959e+02	9.610000e+01	961	6.586022e-02	1.120236e-01	
9.620000e+01	962	4682	5.883950e+03	3.672000e+02	7.422959e+02	9.620000e+01	962	7.272439e-02	1.120236e-01	
9.630000e+01	963	6417	5.883950e+03	9.872000e+02	7.422959e+02	9.630000e+01	963	1.333297e-01	1.120236e-01	
9.640000e+01	964	5553	5.883950e+03	1228	7.422959e+02	9.640000e+01	964	1.810942e-01	1.120236e-01	
9.650000e+01	965	6892	5.883950e+03	6.841000e+02	7.422959e+02	9.650000e+01	965	9.029712e-02	1.120236e-01	
9.660000e+01	966	6222	5.883950e+03	457	7.422959e+02	9.660000e+01	966	6.842342e-02	1.120236e-01	
9.670000e+01	967	4471	5.883950e+03	3.695000e+02	7.422959e+02	9.670000e+01	967	7.633509e-02	1.120236e-01	
9.680000e+01	968	5092	5.883950e+03	1548	7.422959e+02	9.680000e+01	968	2.331325e-01	1.120236e-01	
9.690000e+01	969	6339	5.883950e+03	7.705000e+02	7.422959e+02	9.690000e+01	969	1.083761e-01	0	
