time at 532nm	frame at 532nm	I_1 at 532nm(counts)	discr.I_1 at 532nm(counts)	I_2 at 532nm(counts)	discr.I_2 at 532nm(counts)	time at 532nm	frame at 532nm	FRET_1>2	discr.FRET_1>2	
1.000000e-01	1	6648	6.786592e+03	-8.893000e+01	1.176425e+03	1.000000e-01	1	-1.355832e-02	1.477360e-01	
2.000000e-01	2	7296	6.786592e+03	-1320	1.176425e+03	2.000000e-01	2	-2.208835e-01	1.477360e-01	
3.000000e-01	3	7640	6.786592e+03	1112	1.176425e+03	3.000000e-01	3	1.270567e-01	1.477360e-01	
4.000000e-01	4	5449	6.786592e+03	7.913000e+02	1.176425e+03	4.000000e-01	4	1.268048e-01	1.477360e-01	
5.000000e-01	5	7686	6.786592e+03	3.128000e+02	1.176425e+03	5.000000e-01	5	3.910587e-02	1.477360e-01	
6.000000e-01	6	5557	6.786592e+03	2346	1.176425e+03	6.000000e-01	6	2.968493e-01	1.477360e-01	
7.000000e-01	7	924	1.039151e+03	6040	7.644528e+03	7.000000e-01	7	8.673176e-01	8.803328e-01	
8.000000e-01	8	7.964000e+02	1.039151e+03	8539	7.644528e+03	8.000000e-01	8	9.146903e-01	8.803328e-01	
9.000000e-01	9	7.668000e+02	1.039151e+03	8369	7.644528e+03	9.000000e-01	9	9.160665e-01	8.803328e-01	
1	10	1877	1.039151e+03	6741	7.644528e+03	1	10	7.822000e-01	8.803328e-01	
1.100000e+00	11	9.328000e+02	1.039151e+03	7848	7.644528e+03	1.100000e+00	11	8.937682e-01	8.803328e-01	
1.200000e+00	12	2239	1.039151e+03	6676	7.644528e+03	1.200000e+00	12	7.488503e-01	8.803328e-01	
1.300000e+00	13	1056	1.039151e+03	8193	7.644528e+03	1.300000e+00	13	8.858255e-01	8.803328e-01	
1.400000e+00	14	3.618000e+02	1.039151e+03	8281	7.644528e+03	1.400000e+00	14	9.581386e-01	8.803328e-01	
1.500000e+00	15	8.717000e+02	1.039151e+03	8328	7.644528e+03	1.500000e+00	15	9.052469e-01	8.803328e-01	
1.600000e+00	16	1904	1.039151e+03	8095	7.644528e+03	1.600000e+00	16	8.095810e-01	8.803328e-01	
1.700000e+00	17	1154	1.039151e+03	8798	7.644528e+03	1.700000e+00	17	8.840434e-01	8.803328e-01	
1.800000e+00	18	1159	1.039151e+03	7023	7.644528e+03	1.800000e+00	18	8.583476e-01	8.803328e-01	
1.900000e+00	19	1073	1.039151e+03	6449	7.644528e+03	1.900000e+00	19	8.573518e-01	8.803328e-01	
2	20	1283	1.039151e+03	7103	7.644528e+03	2	20	8.470069e-01	8.803328e-01	
2.100000e+00	21	1624	1.039151e+03	7070	7.644528e+03	2.100000e+00	21	8.132045e-01	8.803328e-01	
2.200000e+00	22	1742	1.039151e+03	10040	7.644528e+03	2.200000e+00	22	8.521473e-01	8.803328e-01	
2.300000e+00	23	-4.009000e+02	1.039151e+03	7412	7.644528e+03	2.300000e+00	23	1.057181e+00	8.803328e-01	
2.400000e+00	24	6.939000e+02	1.039151e+03	6860	7.644528e+03	2.400000e+00	24	9.081402e-01	8.803328e-01	
2.500000e+00	25	4.473000e+02	1.039151e+03	7554	7.644528e+03	2.500000e+00	25	9.440966e-01	8.803328e-01	
2.600000e+00	26	4.217000e+02	1.039151e+03	9633	7.644528e+03	2.600000e+00	26	9.580594e-01	8.803328e-01	
2.700000e+00	27	1732	1.039151e+03	7356	7.644528e+03	2.700000e+00	27	8.094190e-01	8.803328e-01	
2.800000e+00	28	1066	1.039151e+03	7286	7.644528e+03	2.800000e+00	28	8.723659e-01	8.803328e-01	
2.900000e+00	29	7.269000e+02	1.039151e+03	6200	7.644528e+03	2.900000e+00	29	8.950613e-01	8.803328e-01	
3	30	1.429000e+02	1.039151e+03	10180	7.644528e+03	3	30	9.861570e-01	8.803328e-01	
3.100000e+00	31	1531	1.039151e+03	8340	7.644528e+03	3.100000e+00	31	8.448992e-01	8.803328e-01	
3.200000e+00	32	1114	1.039151e+03	8974	7.644528e+03	3.200000e+00	32	8.895718e-01	8.803328e-01	
3.300000e+00	33	1543	1.039151e+03	8112	7.644528e+03	3.300000e+00	33	8.401864e-01	8.803328e-01	
3.400000e+00	34	6.782000e+02	1.039151e+03	7962	7.644528e+03	3.400000e+00	34	9.215064e-01	8.803328e-01	
3.500000e+00	35	9.349000e+02	1.039151e+03	8151	7.644528e+03	3.500000e+00	35	8.971043e-01	8.803328e-01	
3.600000e+00	36	2080	1.039151e+03	6517	7.644528e+03	3.600000e+00	36	7.580551e-01	8.803328e-01	
3.700000e+00	37	1494	1.039151e+03	7031	7.644528e+03	3.700000e+00	37	8.247507e-01	8.803328e-01	
3.800000e+00	38	1153	1.039151e+03	6119	7.644528e+03	3.800000e+00	38	8.414466e-01	8.803328e-01	
3.900000e+00	39	228	1.039151e+03	6472	7.644528e+03	3.900000e+00	39	9.659701e-01	8.803328e-01	
4	40	-6.522000e+02	1.039151e+03	7147	7.644528e+03	4	40	1.100419e+00	8.803328e-01	
4.100000e+00	41	1212	1.039151e+03	7540	7.644528e+03	4.100000e+00	41	8.615174e-01	8.803328e-01	
4.200000e+00	42	3261	1.039151e+03	4591	4.312850e+03	4.200000e+00	42	5.846918e-01	8.803328e-01	
4.300000e+00	43	7943	6.786592e+03	3404	4.312850e+03	4.300000e+00	43	2.999912e-01	3.885646e-01	
4.400000e+00	44	7475	6.786592e+03	3.814000e+02	1.176425e+03	4.400000e+00	44	4.854641e-02	3.885646e-01	
4.500000e+00	45	7253	6.786592e+03	3140	1.176425e+03	4.500000e+00	45	3.021264e-01	3.885646e-01	
4.600000e+00	46	6304	6.786592e+03	7.248000e+02	1.176425e+03	4.600000e+00	46	1.031186e-01	3.885646e-01	
4.700000e+00	47	5960	6.786592e+03	-2.059000e+02	1.176425e+03	4.700000e+00	47	-3.578318e-02	3.885646e-01	
4.800000e+00	48	6055	6.786592e+03	7.785000e+02	1.176425e+03	4.800000e+00	48	1.139241e-01	3.885646e-01	
4.900000e+00	49	7771	6.786592e+03	1133	1.176425e+03	4.900000e+00	49	1.272462e-01	3.885646e-01	
5	50	7137	6.786592e+03	1737	1.176425e+03	5	50	1.957404e-01	3.885646e-01	
5.100000e+00	51	6297	6.786592e+03	2779	1.176425e+03	5.100000e+00	51	3.061922e-01	3.885646e-01	
5.200000e+00	52	7829	6.786592e+03	1161	1.176425e+03	5.200000e+00	52	1.291435e-01	3.885646e-01	
5.300000e+00	53	6403	6.786592e+03	4.248000e+02	1.176425e+03	5.300000e+00	53	6.221623e-02	3.885646e-01	
5.400000e+00	54	8615	6.786592e+03	1937	1.176425e+03	5.400000e+00	54	1.835671e-01	3.885646e-01	
5.500000e+00	55	6535	6.786592e+03	907	1.176425e+03	5.500000e+00	55	1.218758e-01	3.885646e-01	
5.600000e+00	56	6515	6.786592e+03	-1.949000e+02	1.176425e+03	5.600000e+00	56	-3.083812e-02	3.885646e-01	
5.700000e+00	57	7210	6.786592e+03	2008	1.176425e+03	5.700000e+00	57	2.178347e-01	3.885646e-01	
5.800000e+00	58	7966	6.786592e+03	-6.175000e+01	1.176425e+03	5.800000e+00	58	-7.812253e-03	3.885646e-01	
5.900000e+00	59	6951	6.786592e+03	9.762000e+02	1.176425e+03	5.900000e+00	59	1.231456e-01	3.885646e-01	
6	60	7190	6.786592e+03	2174	1.176425e+03	6	60	2.321657e-01	3.885646e-01	
6.100000e+00	61	4343	3.634288e+03	3850	4.312850e+03	6.100000e+00	61	4.699133e-01	5.426922e-01	
6.200000e+00	62	3483	3.634288e+03	6085	4.312850e+03	6.200000e+00	62	6.359741e-01	5.426922e-01	
6.300000e+00	63	3157	3.634288e+03	4230	4.312850e+03	6.300000e+00	63	5.726276e-01	5.426922e-01	
6.400000e+00	64	2015	1.039151e+03	7308	7.644528e+03	6.400000e+00	64	7.838679e-01	8.803328e-01	
6.500000e+00	65	1413	1.039151e+03	5544	7.644528e+03	6.500000e+00	65	7.968952e-01	8.803328e-01	
6.600000e+00	66	8.942000e+02	1.039151e+03	7565	7.644528e+03	6.600000e+00	66	8.942926e-01	8.803328e-01	
6.700000e+00	67	1121	1.039151e+03	7247	7.644528e+03	6.700000e+00	67	8.660373e-01	8.803328e-01	
6.800000e+00	68	-1.466000e-01	1.039151e+03	8536	7.644528e+03	6.800000e+00	68	1.000017e+00	8.803328e-01	
6.900000e+00	69	1275	1.039151e+03	9707	7.644528e+03	6.900000e+00	69	8.839009e-01	8.803328e-01	
7	70	2064	1.039151e+03	7863	7.644528e+03	7	70	7.920822e-01	8.803328e-01	
7.100000e+00	71	1225	1.039151e+03	7931	7.644528e+03	7.100000e+00	71	8.662080e-01	8.803328e-01	
7.200000e+00	72	1621	1.039151e+03	8025	7.644528e+03	7.200000e+00	72	8.319511e-01	8.803328e-01	
7.300000e+00	73	4.378000e+02	1.039151e+03	9020	7.644528e+03	7.300000e+00	73	9.537102e-01	8.803328e-01	
7.400000e+00	74	1226	1.039151e+03	8137	7.644528e+03	7.400000e+00	74	8.690591e-01	8.803328e-01	
7.500000e+00	75	1.456000e+02	1.039151e+03	9228	7.644528e+03	7.500000e+00	75	9.844670e-01	8.803328e-01	
7.600000e+00	76	1732	1.039151e+03	9638	7.644528e+03	7.600000e+00	76	8.476693e-01	8.803328e-01	
7.700000e+00	77	1043	1.039151e+03	6334	7.644528e+03	7.700000e+00	77	8.586146e-01	8.803328e-01	
7.800000e+00	78	1997	1.039151e+03	9629	7.644528e+03	7.800000e+00	78	8.282298e-01	8.803328e-01	
7.900000e+00	79	1302	1.039151e+03	6698	7.644528e+03	7.900000e+00	79	8.372500e-01	8.803328e-01	
8	80	8.881000e+02	1.039151e+03	7608	7.644528e+03	8	80	8.954697e-01	8.803328e-01	
8.100000e+00	81	7278	6.786592e+03	1699	1.176425e+03	8.100000e+00	81	1.892614e-01	1.477360e-01	
8.200000e+00	82	7420	6.786592e+03	-3.164000e+01	1.176425e+03	8.200000e+00	82	-4.282412e-03	1.477360e-01	
8.300000e+00	83	7235	6.786592e+03	1492	1.176425e+03	8.300000e+00	83	1.709637e-01	1.477360e-01	
8.400000e+00	84	8098	6.786592e+03	-4.327000e+02	1.176425e+03	8.400000e+00	84	-5.644919e-02	1.477360e-01	
8.500000e+00	85	6434	6.786592e+03	4.737000e+02	1.176425e+03	8.500000e+00	85	6.857565e-02	1.477360e-01	
8.600000e+00	86	6758	6.786592e+03	1879	1.176425e+03	8.600000e+00	86	2.175524e-01	1.477360e-01	
8.700000e+00	87	6639	6.786592e+03	2146	1.176425e+03	8.700000e+00	87	2.442800e-01	1.477360e-01	
8.800000e+00	88	5973	6.786592e+03	1241	1.176425e+03	8.800000e+00	88	1.720266e-01	1.477360e-01	
8.900000e+00	89	6433	6.786592e+03	2101	1.176425e+03	8.900000e+00	89	2.461917e-01	1.477360e-01	
9	90	7009	6.786592e+03	7.405000e+01	1.176425e+03	9	90	1.045454e-02	1.477360e-01	
9.100000e+00	91	7702	6.786592e+03	1960	1.176425e+03	9.100000e+00	91	2.028566e-01	1.477360e-01	
9.200000e+00	92	6824	6.786592e+03	4.859000e+02	1.176425e+03	9.200000e+00	92	6.647150e-02	1.477360e-01	
9.300000e+00	93	7427	6.786592e+03	6.419000e+02	1.176425e+03	9.300000e+00	93	7.955236e-02	1.477360e-01	
9.400000e+00	94	8676	6.786592e+03	-3.350000e+01	1.176425e+03	9.400000e+00	94	-3.876193e-03	1.477360e-01	
9.500000e+00	95	6200	6.786592e+03	2850	1.176425e+03	9.500000e+00	95	3.149171e-01	1.477360e-01	
9.600000e+00	96	7643	6.786592e+03	3.422000e+02	1.176425e+03	9.600000e+00	96	4.285428e-02	1.477360e-01	
9.700000e+00	97	7727	6.786592e+03	8.055000e+02	1.176425e+03	9.700000e+00	97	9.440375e-02	1.477360e-01	
9.800000e+00	98	7425	6.786592e+03	9.926000e+02	1.176425e+03	9.800000e+00	98	1.179196e-01	1.477360e-01	
9.900000e+00	99	7123	6.786592e+03	842	1.176425e+03	9.900000e+00	99	1.057125e-01	1.477360e-01	
10	100	6804	6.786592e+03	1102	1.176425e+03	10	100	1.393878e-01	1.477360e-01	
1.010000e+01	101	5864	6.786592e+03	9.835000e+02	1.176425e+03	1.010000e+01	101	1.436291e-01	1.477360e-01	
1.020000e+01	102	7466	6.786592e+03	-2.275000e+02	1.176425e+03	1.020000e+01	102	-3.142916e-02	1.477360e-01	
1.030000e+01	103	8109	6.786592e+03	9.759000e+02	1.176425e+03	1.030000e+01	103	1.074200e-01	1.477360e-01	
1.040000e+01	104	7400	6.786592e+03	5.891000e+01	1.176425e+03	1.040000e+01	104	7.897937e-03	1.477360e-01	
1.050000e+01	105	6202	6.786592e+03	2063	1.176425e+03	1.050000e+01	105	2.496068e-01	1.477360e-01	
1.060000e+01	106	6257	6.786592e+03	-5.363000e+02	1.176425e+03	1.060000e+01	106	-9.374727e-02	1.477360e-01	
1.070000e+01	107	7463	6.786592e+03	1028	1.176425e+03	1.070000e+01	107	1.210694e-01	1.477360e-01	
1.080000e+01	108	6612	6.786592e+03	9.727000e+02	1.176425e+03	1.080000e+01	108	1.282450e-01	1.477360e-01	
1.090000e+01	109	5574	6.786592e+03	1198	1.176425e+03	1.090000e+01	109	1.769049e-01	1.477360e-01	
11	110	6376	6.786592e+03	1061	1.176425e+03	11	110	1.426651e-01	1.477360e-01	
1.110000e+01	111	7534	6.786592e+03	4.586000e+02	1.176425e+03	1.110000e+01	111	5.737807e-02	1.477360e-01	
1.120000e+01	112	6936	6.786592e+03	2404	1.176425e+03	1.120000e+01	112	2.573876e-01	1.477360e-01	
1.130000e+01	113	4959	6.786592e+03	1507	1.176425e+03	1.130000e+01	113	2.330653e-01	1.477360e-01	
1.140000e+01	114	5675	6.786592e+03	1799	1.176425e+03	1.140000e+01	114	2.407011e-01	1.477360e-01	
1.150000e+01	115	5985	6.786592e+03	1312	1.176425e+03	1.150000e+01	115	1.797999e-01	1.477360e-01	
1.160000e+01	116	4402	6.786592e+03	4127	1.176425e+03	1.160000e+01	116	4.838785e-01	1.477360e-01	
1.170000e+01	117	7.439000e+02	1.039151e+03	7292	7.644528e+03	1.170000e+01	117	9.074279e-01	8.803328e-01	
1.180000e+01	118	1287	1.039151e+03	7931	7.644528e+03	1.180000e+01	118	8.603819e-01	8.803328e-01	
1.190000e+01	119	1123	1.039151e+03	7470	7.644528e+03	1.190000e+01	119	8.693122e-01	8.803328e-01	
12	120	2355	3.634288e+03	3054	4.312850e+03	12	120	5.646145e-01	5.426922e-01	
1.210000e+01	121	2213	3.634288e+03	4808	4.312850e+03	1.210000e+01	121	6.848027e-01	5.426922e-01	
1.220000e+01	122	4418	3.634288e+03	4440	4.312850e+03	1.220000e+01	122	5.012418e-01	5.426922e-01	
1.230000e+01	123	3631	3.634288e+03	4363	4.312850e+03	1.230000e+01	123	5.457843e-01	5.426922e-01	
1.240000e+01	124	3954	3.634288e+03	4603	4.312850e+03	1.240000e+01	124	5.379222e-01	5.426922e-01	
1.250000e+01	125	2715	3.634288e+03	4109	4.312850e+03	1.250000e+01	125	6.021395e-01	5.426922e-01	
1.260000e+01	126	3091	3.634288e+03	4137	4.312850e+03	1.260000e+01	126	5.723575e-01	5.426922e-01	
1.270000e+01	127	3552	3.634288e+03	4276	4.312850e+03	1.270000e+01	127	5.462443e-01	5.426922e-01	
1.280000e+01	128	5053	3.634288e+03	4099	4.312850e+03	1.280000e+01	128	4.478802e-01	5.426922e-01	
1.290000e+01	129	4605	3.634288e+03	5056	4.312850e+03	1.290000e+01	129	5.233413e-01	5.426922e-01	
13	130	3167	3.634288e+03	4283	4.312850e+03	13	130	5.748993e-01	5.426922e-01	
1.310000e+01	131	3564	3.634288e+03	3694	4.312850e+03	1.310000e+01	131	5.089556e-01	5.426922e-01	
1.320000e+01	132	3540	3.634288e+03	4977	4.312850e+03	1.320000e+01	132	5.843607e-01	5.426922e-01	
1.330000e+01	133	4637	3.634288e+03	5077	4.312850e+03	1.330000e+01	133	5.226477e-01	5.426922e-01	
1.340000e+01	134	6.748000e+02	1.039151e+03	7526	7.644528e+03	1.340000e+01	134	9.177153e-01	8.803328e-01	
1.350000e+01	135	1269	1.039151e+03	7792	7.644528e+03	1.350000e+01	135	8.599492e-01	8.803328e-01	
1.360000e+01	136	1041	1.039151e+03	7623	7.644528e+03	1.360000e+01	136	8.798476e-01	8.803328e-01	
1.370000e+01	137	3.572000e+02	1.039151e+03	7153	7.644528e+03	1.370000e+01	137	9.524380e-01	8.803328e-01	
1.380000e+01	138	1365	1.039151e+03	8954	7.644528e+03	1.380000e+01	138	8.677197e-01	8.803328e-01	
1.390000e+01	139	-2.987000e+02	1.039151e+03	7477	7.644528e+03	1.390000e+01	139	1.041612e+00	8.803328e-01	
14	140	9.269000e+02	1.039151e+03	7526	7.644528e+03	14	140	8.903453e-01	8.803328e-01	
1.410000e+01	141	2.801000e+02	1.039151e+03	5745	7.644528e+03	1.410000e+01	141	9.535111e-01	8.803328e-01	
1.420000e+01	142	1349	1.039151e+03	7360	7.644528e+03	1.420000e+01	142	8.451028e-01	8.803328e-01	
1.430000e+01	143	-3.023000e+02	1.039151e+03	5528	7.644528e+03	1.430000e+01	143	1.057849e+00	8.803328e-01	
1.440000e+01	144	4.237000e+02	1.039151e+03	8823	7.644528e+03	1.440000e+01	144	9.541782e-01	8.803328e-01	
1.450000e+01	145	621	1.039151e+03	7439	7.644528e+03	1.450000e+01	145	9.229529e-01	8.803328e-01	
1.460000e+01	146	1621	1.039151e+03	8045	7.644528e+03	1.460000e+01	146	8.322988e-01	8.803328e-01	
1.470000e+01	147	1212	1.039151e+03	7690	7.644528e+03	1.470000e+01	147	8.638508e-01	8.803328e-01	
1.480000e+01	148	1818	1.039151e+03	8915	7.644528e+03	1.480000e+01	148	8.306159e-01	8.803328e-01	
1.490000e+01	149	8.528000e+02	1.039151e+03	7818	7.644528e+03	1.490000e+01	149	9.016469e-01	8.803328e-01	
15	150	660	1.039151e+03	7802	7.644528e+03	15	150	9.220043e-01	8.803328e-01	
1.510000e+01	151	1853	1.039151e+03	7714	7.644528e+03	1.510000e+01	151	8.063134e-01	8.803328e-01	
1.520000e+01	152	3.562000e+02	1.039151e+03	7967	7.644528e+03	1.520000e+01	152	9.572040e-01	8.803328e-01	
1.530000e+01	153	1022	1.039151e+03	6149	7.644528e+03	1.530000e+01	153	8.574815e-01	8.803328e-01	
1.540000e+01	154	1384	1.039151e+03	7662	7.644528e+03	1.540000e+01	154	8.470042e-01	8.803328e-01	
1.550000e+01	155	1780	1.039151e+03	8843	7.644528e+03	1.550000e+01	155	8.324390e-01	8.803328e-01	
1.560000e+01	156	3.947000e+02	1.039151e+03	6956	7.644528e+03	1.560000e+01	156	9.463044e-01	8.803328e-01	
1.570000e+01	157	1056	1.039151e+03	8362	7.644528e+03	1.570000e+01	157	8.878743e-01	8.803328e-01	
1.580000e+01	158	1088	1.039151e+03	7912	7.644528e+03	1.580000e+01	158	8.791111e-01	8.803328e-01	
1.590000e+01	159	1199	1.039151e+03	8373	7.644528e+03	1.590000e+01	159	8.747388e-01	8.803328e-01	
16	160	8.179000e+02	1.039151e+03	9554	7.644528e+03	16	160	9.211427e-01	8.803328e-01	
1.610000e+01	161	3.442000e+02	1.039151e+03	6680	7.644528e+03	1.610000e+01	161	9.509980e-01	8.803328e-01	
1.620000e+01	162	1436	1.039151e+03	9141	7.644528e+03	1.620000e+01	162	8.642337e-01	8.803328e-01	
1.630000e+01	163	1861	1.039151e+03	6726	7.644528e+03	1.630000e+01	163	7.832770e-01	8.803328e-01	
1.640000e+01	164	-6.055000e+02	1.039151e+03	9837	7.644528e+03	1.640000e+01	164	1.065591e+00	8.803328e-01	
1.650000e+01	165	1950	1.039151e+03	5942	7.644528e+03	1.650000e+01	165	7.529143e-01	8.803328e-01	
1.660000e+01	166	8.367000e+02	1.039151e+03	8134	7.644528e+03	1.660000e+01	166	9.067297e-01	8.803328e-01	
1.670000e+01	167	6.937000e+02	1.039151e+03	7619	7.644528e+03	1.670000e+01	167	9.165494e-01	8.803328e-01	
1.680000e+01	168	2347	1.039151e+03	8028	7.644528e+03	1.680000e+01	168	7.737831e-01	8.803328e-01	
1.690000e+01	169	1252	1.039151e+03	8668	7.644528e+03	1.690000e+01	169	8.737903e-01	8.803328e-01	
17	170	1301	1.039151e+03	6693	7.644528e+03	17	170	8.372529e-01	8.803328e-01	
1.710000e+01	171	8.957000e+01	1.039151e+03	6022	7.644528e+03	1.710000e+01	171	9.853442e-01	8.803328e-01	
1.720000e+01	172	1065	1.039151e+03	7020	7.644528e+03	1.720000e+01	172	8.682746e-01	8.803328e-01	
1.730000e+01	173	6.866000e+02	1.039151e+03	7658	7.644528e+03	1.730000e+01	173	9.177192e-01	8.803328e-01	
1.740000e+01	174	1074	1.039151e+03	7429	7.644528e+03	1.740000e+01	174	8.736916e-01	8.803328e-01	
1.750000e+01	175	6.511000e+02	1.039151e+03	6834	7.644528e+03	1.750000e+01	175	9.130139e-01	8.803328e-01	
1.760000e+01	176	8.094000e+02	1.039151e+03	8610	7.644528e+03	1.760000e+01	176	9.140710e-01	8.803328e-01	
1.770000e+01	177	9.444000e+02	1.039151e+03	7631	7.644528e+03	1.770000e+01	177	8.898710e-01	8.803328e-01	
1.780000e+01	178	1067	1.039151e+03	8226	7.644528e+03	1.780000e+01	178	8.851824e-01	8.803328e-01	
1.790000e+01	179	5.546000e+02	1.039151e+03	7143	7.644528e+03	1.790000e+01	179	9.279516e-01	8.803328e-01	
18	180	-194	1.039151e+03	8406	7.644528e+03	18	180	1.023624e+00	8.803328e-01	
1.810000e+01	181	6.902000e+02	1.039151e+03	8546	7.644528e+03	1.810000e+01	181	9.252723e-01	8.803328e-01	
1.820000e+01	182	1874	1.039151e+03	6319	7.644528e+03	1.820000e+01	182	7.712682e-01	8.803328e-01	
1.830000e+01	183	1737	1.039151e+03	7893	7.644528e+03	1.830000e+01	183	8.196262e-01	8.803328e-01	
1.840000e+01	184	1435	1.039151e+03	8779	7.644528e+03	1.840000e+01	184	8.595066e-01	8.803328e-01	
1.850000e+01	185	1983	1.039151e+03	5851	7.644528e+03	1.850000e+01	185	7.468726e-01	8.803328e-01	
1.860000e+01	186	-383	1.039151e+03	8155	7.644528e+03	1.860000e+01	186	1.049279e+00	8.803328e-01	
1.870000e+01	187	1196	1.039151e+03	8336	7.644528e+03	1.870000e+01	187	8.745279e-01	8.803328e-01	
1.880000e+01	188	3309	3.634288e+03	5058	4.312850e+03	1.880000e+01	188	6.045177e-01	5.426922e-01	
1.890000e+01	189	3940	3.634288e+03	5032	4.312850e+03	1.890000e+01	189	5.608560e-01	5.426922e-01	
19	190	3514	3.634288e+03	4095	4.312850e+03	19	190	5.381785e-01	5.426922e-01	
1.910000e+01	191	4433	3.634288e+03	4329	4.312850e+03	1.910000e+01	191	4.940653e-01	5.426922e-01	
1.920000e+01	192	3871	3.634288e+03	5039	4.312850e+03	1.920000e+01	192	5.655443e-01	5.426922e-01	
1.930000e+01	193	2958	3.634288e+03	3745	4.312850e+03	1.930000e+01	193	5.587051e-01	5.426922e-01	
1.940000e+01	194	4587	3.634288e+03	2750	4.312850e+03	1.940000e+01	194	3.748126e-01	5.426922e-01	
1.950000e+01	195	3829	3.634288e+03	5046	4.312850e+03	1.950000e+01	195	5.685634e-01	5.426922e-01	
1.960000e+01	196	1158	1.039151e+03	8743	7.644528e+03	1.960000e+01	196	8.830421e-01	8.803328e-01	
1.970000e+01	197	1406	1.039151e+03	5639	7.644528e+03	1.970000e+01	197	8.004258e-01	8.803328e-01	
1.980000e+01	198	1544	1.039151e+03	8098	7.644528e+03	1.980000e+01	198	8.398672e-01	8.803328e-01	
1.990000e+01	199	1676	1.039151e+03	5927	7.644528e+03	1.990000e+01	199	7.795607e-01	8.803328e-01	
20	200	5.786000e+02	1.039151e+03	7797	7.644528e+03	20	200	9.309184e-01	8.803328e-01	
2.010000e+01	201	5752	6.786592e+03	3990	7.644528e+03	2.010000e+01	201	4.095668e-01	8.803328e-01	
2.020000e+01	202	6524	6.786592e+03	-8.364000e+01	1.176425e+03	2.020000e+01	202	-1.298685e-02	1.477360e-01	
2.030000e+01	203	6953	6.786592e+03	1093	1.176425e+03	2.030000e+01	203	1.358439e-01	1.477360e-01	
2.040000e+01	204	5270	6.786592e+03	1808	1.176425e+03	2.040000e+01	204	2.554394e-01	1.477360e-01	
2.050000e+01	205	8024	6.786592e+03	1141	1.176425e+03	2.050000e+01	205	1.244954e-01	1.477360e-01	
2.060000e+01	206	8507	6.786592e+03	3025	1.176425e+03	2.060000e+01	206	2.623136e-01	1.477360e-01	
2.070000e+01	207	8188	6.786592e+03	1207	1.176425e+03	2.070000e+01	207	1.284726e-01	1.477360e-01	
2.080000e+01	208	6579	6.786592e+03	735	1.176425e+03	2.080000e+01	208	1.004922e-01	1.477360e-01	
2.090000e+01	209	5279	6.786592e+03	1761	1.176425e+03	2.090000e+01	209	2.501420e-01	1.477360e-01	
21	210	5998	6.786592e+03	2742	1.176425e+03	21	210	3.137300e-01	1.477360e-01	
2.110000e+01	211	6781	6.786592e+03	8.984000e+02	1.176425e+03	2.110000e+01	211	1.169883e-01	1.477360e-01	
2.120000e+01	212	6814	6.786592e+03	1181	1.176425e+03	2.120000e+01	212	1.477173e-01	1.477360e-01	
2.130000e+01	213	7321	6.786592e+03	2100	1.176425e+03	2.130000e+01	213	2.229063e-01	1.477360e-01	
2.140000e+01	214	8035	6.786592e+03	4.785000e+02	1.176425e+03	2.140000e+01	214	5.620485e-02	1.477360e-01	
2.150000e+01	215	4515	6.786592e+03	2541	1.176425e+03	2.150000e+01	215	3.601190e-01	1.477360e-01	
2.160000e+01	216	5817	6.786592e+03	6.379000e+02	1.176425e+03	2.160000e+01	216	9.882415e-02	1.477360e-01	
2.170000e+01	217	4862	3.634288e+03	3.487000e+02	1.176425e+03	2.170000e+01	217	6.691999e-02	1.477360e-01	
2.180000e+01	218	4765	3.634288e+03	4032	4.312850e+03	2.180000e+01	218	4.583381e-01	5.426922e-01	
2.190000e+01	219	3756	3.634288e+03	3832	4.312850e+03	2.190000e+01	219	5.050079e-01	5.426922e-01	
22	220	4147	3.634288e+03	4329	4.312850e+03	22	220	5.107362e-01	5.426922e-01	
2.210000e+01	221	3316	3.634288e+03	3868	4.312850e+03	2.210000e+01	221	5.384187e-01	5.426922e-01	
2.220000e+01	222	3079	3.634288e+03	4012	4.312850e+03	2.220000e+01	222	5.657876e-01	5.426922e-01	
2.230000e+01	223	1837	3.634288e+03	4904	4.312850e+03	2.230000e+01	223	7.274885e-01	5.426922e-01	
2.240000e+01	224	2732	3.634288e+03	3051	4.312850e+03	2.240000e+01	224	5.275808e-01	5.426922e-01	
2.250000e+01	225	3500	3.634288e+03	4715	4.312850e+03	2.250000e+01	225	5.739501e-01	5.426922e-01	
2.260000e+01	226	3112	3.634288e+03	4675	4.312850e+03	2.260000e+01	226	6.003596e-01	5.426922e-01	
2.270000e+01	227	3347	3.634288e+03	5289	4.312850e+03	2.270000e+01	227	6.124363e-01	5.426922e-01	
2.280000e+01	228	4425	3.634288e+03	4453	4.312850e+03	2.280000e+01	228	5.015769e-01	5.426922e-01	
2.290000e+01	229	4545	3.634288e+03	4083	4.312850e+03	2.290000e+01	229	4.732267e-01	5.426922e-01	
23	230	3833	3.634288e+03	3392	4.312850e+03	23	230	4.694810e-01	5.426922e-01	
2.310000e+01	231	3455	3.634288e+03	4811	4.312850e+03	2.310000e+01	231	5.820227e-01	5.426922e-01	
2.320000e+01	232	2839	3.634288e+03	4842	4.312850e+03	2.320000e+01	232	6.303867e-01	5.426922e-01	
2.330000e+01	233	4044	3.634288e+03	4357	4.312850e+03	2.330000e+01	233	5.186287e-01	5.426922e-01	
2.340000e+01	234	5338	3.634288e+03	2613	4.312850e+03	2.340000e+01	234	3.286379e-01	5.426922e-01	
2.350000e+01	235	3570	3.634288e+03	3835	4.312850e+03	2.350000e+01	235	5.178933e-01	5.426922e-01	
2.360000e+01	236	3701	3.634288e+03	4814	4.312850e+03	2.360000e+01	236	5.653553e-01	5.426922e-01	
2.370000e+01	237	1478	3.634288e+03	5586	4.312850e+03	2.370000e+01	237	7.907701e-01	5.426922e-01	
2.380000e+01	238	4043	3.634288e+03	3482	4.312850e+03	2.380000e+01	238	4.627243e-01	5.426922e-01	
2.390000e+01	239	2869	3.634288e+03	4189	4.312850e+03	2.390000e+01	239	5.935109e-01	5.426922e-01	
24	240	4245	3.634288e+03	4416	4.312850e+03	24	240	5.098718e-01	5.426922e-01	
2.410000e+01	241	3786	3.634288e+03	4818	4.312850e+03	2.410000e+01	241	5.599721e-01	5.426922e-01	
2.420000e+01	242	3727	3.634288e+03	3828	4.312850e+03	2.420000e+01	242	5.066843e-01	5.426922e-01	
2.430000e+01	243	2779	3.634288e+03	4153	4.312850e+03	2.430000e+01	243	5.991056e-01	5.426922e-01	
2.440000e+01	244	3299	3.634288e+03	4460	4.312850e+03	2.440000e+01	244	5.748163e-01	5.426922e-01	
2.450000e+01	245	4290	3.634288e+03	3250	4.312850e+03	2.450000e+01	245	4.310345e-01	5.426922e-01	
2.460000e+01	246	3984	3.634288e+03	3655	4.312850e+03	2.460000e+01	246	4.784658e-01	5.426922e-01	
2.470000e+01	247	2812	3.634288e+03	4867	4.312850e+03	2.470000e+01	247	6.338065e-01	5.426922e-01	
2.480000e+01	248	3712	3.634288e+03	5093	4.312850e+03	2.480000e+01	248	5.784214e-01	5.426922e-01	
2.490000e+01	249	3968	3.634288e+03	3877	4.312850e+03	2.490000e+01	249	4.942001e-01	5.426922e-01	
25	250	3309	3.634288e+03	4960	4.312850e+03	25	250	5.998307e-01	5.426922e-01	
2.510000e+01	251	7284	6.786592e+03	1868	1.176425e+03	2.510000e+01	251	2.041084e-01	1.477360e-01	
2.520000e+01	252	8446	6.786592e+03	1266	1.176425e+03	2.520000e+01	252	1.303542e-01	1.477360e-01	
2.530000e+01	253	6099	6.786592e+03	1239	1.176425e+03	2.530000e+01	253	1.688471e-01	1.477360e-01	
2.540000e+01	254	6411	6.786592e+03	1645	1.176425e+03	2.540000e+01	254	2.041956e-01	1.477360e-01	
2.550000e+01	255	9083	6.786592e+03	1471	1.176425e+03	2.550000e+01	255	1.393784e-01	1.477360e-01	
2.560000e+01	256	5574	6.786592e+03	1193	1.176425e+03	2.560000e+01	256	1.762967e-01	1.477360e-01	
2.570000e+01	257	8094	6.786592e+03	6.397000e+02	1.176425e+03	2.570000e+01	257	7.324502e-02	1.477360e-01	
2.580000e+01	258	5681	6.786592e+03	2284	1.176425e+03	2.580000e+01	258	2.867546e-01	1.477360e-01	
2.590000e+01	259	5597	6.786592e+03	2058	1.176425e+03	2.590000e+01	259	2.688439e-01	1.477360e-01	
26	260	7875	6.786592e+03	2198	1.176425e+03	26	260	2.182071e-01	1.477360e-01	
2.610000e+01	261	7844	6.786592e+03	-1.633000e+02	1.176425e+03	2.610000e+01	261	-2.126108e-02	1.477360e-01	
2.620000e+01	262	7480	6.786592e+03	1332	1.176425e+03	2.620000e+01	262	1.511575e-01	1.477360e-01	
2.630000e+01	263	2671	6.786592e+03	5332	1.176425e+03	2.630000e+01	263	6.662502e-01	1.477360e-01	
2.640000e+01	264	2.012000e+02	1.039151e+03	6667	7.644528e+03	2.640000e+01	264	9.707056e-01	8.803328e-01	
2.650000e+01	265	1590	1.039151e+03	7254	7.644528e+03	2.650000e+01	265	8.202171e-01	8.803328e-01	
2.660000e+01	266	1343	1.039151e+03	7957	7.644528e+03	2.660000e+01	266	8.555914e-01	8.803328e-01	
2.670000e+01	267	9.896000e+02	1.039151e+03	8440	7.644528e+03	2.670000e+01	267	8.950539e-01	8.803328e-01	
2.680000e+01	268	1785	1.039151e+03	7228	7.644528e+03	2.680000e+01	268	8.019527e-01	8.803328e-01	
2.690000e+01	269	9.515000e+02	1.039151e+03	8246	7.644528e+03	2.690000e+01	269	8.965480e-01	8.803328e-01	
27	270	1030	1.039151e+03	8414	7.644528e+03	27	270	8.909360e-01	8.803328e-01	
2.710000e+01	271	1190	1.039151e+03	7325	7.644528e+03	2.710000e+01	271	8.602466e-01	8.803328e-01	
2.720000e+01	272	2369	1.039151e+03	7177	7.644528e+03	2.720000e+01	272	7.518332e-01	8.803328e-01	
2.730000e+01	273	1380	1.039151e+03	7661	7.644528e+03	2.730000e+01	273	8.473620e-01	8.803328e-01	
2.740000e+01	274	6.151000e+02	1.039151e+03	7277	7.644528e+03	2.740000e+01	274	9.220613e-01	8.803328e-01	
2.750000e+01	275	1144	1.039151e+03	8294	7.644528e+03	2.750000e+01	275	8.787879e-01	8.803328e-01	
2.760000e+01	276	1545	1.039151e+03	8713	7.644528e+03	2.760000e+01	276	8.493858e-01	8.803328e-01	
2.770000e+01	277	1140	1.039151e+03	7282	7.644528e+03	2.770000e+01	277	8.646402e-01	8.803328e-01	
2.780000e+01	278	1301	1.039151e+03	6530	7.644528e+03	2.780000e+01	278	8.338654e-01	8.803328e-01	
2.790000e+01	279	6.087000e+02	1.039151e+03	8153	7.644528e+03	2.790000e+01	279	9.305272e-01	8.803328e-01	
28	280	2045	1.039151e+03	4449	7.644528e+03	28	280	6.850939e-01	8.803328e-01	
2.810000e+01	281	2.054000e+02	1.039151e+03	6574	7.644528e+03	2.810000e+01	281	9.697023e-01	8.803328e-01	
2.820000e+01	282	531	1.039151e+03	7932	7.644528e+03	2.820000e+01	282	9.372563e-01	8.803328e-01	
2.830000e+01	283	2095	1.039151e+03	6709	7.644528e+03	2.830000e+01	283	7.620400e-01	8.803328e-01	
2.840000e+01	284	1620	1.039151e+03	7250	7.644528e+03	2.840000e+01	284	8.173619e-01	8.803328e-01	
2.850000e+01	285	2015	1.039151e+03	7812	7.644528e+03	2.850000e+01	285	7.949527e-01	8.803328e-01	
2.860000e+01	286	1144	1.039151e+03	7444	7.644528e+03	2.860000e+01	286	8.667909e-01	8.803328e-01	
2.870000e+01	287	6.008000e+02	1.039151e+03	8283	7.644528e+03	2.870000e+01	287	9.323713e-01	8.803328e-01	
2.880000e+01	288	-8.761000e+02	1.039151e+03	9043	7.644528e+03	2.880000e+01	288	1.107274e+00	8.803328e-01	
2.890000e+01	289	1095	1.039151e+03	6327	7.644528e+03	2.890000e+01	289	8.524656e-01	8.803328e-01	
29	290	1.477000e+02	1.039151e+03	8167	7.644528e+03	29	290	9.822363e-01	8.803328e-01	
2.910000e+01	291	1236	1.039151e+03	6425	7.644528e+03	2.910000e+01	291	8.386634e-01	8.803328e-01	
2.920000e+01	292	1973	1.039151e+03	8500	7.644528e+03	2.920000e+01	292	8.116108e-01	8.803328e-01	
2.930000e+01	293	-4.029000e+01	1.039151e+03	6807	7.644528e+03	2.930000e+01	293	1.005954e+00	8.803328e-01	
2.940000e+01	294	-1.463000e+02	1.039151e+03	7644	7.644528e+03	2.940000e+01	294	1.019513e+00	8.803328e-01	
2.950000e+01	295	7.484000e+02	1.039151e+03	5813	7.644528e+03	2.950000e+01	295	8.859390e-01	8.803328e-01	
2.960000e+01	296	-5.998000e+02	1.039151e+03	8524	7.644528e+03	2.960000e+01	296	1.075692e+00	8.803328e-01	
2.970000e+01	297	8.363000e+02	1.039151e+03	8896	7.644528e+03	2.970000e+01	297	9.140696e-01	8.803328e-01	
2.980000e+01	298	1446	1.039151e+03	8417	7.644528e+03	2.980000e+01	298	8.533915e-01	8.803328e-01	
2.990000e+01	299	1022	1.039151e+03	7078	7.644528e+03	2.990000e+01	299	8.738272e-01	8.803328e-01	
30	300	-241	1.039151e+03	7515	7.644528e+03	30	300	1.033132e+00	8.803328e-01	
3.010000e+01	301	1194	1.039151e+03	7334	7.644528e+03	3.010000e+01	301	8.599906e-01	8.803328e-01	
3.020000e+01	302	9.666000e+02	1.039151e+03	7995	7.644528e+03	3.020000e+01	302	8.921398e-01	8.803328e-01	
3.030000e+01	303	1485	1.039151e+03	6517	7.644528e+03	3.030000e+01	303	8.144214e-01	8.803328e-01	
3.040000e+01	304	529	1.039151e+03	7034	7.644528e+03	3.040000e+01	304	9.300542e-01	8.803328e-01	
3.050000e+01	305	1327	1.039151e+03	8303	7.644528e+03	3.050000e+01	305	8.622015e-01	8.803328e-01	
3.060000e+01	306	1837	1.039151e+03	9144	7.644528e+03	3.060000e+01	306	8.327110e-01	8.803328e-01	
3.070000e+01	307	2.671000e+02	1.039151e+03	8766	7.644528e+03	3.070000e+01	307	9.704310e-01	8.803328e-01	
3.080000e+01	308	5.104000e+02	1.039151e+03	6796	7.644528e+03	3.080000e+01	308	9.301434e-01	8.803328e-01	
3.090000e+01	309	3.757000e+02	1.039151e+03	7346	7.644528e+03	3.090000e+01	309	9.513449e-01	8.803328e-01	
31	310	1004	1.039151e+03	6395	7.644528e+03	31	310	8.643060e-01	8.803328e-01	
3.110000e+01	311	1201	1.039151e+03	8809	7.644528e+03	3.110000e+01	311	8.800200e-01	8.803328e-01	
3.120000e+01	312	6.247000e+02	1.039151e+03	6948	7.644528e+03	3.120000e+01	312	9.175063e-01	8.803328e-01	
3.130000e+01	313	1141	1.039151e+03	7586	7.644528e+03	3.130000e+01	313	8.692563e-01	8.803328e-01	
3.140000e+01	314	1088	1.039151e+03	6855	7.644528e+03	3.140000e+01	314	8.630240e-01	8.803328e-01	
3.150000e+01	315	1376	1.039151e+03	9605	7.644528e+03	3.150000e+01	315	8.746927e-01	8.803328e-01	
3.160000e+01	316	1537	1.039151e+03	9029	7.644528e+03	3.160000e+01	316	8.545334e-01	8.803328e-01	
3.170000e+01	317	8.682000e+02	1.039151e+03	7038	7.644528e+03	3.170000e+01	317	8.901874e-01	8.803328e-01	
3.180000e+01	318	1713	1.039151e+03	7447	7.644528e+03	3.180000e+01	318	8.129913e-01	8.803328e-01	
3.190000e+01	319	8.877000e+02	1.039151e+03	9173	7.644528e+03	3.190000e+01	319	9.117656e-01	8.803328e-01	
32	320	9.919000e+02	1.039151e+03	7709	7.644528e+03	32	320	8.860003e-01	8.803328e-01	
3.210000e+01	321	1379	1.039151e+03	7603	7.644528e+03	3.210000e+01	321	8.464707e-01	8.803328e-01	
3.220000e+01	322	1991	1.039151e+03	7125	7.644528e+03	3.220000e+01	322	7.815928e-01	8.803328e-01	
3.230000e+01	323	1.856000e+02	1.039151e+03	8196	7.644528e+03	3.230000e+01	323	9.778563e-01	8.803328e-01	
3.240000e+01	324	1766	1.039151e+03	6079	7.644528e+03	3.240000e+01	324	7.748885e-01	8.803328e-01	
3.250000e+01	325	7387	6.786592e+03	1995	1.176425e+03	3.250000e+01	325	2.126412e-01	1.477360e-01	
3.260000e+01	326	6166	6.786592e+03	7.798000e+02	1.176425e+03	3.260000e+01	326	1.122693e-01	1.477360e-01	
3.270000e+01	327	5796	6.786592e+03	6.911000e+02	1.176425e+03	3.270000e+01	327	1.065345e-01	1.477360e-01	
3.280000e+01	328	7084	6.786592e+03	2.233000e+02	1.176425e+03	3.280000e+01	328	3.055848e-02	1.477360e-01	
3.290000e+01	329	5147	6.786592e+03	1371	1.176425e+03	3.290000e+01	329	2.103406e-01	1.477360e-01	
33	330	7018	6.786592e+03	8.199000e+02	1.176425e+03	33	330	1.046071e-01	1.477360e-01	
3.310000e+01	331	7921	6.786592e+03	1100	1.176425e+03	3.310000e+01	331	1.219377e-01	1.477360e-01	
3.320000e+01	332	7046	6.786592e+03	1374	1.176425e+03	3.320000e+01	332	1.631829e-01	1.477360e-01	
3.330000e+01	333	7150	6.786592e+03	199	1.176425e+03	3.330000e+01	333	2.707851e-02	1.477360e-01	
3.340000e+01	334	6446	6.786592e+03	6.261000e+02	1.176425e+03	3.340000e+01	334	8.853099e-02	1.477360e-01	
3.350000e+01	335	6725	6.786592e+03	1562	1.176425e+03	3.350000e+01	335	1.884880e-01	1.477360e-01	
3.360000e+01	336	5466	6.786592e+03	1162	1.176425e+03	3.360000e+01	336	1.753168e-01	1.477360e-01	
3.370000e+01	337	6290	6.786592e+03	2.877000e+02	1.176425e+03	3.370000e+01	337	4.373869e-02	1.477360e-01	
3.380000e+01	338	5554	6.786592e+03	1061	1.176425e+03	3.380000e+01	338	1.603930e-01	0	
