time at 532nm	frame at 532nm	I_1 at 532nm(counts)	discr.I_1 at 532nm(counts)	I_2 at 532nm(counts)	discr.I_2 at 532nm(counts)	time at 532nm	frame at 532nm	FRET_1>2	discr.FRET_1>2	
1.000000e-01	1	3077	3.087264e+03	4102	3.630447e+03	1.000000e-01	1	5.713888e-01	5.404292e-01	
2.000000e-01	2	2556	3.087264e+03	2798	3.630447e+03	2.000000e-01	2	5.225999e-01	5.404292e-01	
3.000000e-01	3	2844	3.087264e+03	2646	3.630447e+03	3.000000e-01	3	4.819672e-01	5.404292e-01	
4.000000e-01	4	3547	3.087264e+03	3826	3.630447e+03	4.000000e-01	4	5.189204e-01	5.404292e-01	
5.000000e-01	5	2463	3.087264e+03	5187	3.630447e+03	5.000000e-01	5	6.780392e-01	5.404292e-01	
6.000000e-01	6	2999	3.087264e+03	3951	3.630447e+03	6.000000e-01	6	5.684892e-01	5.404292e-01	
7.000000e-01	7	4295	3.087264e+03	3230	3.630447e+03	7.000000e-01	7	4.292359e-01	5.404292e-01	
8.000000e-01	8	3459	3.087264e+03	3058	3.630447e+03	8.000000e-01	8	4.692343e-01	5.404292e-01	
9.000000e-01	9	1859	3.087264e+03	4048	3.630447e+03	9.000000e-01	9	6.852886e-01	5.404292e-01	
1	10	3952	3.087264e+03	4285	3.630447e+03	1	10	5.202137e-01	5.404292e-01	
1.100000e+00	11	3217	3.087264e+03	2857	3.630447e+03	1.100000e+00	11	4.703655e-01	5.404292e-01	
1.200000e+00	12	2952	3.087264e+03	3792	3.630447e+03	1.200000e+00	12	5.622776e-01	5.404292e-01	
1.300000e+00	13	2704	3.087264e+03	5948	5.790361e+03	1.300000e+00	13	6.874711e-01	5.404292e-01	
1.400000e+00	14	4001	3.087264e+03	4635	5.790361e+03	1.400000e+00	14	5.367068e-01	5.404292e-01	
1.500000e+00	15	1476	7.480666e+02	3994	5.790361e+03	1.500000e+00	15	7.301645e-01	5.404292e-01	
1.600000e+00	16	5.306000e+02	7.480666e+02	6218	5.790361e+03	1.600000e+00	16	9.213763e-01	5.404292e-01	
1.700000e+00	17	1545	7.480666e+02	5018	5.790361e+03	1.700000e+00	17	7.645894e-01	5.404292e-01	
1.800000e+00	18	4.796000e+02	7.480666e+02	4780	5.790361e+03	1.800000e+00	18	9.088144e-01	5.404292e-01	
1.900000e+00	19	1.778000e+02	7.480666e+02	5645	5.790361e+03	1.900000e+00	19	9.694649e-01	5.404292e-01	
2	20	9.205000e+02	7.480666e+02	5712	5.790361e+03	2	20	8.612137e-01	5.404292e-01	
2.100000e+00	21	8.653000e+02	7.480666e+02	6402	5.790361e+03	2.100000e+00	21	8.809324e-01	5.404292e-01	
2.200000e+00	22	6.621000e+02	7.480666e+02	5352	5.790361e+03	2.200000e+00	22	8.899087e-01	5.404292e-01	
2.300000e+00	23	758	7.480666e+02	5206	5.790361e+03	2.300000e+00	23	8.729041e-01	5.404292e-01	
2.400000e+00	24	682	7.480666e+02	5339	5.790361e+03	2.400000e+00	24	8.867298e-01	5.404292e-01	
2.500000e+00	25	2.233000e+01	7.480666e+02	6085	5.790361e+03	2.500000e+00	25	9.963437e-01	5.404292e-01	
2.600000e+00	26	-1.289000e+02	7.480666e+02	7308	5.790361e+03	2.600000e+00	26	1.017955e+00	5.404292e-01	
2.700000e+00	27	1186	7.480666e+02	5670	5.790361e+03	2.700000e+00	27	8.270128e-01	5.404292e-01	
2.800000e+00	28	516	7.480666e+02	4671	5.790361e+03	2.800000e+00	28	9.005205e-01	5.404292e-01	
2.900000e+00	29	4.913000e+02	7.480666e+02	5650	5.790361e+03	2.900000e+00	29	9.200007e-01	5.404292e-01	
3	30	-8.646000e+00	7.480666e+02	4789	5.790361e+03	3	30	1.001809e+00	5.404292e-01	
3.100000e+00	31	3.118000e+02	7.480666e+02	5658	5.790361e+03	3.100000e+00	31	9.477704e-01	5.404292e-01	
3.200000e+00	32	4.181000e+02	7.480666e+02	5072	5.790361e+03	3.200000e+00	32	9.238447e-01	5.404292e-01	
3.300000e+00	33	1473	7.480666e+02	6937	5.790361e+03	3.300000e+00	33	8.248514e-01	5.404292e-01	
3.400000e+00	34	1798	7.480666e+02	5420	5.790361e+03	3.400000e+00	34	7.509005e-01	5.404292e-01	
3.500000e+00	35	8.481000e+02	7.480666e+02	5919	5.790361e+03	3.500000e+00	35	8.746731e-01	5.404292e-01	
3.600000e+00	36	4.992000e+02	7.480666e+02	6008	5.790361e+03	3.600000e+00	36	9.232850e-01	5.404292e-01	
3.700000e+00	37	4.513000e+02	7.480666e+02	7400	5.790361e+03	3.700000e+00	37	9.425191e-01	5.404292e-01	
3.800000e+00	38	-2.634000e+02	7.480666e+02	5727	5.790361e+03	3.800000e+00	38	1.048210e+00	5.404292e-01	
3.900000e+00	39	3.703000e+02	7.480666e+02	5597	5.790361e+03	3.900000e+00	39	9.379451e-01	5.404292e-01	
4	40	9.146000e+02	7.480666e+02	6203	5.790361e+03	4	40	8.715016e-01	5.404292e-01	
4.100000e+00	41	1.222000e+02	7.480666e+02	6749	5.790361e+03	4.100000e+00	41	9.822156e-01	5.404292e-01	
4.200000e+00	42	-2.884000e+02	7.480666e+02	5451	5.790361e+03	4.200000e+00	42	1.055863e+00	5.404292e-01	
4.300000e+00	43	-3.214000e+02	7.480666e+02	5685	5.790361e+03	4.300000e+00	43	1.059922e+00	5.404292e-01	
4.400000e+00	44	9.583000e+02	7.480666e+02	7109	5.790361e+03	4.400000e+00	44	8.812118e-01	5.404292e-01	
4.500000e+00	45	-314	7.480666e+02	5888	5.790361e+03	4.500000e+00	45	1.056333e+00	5.404292e-01	
4.600000e+00	46	6.975000e+02	7.480666e+02	5043	5.790361e+03	4.600000e+00	46	8.784949e-01	5.404292e-01	
4.700000e+00	47	-1.273000e+02	7.480666e+02	5790	5.790361e+03	4.700000e+00	47	1.022480e+00	5.404292e-01	
4.800000e+00	48	7.611000e+02	7.480666e+02	7176	5.790361e+03	4.800000e+00	48	9.041086e-01	5.404292e-01	
4.900000e+00	49	3.984000e+02	7.480666e+02	4888	5.790361e+03	4.900000e+00	49	9.246368e-01	5.404292e-01	
5	50	1523	7.480666e+02	5027	5.790361e+03	5	50	7.674809e-01	5.404292e-01	
5.100000e+00	51	2.677000e+02	7.480666e+02	6475	5.790361e+03	5.100000e+00	51	9.602978e-01	5.404292e-01	
5.200000e+00	52	8.401000e+02	7.480666e+02	6381	5.790361e+03	5.200000e+00	52	8.836604e-01	5.404292e-01	
5.300000e+00	53	6.334000e+02	7.480666e+02	6625	5.790361e+03	5.300000e+00	53	9.127356e-01	5.404292e-01	
5.400000e+00	54	1022	7.480666e+02	5193	5.790361e+03	5.400000e+00	54	8.355591e-01	5.404292e-01	
5.500000e+00	55	2.449000e+02	7.480666e+02	5865	5.790361e+03	5.500000e+00	55	9.599175e-01	5.404292e-01	
5.600000e+00	56	2.763000e+02	7.480666e+02	5007	5.790361e+03	5.600000e+00	56	9.477031e-01	5.404292e-01	
5.700000e+00	57	7.385000e+02	7.480666e+02	5422	5.790361e+03	5.700000e+00	57	8.801234e-01	5.404292e-01	
5.800000e+00	58	1501	7.480666e+02	5256	5.790361e+03	5.800000e+00	58	7.778600e-01	5.404292e-01	
5.900000e+00	59	8.592000e+02	7.480666e+02	6372	5.790361e+03	5.900000e+00	59	8.811815e-01	5.404292e-01	
6	60	8.226000e+02	7.480666e+02	6501	5.790361e+03	6	60	8.876782e-01	5.404292e-01	
6.100000e+00	61	7.314000e+02	7.480666e+02	6930	5.790361e+03	6.100000e+00	61	9.045344e-01	5.404292e-01	
6.200000e+00	62	7.012000e+02	7.480666e+02	5204	5.790361e+03	6.200000e+00	62	8.812572e-01	5.404292e-01	
6.300000e+00	63	5.961000e+02	7.480666e+02	5411	5.790361e+03	6.300000e+00	63	9.007674e-01	5.404292e-01	
6.400000e+00	64	9.053000e+02	7.480666e+02	6005	5.790361e+03	6.400000e+00	64	8.689927e-01	5.404292e-01	
6.500000e+00	65	-4.924000e+02	7.480666e+02	6425	5.790361e+03	6.500000e+00	65	1.082999e+00	5.404292e-01	
6.600000e+00	66	1098	7.480666e+02	5312	5.790361e+03	6.600000e+00	66	8.287051e-01	5.404292e-01	
6.700000e+00	67	1676	7.480666e+02	5946	5.790361e+03	6.700000e+00	67	7.801102e-01	5.404292e-01	
6.800000e+00	68	1679	7.480666e+02	5888	5.790361e+03	6.800000e+00	68	7.781155e-01	5.404292e-01	
6.900000e+00	69	7.661000e+02	7.480666e+02	6600	5.790361e+03	6.900000e+00	69	8.959965e-01	5.404292e-01	
7	70	1187	7.480666e+02	4961	5.790361e+03	7	70	8.069291e-01	5.404292e-01	
7.100000e+00	71	2.591000e+02	7.480666e+02	6076	5.790361e+03	7.100000e+00	71	9.591009e-01	5.404292e-01	
7.200000e+00	72	8.224000e+02	7.480666e+02	4938	5.790361e+03	7.200000e+00	72	8.572321e-01	5.404292e-01	
7.300000e+00	73	3591	3.087264e+03	4280	3.630447e+03	7.300000e+00	73	5.437683e-01	5.404292e-01	
7.400000e+00	74	3557	3.087264e+03	3897	3.630447e+03	7.400000e+00	74	5.228065e-01	5.404292e-01	
7.500000e+00	75	2574	3.087264e+03	3878	3.630447e+03	7.500000e+00	75	6.010539e-01	5.404292e-01	
7.600000e+00	76	2175	3.087264e+03	5338	5.790361e+03	7.600000e+00	76	7.105018e-01	5.404292e-01	
7.700000e+00	77	2126	3.087264e+03	5359	5.790361e+03	7.700000e+00	77	7.159653e-01	5.404292e-01	
7.800000e+00	78	7.099000e+01	7.480666e+02	6138	5.790361e+03	7.800000e+00	78	9.885666e-01	5.404292e-01	
7.900000e+00	79	3.791000e+02	7.480666e+02	5998	5.790361e+03	7.900000e+00	79	9.405529e-01	5.404292e-01	
8	80	-6.167000e+00	7.480666e+02	5715	5.790361e+03	8	80	1.001080e+00	5.404292e-01	
8.100000e+00	81	1487	7.480666e+02	4575	3.630447e+03	8.100000e+00	81	7.547014e-01	5.404292e-01	
8.200000e+00	82	3682	3.087264e+03	2506	3.630447e+03	8.200000e+00	82	4.049774e-01	5.404292e-01	
8.300000e+00	83	3370	3.087264e+03	3470	3.630447e+03	8.300000e+00	83	5.073099e-01	5.404292e-01	
8.400000e+00	84	1361	3.087264e+03	4266	3.630447e+03	8.400000e+00	84	7.581304e-01	5.404292e-01	
8.500000e+00	85	1981	3.087264e+03	3377	3.630447e+03	8.500000e+00	85	6.302725e-01	5.404292e-01	
8.600000e+00	86	3097	3.087264e+03	4474	3.630447e+03	8.600000e+00	86	5.909391e-01	5.404292e-01	
8.700000e+00	87	1396	7.480666e+02	5090	5.790361e+03	8.700000e+00	87	7.847672e-01	8.855892e-01	
8.800000e+00	88	1021	7.480666e+02	5746	5.790361e+03	8.800000e+00	88	8.491207e-01	8.855892e-01	
8.900000e+00	89	2.261000e+02	7.480666e+02	5772	5.790361e+03	8.900000e+00	89	9.623047e-01	8.855892e-01	
9	90	1110	7.480666e+02	6400	5.790361e+03	9	90	8.521971e-01	8.855892e-01	
9.100000e+00	91	2.124000e+02	7.480666e+02	5249	5.790361e+03	9.100000e+00	91	9.611089e-01	8.855892e-01	
9.200000e+00	92	5.716000e+02	7.480666e+02	5493	5.790361e+03	9.200000e+00	92	9.057481e-01	8.855892e-01	
9.300000e+00	93	7.196000e+02	7.480666e+02	6967	5.790361e+03	9.300000e+00	93	9.063825e-01	8.855892e-01	
9.400000e+00	94	-5.923000e+02	7.480666e+02	5816	5.790361e+03	9.400000e+00	94	1.113387e+00	8.855892e-01	
9.500000e+00	95	1.569000e+02	7.480666e+02	6212	5.790361e+03	9.500000e+00	95	9.753647e-01	8.855892e-01	
9.600000e+00	96	1062	7.480666e+02	5029	5.790361e+03	9.600000e+00	96	8.256444e-01	8.855892e-01	
9.700000e+00	97	1134	7.480666e+02	5200	5.790361e+03	9.700000e+00	97	8.209662e-01	8.855892e-01	
9.800000e+00	98	7.709000e+02	7.480666e+02	5945	5.790361e+03	9.800000e+00	98	8.852127e-01	8.855892e-01	
9.900000e+00	99	6.005000e+02	7.480666e+02	5097	5.790361e+03	9.900000e+00	99	8.946029e-01	8.855892e-01	
10	100	7.879000e+02	7.480666e+02	5911	5.790361e+03	10	100	8.823837e-01	8.855892e-01	
1.010000e+01	101	9.153000e+01	7.480666e+02	7736	5.790361e+03	1.010000e+01	101	9.883067e-01	8.855892e-01	
1.020000e+01	102	1635	7.480666e+02	6273	5.790361e+03	1.020000e+01	102	7.932473e-01	8.855892e-01	
1.030000e+01	103	1273	7.480666e+02	6011	5.790361e+03	1.030000e+01	103	8.252334e-01	8.855892e-01	
1.040000e+01	104	1382	7.480666e+02	5156	5.790361e+03	1.040000e+01	104	7.886204e-01	8.855892e-01	
1.050000e+01	105	-204	7.480666e+02	6366	5.790361e+03	1.050000e+01	105	1.033106e+00	8.855892e-01	
1.060000e+01	106	7.196000e+02	7.480666e+02	6299	5.790361e+03	1.060000e+01	106	8.974724e-01	8.855892e-01	
1.070000e+01	107	1001	7.480666e+02	5581	5.790361e+03	1.070000e+01	107	8.479186e-01	8.855892e-01	
1.080000e+01	108	8.981000e+02	7.480666e+02	6799	5.790361e+03	1.080000e+01	108	8.833197e-01	8.855892e-01	
1.090000e+01	109	3.663000e+01	7.480666e+02	5904	5.790361e+03	1.090000e+01	109	9.938340e-01	8.855892e-01	
11	110	3.824000e+02	7.480666e+02	6691	5.790361e+03	11	110	9.459383e-01	8.855892e-01	
1.110000e+01	111	6.925000e+02	7.480666e+02	5157	5.790361e+03	1.110000e+01	111	8.816138e-01	8.855892e-01	
1.120000e+01	112	1186	7.480666e+02	5722	5.790361e+03	1.120000e+01	112	8.283150e-01	8.855892e-01	
1.130000e+01	113	1051	7.480666e+02	5635	5.790361e+03	1.130000e+01	113	8.428059e-01	8.855892e-01	
1.140000e+01	114	1477	7.480666e+02	5730	5.790361e+03	1.140000e+01	114	7.950604e-01	8.855892e-01	
1.150000e+01	115	-4.741000e+01	7.480666e+02	5719	5.790361e+03	1.150000e+01	115	1.008359e+00	8.855892e-01	
1.160000e+01	116	1081	7.480666e+02	4423	5.790361e+03	1.160000e+01	116	8.035974e-01	8.855892e-01	
1.170000e+01	117	1091	7.480666e+02	5806	5.790361e+03	1.170000e+01	117	8.418153e-01	8.855892e-01	
1.180000e+01	118	8.585000e+02	7.480666e+02	6587	5.790361e+03	1.180000e+01	118	8.846955e-01	8.855892e-01	
1.190000e+01	119	7.208000e+02	7.480666e+02	5399	5.790361e+03	1.190000e+01	119	8.822184e-01	8.855892e-01	
12	120	1753	7.480666e+02	6678	5.790361e+03	12	120	7.920769e-01	8.855892e-01	
1.210000e+01	121	1572	7.480666e+02	7126	5.790361e+03	1.210000e+01	121	8.192688e-01	8.855892e-01	
1.220000e+01	122	3.347000e+01	7.480666e+02	6083	5.790361e+03	1.220000e+01	122	9.945279e-01	8.855892e-01	
1.230000e+01	123	7.822000e+02	7.480666e+02	5923	5.790361e+03	1.230000e+01	123	8.833443e-01	8.855892e-01	
1.240000e+01	124	1683	7.480666e+02	6140	5.790361e+03	1.240000e+01	124	7.848651e-01	8.855892e-01	
1.250000e+01	125	5230	5.994403e+03	1692	7.689291e+02	1.250000e+01	125	2.444380e-01	1.136909e-01	
1.260000e+01	126	7817	5.994403e+03	1413	7.689291e+02	1.260000e+01	126	1.530878e-01	1.136909e-01	
1.270000e+01	127	5856	5.994403e+03	3.771000e+02	7.689291e+02	1.270000e+01	127	6.049959e-02	1.136909e-01	
1.280000e+01	128	6923	5.994403e+03	1419	7.689291e+02	1.280000e+01	128	1.701031e-01	1.136909e-01	
1.290000e+01	129	5826	5.994403e+03	3.899000e+02	7.689291e+02	1.290000e+01	129	6.272623e-02	1.136909e-01	
13	130	5284	5.994403e+03	6.805000e+02	7.689291e+02	13	130	1.140917e-01	1.136909e-01	
1.310000e+01	131	6633	5.994403e+03	109	7.689291e+02	1.310000e+01	131	1.616731e-02	1.136909e-01	
1.320000e+01	132	8014	5.994403e+03	1.201000e+00	7.689291e+02	1.320000e+01	132	1.498403e-04	1.136909e-01	
1.330000e+01	133	5138	5.994403e+03	1724	7.689291e+02	1.330000e+01	133	2.512387e-01	1.136909e-01	
1.340000e+01	134	5313	5.994403e+03	-1.347000e+02	7.689291e+02	1.340000e+01	134	-2.601240e-02	1.136909e-01	
1.350000e+01	135	5490	5.994403e+03	6.632000e+00	7.689291e+02	1.350000e+01	135	1.206557e-03	1.136909e-01	
1.360000e+01	136	5218	5.994403e+03	7.508000e+02	7.689291e+02	1.360000e+01	136	1.257874e-01	1.136909e-01	
1.370000e+01	137	4943	5.994403e+03	5.033000e+02	7.689291e+02	1.370000e+01	137	9.241136e-02	1.136909e-01	
1.380000e+01	138	7988	5.994403e+03	1298	7.689291e+02	1.380000e+01	138	1.397803e-01	1.136909e-01	
1.390000e+01	139	4420	5.994403e+03	1349	7.689291e+02	1.390000e+01	139	2.338360e-01	1.136909e-01	
14	140	5230	5.994403e+03	499	7.689291e+02	14	140	8.710072e-02	1.136909e-01	
1.410000e+01	141	2646	5.994403e+03	3796	5.790361e+03	1.410000e+01	141	5.892580e-01	1.136909e-01	
1.420000e+01	142	1166	7.480666e+02	6831	5.790361e+03	1.420000e+01	142	8.541953e-01	8.855892e-01	
1.430000e+01	143	3.955000e+02	7.480666e+02	6503	5.790361e+03	1.430000e+01	143	9.426687e-01	8.855892e-01	
1.440000e+01	144	1295	7.480666e+02	6770	5.790361e+03	1.440000e+01	144	8.394296e-01	8.855892e-01	
1.450000e+01	145	-2.673000e+02	7.480666e+02	5190	5.790361e+03	1.450000e+01	145	1.054299e+00	8.855892e-01	
1.460000e+01	146	-9.723000e+02	7.480666e+02	4259	5.790361e+03	1.460000e+01	146	1.295829e+00	8.855892e-01	
1.470000e+01	147	1082	7.480666e+02	7075	5.790361e+03	1.470000e+01	147	8.673532e-01	8.855892e-01	
1.480000e+01	148	1.497000e+02	7.480666e+02	7113	5.790361e+03	1.480000e+01	148	9.793878e-01	8.855892e-01	
1.490000e+01	149	7.616000e+02	7.480666e+02	6724	5.790361e+03	1.490000e+01	149	8.982580e-01	8.855892e-01	
15	150	1170	7.480666e+02	6204	5.790361e+03	15	150	8.413344e-01	8.855892e-01	
1.510000e+01	151	1169	7.480666e+02	5565	5.790361e+03	1.510000e+01	151	8.264033e-01	8.855892e-01	
1.520000e+01	152	-7.031000e+02	7.480666e+02	4795	5.790361e+03	1.520000e+01	152	1.171827e+00	8.855892e-01	
1.530000e+01	153	843	7.480666e+02	5009	5.790361e+03	1.530000e+01	153	8.559467e-01	8.855892e-01	
1.540000e+01	154	1415	7.480666e+02	6940	5.790361e+03	1.540000e+01	154	8.306403e-01	8.855892e-01	
1.550000e+01	155	1297	7.480666e+02	5461	5.790361e+03	1.550000e+01	155	8.080793e-01	8.855892e-01	
1.560000e+01	156	7.821000e+02	7.480666e+02	6218	5.790361e+03	1.560000e+01	156	8.882730e-01	8.855892e-01	
1.570000e+01	157	1046	7.480666e+02	4574	5.790361e+03	1.570000e+01	157	8.138790e-01	8.855892e-01	
1.580000e+01	158	6.384000e+02	7.480666e+02	6892	5.790361e+03	1.580000e+01	158	9.152236e-01	8.855892e-01	
1.590000e+01	159	1043	7.480666e+02	6924	5.790361e+03	1.590000e+01	159	8.690850e-01	8.855892e-01	
16	160	512	7.480666e+02	6464	5.790361e+03	16	160	9.266055e-01	8.855892e-01	
1.610000e+01	161	5.089000e+02	7.480666e+02	4906	5.790361e+03	1.610000e+01	161	9.060186e-01	8.855892e-01	
1.620000e+01	162	945	7.480666e+02	4042	5.790361e+03	1.620000e+01	162	8.105073e-01	8.855892e-01	
1.630000e+01	163	873	7.480666e+02	6266	5.790361e+03	1.630000e+01	163	8.777140e-01	8.855892e-01	
1.640000e+01	164	657	7.480666e+02	6481	5.790361e+03	1.640000e+01	164	9.079574e-01	8.855892e-01	
1.650000e+01	165	5.848000e+02	7.480666e+02	4212	5.790361e+03	1.650000e+01	165	8.780854e-01	8.855892e-01	
1.660000e+01	166	1147	7.480666e+02	5429	5.790361e+03	1.660000e+01	166	8.255779e-01	8.855892e-01	
1.670000e+01	167	5.936000e+02	7.480666e+02	4673	5.790361e+03	1.670000e+01	167	8.872897e-01	8.855892e-01	
1.680000e+01	168	3.698000e+02	7.480666e+02	7398	5.790361e+03	1.680000e+01	168	9.523932e-01	8.855892e-01	
1.690000e+01	169	4.069000e+02	7.480666e+02	5223	5.790361e+03	1.690000e+01	169	9.277252e-01	8.855892e-01	
17	170	4.277000e+02	7.480666e+02	6784	5.790361e+03	17	170	9.406936e-01	8.855892e-01	
1.710000e+01	171	1284	7.480666e+02	5660	5.790361e+03	1.710000e+01	171	8.150922e-01	8.855892e-01	
1.720000e+01	172	9.194000e+02	7.480666e+02	5988	5.790361e+03	1.720000e+01	172	8.668964e-01	8.855892e-01	
1.730000e+01	173	2.437000e+02	7.480666e+02	6091	5.790361e+03	1.730000e+01	173	9.615294e-01	8.855892e-01	
1.740000e+01	174	-3.231000e+01	7.480666e+02	5857	5.790361e+03	1.740000e+01	174	1.005547e+00	8.855892e-01	
1.750000e+01	175	5.517000e+01	7.480666e+02	5234	5.790361e+03	1.750000e+01	175	9.895693e-01	8.855892e-01	
1.760000e+01	176	1341	7.480666e+02	4399	3.630447e+03	1.760000e+01	176	7.663763e-01	8.855892e-01	
1.770000e+01	177	4375	3.087264e+03	2189	3.630447e+03	1.770000e+01	177	3.334857e-01	5.404292e-01	
1.780000e+01	178	3271	3.087264e+03	3569	3.630447e+03	1.780000e+01	178	5.217836e-01	5.404292e-01	
1.790000e+01	179	3454	3.087264e+03	3689	3.630447e+03	1.790000e+01	179	5.164497e-01	5.404292e-01	
18	180	5303	3.087264e+03	4015	3.630447e+03	18	180	4.308865e-01	5.404292e-01	
1.810000e+01	181	3447	3.087264e+03	2832	3.630447e+03	1.810000e+01	181	4.510272e-01	5.404292e-01	
1.820000e+01	182	4119	3.087264e+03	2118	7.689291e+02	1.820000e+01	182	3.395863e-01	5.404292e-01	
1.830000e+01	183	5780	5.994403e+03	-6.403000e+01	7.689291e+02	1.830000e+01	183	-1.120195e-02	1.136909e-01	
1.840000e+01	184	5810	5.994403e+03	3.431000e+02	7.689291e+02	1.840000e+01	184	5.576051e-02	1.136909e-01	
1.850000e+01	185	7101	5.994403e+03	3.146000e+02	7.689291e+02	1.850000e+01	185	4.242408e-02	1.136909e-01	
1.860000e+01	186	5915	5.994403e+03	1014	7.689291e+02	1.860000e+01	186	1.463415e-01	1.136909e-01	
1.870000e+01	187	6392	5.994403e+03	5.713000e+02	7.689291e+02	1.870000e+01	187	8.204443e-02	1.136909e-01	
1.880000e+01	188	6431	5.994403e+03	1500	7.689291e+02	1.880000e+01	188	1.891313e-01	1.136909e-01	
1.890000e+01	189	6804	5.994403e+03	4.291000e+02	7.689291e+02	1.890000e+01	189	5.932449e-02	1.136909e-01	
19	190	4199	5.994403e+03	1486	7.689291e+02	19	190	2.613896e-01	1.136909e-01	
1.910000e+01	191	7778	5.994403e+03	8.536000e+02	7.689291e+02	1.910000e+01	191	9.889244e-02	1.136909e-01	
1.920000e+01	192	6842	5.994403e+03	1176	7.689291e+02	1.920000e+01	192	1.466700e-01	1.136909e-01	
1.930000e+01	193	6140	5.994403e+03	1024	7.689291e+02	1.930000e+01	193	1.429369e-01	1.136909e-01	
1.940000e+01	194	7117	5.994403e+03	983	7.689291e+02	1.940000e+01	194	1.213580e-01	1.136909e-01	
1.950000e+01	195	6486	5.994403e+03	9.029000e+02	7.689291e+02	1.950000e+01	195	1.221968e-01	1.136909e-01	
1.960000e+01	196	5092	5.994403e+03	1.622000e+02	7.689291e+02	1.960000e+01	196	3.087054e-02	1.136909e-01	
1.970000e+01	197	5981	5.994403e+03	6.668000e+02	7.689291e+02	1.970000e+01	197	1.003039e-01	1.136909e-01	
1.980000e+01	198	4621	5.994403e+03	2292	7.689291e+02	1.980000e+01	198	3.315493e-01	1.136909e-01	
1.990000e+01	199	6487	5.994403e+03	8.349000e+02	7.689291e+02	1.990000e+01	199	1.140278e-01	1.136909e-01	
20	200	6320	5.994403e+03	8.064000e+02	7.689291e+02	20	200	1.131567e-01	1.136909e-01	
2.010000e+01	201	5326	5.994403e+03	9.066000e+02	7.689291e+02	2.010000e+01	201	1.454610e-01	1.136909e-01	
2.020000e+01	202	5328	5.994403e+03	1253	7.689291e+02	2.020000e+01	202	1.903966e-01	1.136909e-01	
2.030000e+01	203	5600	5.994403e+03	4.376000e+01	7.689291e+02	2.030000e+01	203	7.753696e-03	1.136909e-01	
2.040000e+01	204	7171	5.994403e+03	1136	7.689291e+02	2.040000e+01	204	1.367521e-01	1.136909e-01	
2.050000e+01	205	4609	5.994403e+03	1709	7.689291e+02	2.050000e+01	205	2.704970e-01	1.136909e-01	
2.060000e+01	206	5491	5.994403e+03	5.504000e+02	7.689291e+02	2.060000e+01	206	9.110471e-02	1.136909e-01	
2.070000e+01	207	6077	5.994403e+03	3.053000e+02	7.689291e+02	2.070000e+01	207	4.783542e-02	1.136909e-01	
2.080000e+01	208	7079	5.994403e+03	3.024000e+02	7.689291e+02	2.080000e+01	208	4.096784e-02	1.136909e-01	
2.090000e+01	209	7452	5.994403e+03	9.687000e+01	7.689291e+02	2.090000e+01	209	1.283238e-02	1.136909e-01	
21	210	6800	5.994403e+03	364	7.689291e+02	21	210	5.080960e-02	1.136909e-01	
2.110000e+01	211	5815	5.994403e+03	1713	7.689291e+02	2.110000e+01	211	2.275505e-01	1.136909e-01	
2.120000e+01	212	6126	5.994403e+03	-1.622000e+02	7.689291e+02	2.120000e+01	212	-2.719742e-02	1.136909e-01	
2.130000e+01	213	5931	5.994403e+03	3.839000e+02	7.689291e+02	2.130000e+01	213	6.079273e-02	1.136909e-01	
2.140000e+01	214	4661	5.994403e+03	2862	3.630447e+03	2.140000e+01	214	3.804333e-01	1.136909e-01	
2.150000e+01	215	2750	3.087264e+03	3161	3.630447e+03	2.150000e+01	215	5.347657e-01	5.404292e-01	
2.160000e+01	216	2863	3.087264e+03	3416	3.630447e+03	2.160000e+01	216	5.440357e-01	5.404292e-01	
2.170000e+01	217	3859	3.087264e+03	4544	3.630447e+03	2.170000e+01	217	5.407593e-01	5.404292e-01	
2.180000e+01	218	1975	3.087264e+03	5701	5.790361e+03	2.180000e+01	218	7.427045e-01	5.404292e-01	
2.190000e+01	219	1.545000e+02	7.480666e+02	4435	5.790361e+03	2.190000e+01	219	9.663362e-01	8.855892e-01	
22	220	1282	7.480666e+02	7704	5.790361e+03	22	220	8.573336e-01	8.855892e-01	
2.210000e+01	221	6.904000e+02	7.480666e+02	5785	5.790361e+03	2.210000e+01	221	8.933811e-01	8.855892e-01	
2.220000e+01	222	-5.076000e+01	7.480666e+02	4630	5.790361e+03	2.220000e+01	222	1.011085e+00	8.855892e-01	
2.230000e+01	223	2478	3.087264e+03	6216	5.790361e+03	2.230000e+01	223	7.149758e-01	8.855892e-01	
2.240000e+01	224	4192	3.087264e+03	3161	3.630447e+03	2.240000e+01	224	4.298926e-01	5.404292e-01	
2.250000e+01	225	3967	3.087264e+03	3197	3.630447e+03	2.250000e+01	225	4.462591e-01	5.404292e-01	
2.260000e+01	226	2336	3.087264e+03	3916	3.630447e+03	2.260000e+01	226	6.263596e-01	5.404292e-01	
2.270000e+01	227	4631	3.087264e+03	3238	3.630447e+03	2.270000e+01	227	4.114881e-01	5.404292e-01	
2.280000e+01	228	3947	3.087264e+03	3173	3.630447e+03	2.280000e+01	228	4.456461e-01	5.404292e-01	
2.290000e+01	229	1220	7.480666e+02	4669	5.790361e+03	2.290000e+01	229	7.928341e-01	8.855892e-01	
23	230	3.602000e+02	7.480666e+02	6177	5.790361e+03	23	230	9.449000e-01	8.855892e-01	
2.310000e+01	231	7.809000e+02	7.480666e+02	5255	5.790361e+03	2.310000e+01	231	8.706241e-01	8.855892e-01	
2.320000e+01	232	9.066000e+02	7.480666e+02	5322	5.790361e+03	2.320000e+01	232	8.544456e-01	8.855892e-01	
2.330000e+01	233	9.959000e+02	7.480666e+02	6601	5.790361e+03	2.330000e+01	233	8.689071e-01	8.855892e-01	
2.340000e+01	234	4.003000e+02	7.480666e+02	6025	5.790361e+03	2.340000e+01	234	9.376994e-01	8.855892e-01	
2.350000e+01	235	1542	7.480666e+02	7383	5.790361e+03	2.350000e+01	235	8.272269e-01	8.855892e-01	
2.360000e+01	236	3.222000e+02	7.480666e+02	5903	5.790361e+03	2.360000e+01	236	9.482426e-01	8.855892e-01	
2.370000e+01	237	8.403000e+02	7.480666e+02	7339	5.790361e+03	2.370000e+01	237	8.972650e-01	8.855892e-01	
2.380000e+01	238	7.092000e+02	7.480666e+02	5558	5.790361e+03	2.380000e+01	238	8.868394e-01	8.855892e-01	
2.390000e+01	239	9.674000e+02	7.480666e+02	5232	5.790361e+03	2.390000e+01	239	8.439526e-01	8.855892e-01	
24	240	2204	7.480666e+02	6777	5.790361e+03	24	240	7.545930e-01	8.855892e-01	
2.410000e+01	241	1144	7.480666e+02	7838	5.790361e+03	2.410000e+01	241	8.726342e-01	8.855892e-01	
2.420000e+01	242	1628	7.480666e+02	5889	5.790361e+03	2.420000e+01	242	7.834242e-01	8.855892e-01	
2.430000e+01	243	1287	7.480666e+02	5952	5.790361e+03	2.430000e+01	243	8.222130e-01	8.855892e-01	
2.440000e+01	244	3.692000e+02	7.480666e+02	6117	5.790361e+03	2.440000e+01	244	9.430792e-01	8.855892e-01	
2.450000e+01	245	7.471000e+02	7.480666e+02	5360	5.790361e+03	2.450000e+01	245	8.776670e-01	8.855892e-01	
2.460000e+01	246	1455	7.480666e+02	5499	5.790361e+03	2.460000e+01	246	7.907679e-01	8.855892e-01	
2.470000e+01	247	1.854000e+02	7.480666e+02	6304	5.790361e+03	2.470000e+01	247	9.714303e-01	8.855892e-01	
2.480000e+01	248	9.649000e+02	7.480666e+02	5402	5.790361e+03	2.480000e+01	248	8.484506e-01	8.855892e-01	
2.490000e+01	249	8.415000e+02	7.480666e+02	6755	5.790361e+03	2.490000e+01	249	8.892253e-01	8.855892e-01	
25	250	1408	7.480666e+02	6336	5.790361e+03	25	250	8.181818e-01	8.855892e-01	
2.510000e+01	251	8.708000e+02	7.480666e+02	4917	5.790361e+03	2.510000e+01	251	8.495456e-01	8.855892e-01	
2.520000e+01	252	1.853000e+02	7.480666e+02	5754	5.790361e+03	2.520000e+01	252	9.688010e-01	8.855892e-01	
2.530000e+01	253	1244	7.480666e+02	6890	5.790361e+03	2.530000e+01	253	8.470617e-01	8.855892e-01	
2.540000e+01	254	891	7.480666e+02	5735	5.790361e+03	2.540000e+01	254	8.655297e-01	8.855892e-01	
2.550000e+01	255	9.808000e+02	7.480666e+02	4850	5.790361e+03	2.550000e+01	255	8.317898e-01	8.855892e-01	
2.560000e+01	256	6.868000e+02	7.480666e+02	6284	5.790361e+03	2.560000e+01	256	9.014747e-01	8.855892e-01	
2.570000e+01	257	1017	7.480666e+02	6269	5.790361e+03	2.570000e+01	257	8.604172e-01	8.855892e-01	
2.580000e+01	258	681	7.480666e+02	5696	5.790361e+03	2.580000e+01	258	8.932100e-01	8.855892e-01	
2.590000e+01	259	1412	7.480666e+02	6316	5.790361e+03	2.590000e+01	259	8.172878e-01	8.855892e-01	
26	260	1983	7.480666e+02	4715	5.790361e+03	26	260	7.039415e-01	8.855892e-01	
2.610000e+01	261	6517	7.480666e+02	7.462000e+02	5.790361e+03	2.610000e+01	261	1.027371e-01	8.855892e-01	
2.620000e+01	262	1174	7.480666e+02	4444	5.790361e+03	2.620000e+01	262	7.910288e-01	8.855892e-01	
2.630000e+01	263	7.391000e+02	7.480666e+02	6920	5.790361e+03	2.630000e+01	263	9.035004e-01	8.855892e-01	
2.640000e+01	264	5.283000e+02	7.480666e+02	7383	5.790361e+03	2.640000e+01	264	9.332221e-01	8.855892e-01	
2.650000e+01	265	6.849000e+02	7.480666e+02	7667	5.790361e+03	2.650000e+01	265	9.179947e-01	8.855892e-01	
2.660000e+01	266	478	7.480666e+02	4258	5.790361e+03	2.660000e+01	266	8.990709e-01	8.855892e-01	
2.670000e+01	267	-4.312000e+02	7.480666e+02	4588	5.790361e+03	2.670000e+01	267	1.103734e+00	8.855892e-01	
2.680000e+01	268	7.645000e+02	7.480666e+02	4547	5.790361e+03	2.680000e+01	268	8.560670e-01	8.855892e-01	
2.690000e+01	269	-2.224000e+02	7.480666e+02	5201	5.790361e+03	2.690000e+01	269	1.044671e+00	8.855892e-01	
27	270	1206	7.480666e+02	4713	5.790361e+03	27	270	7.962494e-01	8.855892e-01	
2.710000e+01	271	9.037000e+02	7.480666e+02	5068	5.790361e+03	2.710000e+01	271	8.486696e-01	8.855892e-01	
2.720000e+01	272	7.243000e+02	7.480666e+02	6300	5.790361e+03	2.720000e+01	272	8.968865e-01	8.855892e-01	
2.730000e+01	273	5.954000e+02	7.480666e+02	5343	5.790361e+03	2.730000e+01	273	8.997373e-01	8.855892e-01	
2.740000e+01	274	5.354000e+00	7.480666e+02	5715	5.790361e+03	2.740000e+01	274	9.990640e-01	8.855892e-01	
2.750000e+01	275	6.334000e+02	7.480666e+02	6100	5.790361e+03	2.750000e+01	275	9.059316e-01	8.855892e-01	
2.760000e+01	276	-2.923000e+02	7.480666e+02	4747	5.790361e+03	2.760000e+01	276	1.065616e+00	8.855892e-01	
2.770000e+01	277	1916	3.087264e+03	7083	5.790361e+03	2.770000e+01	277	7.870875e-01	8.855892e-01	
2.780000e+01	278	3250	3.087264e+03	2768	3.630447e+03	2.780000e+01	278	4.599535e-01	5.404292e-01	
2.790000e+01	279	2441	3.087264e+03	3756	3.630447e+03	2.790000e+01	279	6.060997e-01	5.404292e-01	
28	280	2505	3.087264e+03	3317	3.630447e+03	28	280	5.697355e-01	5.404292e-01	
2.810000e+01	281	3767	3.087264e+03	3356	3.630447e+03	2.810000e+01	281	4.711498e-01	5.404292e-01	
2.820000e+01	282	3770	3.087264e+03	4094	3.630447e+03	2.820000e+01	282	5.206002e-01	5.404292e-01	
2.830000e+01	283	3879	3.087264e+03	4020	3.630447e+03	2.830000e+01	283	5.089252e-01	5.404292e-01	
2.840000e+01	284	3826	3.087264e+03	4766	3.630447e+03	2.840000e+01	284	5.547020e-01	5.404292e-01	
2.850000e+01	285	2977	3.087264e+03	3591	3.630447e+03	2.850000e+01	285	5.467418e-01	5.404292e-01	
2.860000e+01	286	2253	3.087264e+03	4477	3.630447e+03	2.860000e+01	286	6.652303e-01	5.404292e-01	
2.870000e+01	287	2220	3.087264e+03	5054	3.630447e+03	2.870000e+01	287	6.948034e-01	5.404292e-01	
2.880000e+01	288	2061	3.087264e+03	3507	3.630447e+03	2.880000e+01	288	6.298491e-01	5.404292e-01	
2.890000e+01	289	3639	3.087264e+03	3987	3.630447e+03	2.890000e+01	289	5.228167e-01	5.404292e-01	
29	290	2987	3.087264e+03	3827	3.630447e+03	29	290	5.616378e-01	5.404292e-01	
2.910000e+01	291	4854	3.087264e+03	2851	3.630447e+03	2.910000e+01	291	3.700195e-01	5.404292e-01	
2.920000e+01	292	3884	3.087264e+03	4668	3.630447e+03	2.920000e+01	292	5.458372e-01	5.404292e-01	
2.930000e+01	293	3295	3.087264e+03	3559	3.630447e+03	2.930000e+01	293	5.192588e-01	5.404292e-01	
2.940000e+01	294	2236	3.087264e+03	3552	3.630447e+03	2.940000e+01	294	6.136835e-01	5.404292e-01	
2.950000e+01	295	3005	3.087264e+03	3447	3.630447e+03	2.950000e+01	295	5.342529e-01	5.404292e-01	
2.960000e+01	296	2939	3.087264e+03	2705	3.630447e+03	2.960000e+01	296	4.792700e-01	5.404292e-01	
2.970000e+01	297	2919	3.087264e+03	5013	3.630447e+03	2.970000e+01	297	6.319970e-01	5.404292e-01	
2.980000e+01	298	4056	3.087264e+03	3030	3.630447e+03	2.980000e+01	298	4.276037e-01	5.404292e-01	
2.990000e+01	299	2245	3.087264e+03	4310	3.630447e+03	2.990000e+01	299	6.575133e-01	5.404292e-01	
30	300	3655	3.087264e+03	3595	3.630447e+03	30	300	4.958621e-01	5.404292e-01	
3.010000e+01	301	4040	3.087264e+03	4489	3.630447e+03	3.010000e+01	301	5.263220e-01	5.404292e-01	
3.020000e+01	302	2721	3.087264e+03	3616	3.630447e+03	3.020000e+01	302	5.706170e-01	5.404292e-01	
3.030000e+01	303	2091	3.087264e+03	3818	3.630447e+03	3.030000e+01	303	6.461330e-01	5.404292e-01	
3.040000e+01	304	3006	3.087264e+03	3854	3.630447e+03	3.040000e+01	304	5.618076e-01	5.404292e-01	
3.050000e+01	305	2873	3.087264e+03	3378	3.630447e+03	3.050000e+01	305	5.403935e-01	5.404292e-01	
3.060000e+01	306	2888	3.087264e+03	3804	3.630447e+03	3.060000e+01	306	5.684399e-01	5.404292e-01	
3.070000e+01	307	2963	3.087264e+03	4773	3.630447e+03	3.070000e+01	307	6.169855e-01	5.404292e-01	
3.080000e+01	308	3367	3.087264e+03	3796	3.630447e+03	3.080000e+01	308	5.299456e-01	5.404292e-01	
3.090000e+01	309	2328	3.087264e+03	3410	3.630447e+03	3.090000e+01	309	5.942837e-01	5.404292e-01	
31	310	3003	3.087264e+03	3211	3.630447e+03	31	310	5.167364e-01	5.404292e-01	
3.110000e+01	311	4019	3.087264e+03	3521	3.630447e+03	3.110000e+01	311	4.669761e-01	5.404292e-01	
3.120000e+01	312	3070	3.087264e+03	3434	3.630447e+03	3.120000e+01	312	5.279828e-01	5.404292e-01	
3.130000e+01	313	3585	3.087264e+03	3353	3.630447e+03	3.130000e+01	313	4.832805e-01	5.404292e-01	
3.140000e+01	314	3273	3.087264e+03	2852	3.630447e+03	3.140000e+01	314	4.656327e-01	5.404292e-01	
3.150000e+01	315	2881	3.087264e+03	3882	3.630447e+03	3.150000e+01	315	5.740056e-01	5.404292e-01	
3.160000e+01	316	3610	3.087264e+03	4329	3.630447e+03	3.160000e+01	316	5.452828e-01	5.404292e-01	
3.170000e+01	317	3415	3.087264e+03	4666	3.630447e+03	3.170000e+01	317	5.774038e-01	5.404292e-01	
3.180000e+01	318	2875	3.087264e+03	3882	3.630447e+03	3.180000e+01	318	5.745153e-01	5.404292e-01	
3.190000e+01	319	4185	3.087264e+03	3260	3.630447e+03	3.190000e+01	319	4.378778e-01	5.404292e-01	
32	320	3214	3.087264e+03	3672	3.630447e+03	32	320	5.332559e-01	5.404292e-01	
3.210000e+01	321	2551	3.087264e+03	4174	3.630447e+03	3.210000e+01	321	6.206691e-01	5.404292e-01	
3.220000e+01	322	2365	3.087264e+03	4414	3.630447e+03	3.220000e+01	322	6.511285e-01	5.404292e-01	
3.230000e+01	323	2125	3.087264e+03	3848	3.630447e+03	3.230000e+01	323	6.442324e-01	5.404292e-01	
3.240000e+01	324	2869	3.087264e+03	3614	3.630447e+03	3.240000e+01	324	5.574580e-01	5.404292e-01	
3.250000e+01	325	3281	3.087264e+03	3082	3.630447e+03	3.250000e+01	325	4.843627e-01	5.404292e-01	
3.260000e+01	326	1785	3.087264e+03	3055	3.630447e+03	3.260000e+01	326	6.311983e-01	5.404292e-01	
3.270000e+01	327	3163	3.087264e+03	2533	3.630447e+03	3.270000e+01	327	4.446980e-01	5.404292e-01	
3.280000e+01	328	4186	3.087264e+03	3487	3.630447e+03	3.280000e+01	328	4.544507e-01	5.404292e-01	
3.290000e+01	329	1621	7.480666e+02	5389	5.790361e+03	3.290000e+01	329	7.687589e-01	8.855892e-01	
33	330	6.626000e+02	7.480666e+02	5655	5.790361e+03	33	330	8.951184e-01	8.855892e-01	
3.310000e+01	331	476	7.480666e+02	5510	5.790361e+03	3.310000e+01	331	9.204811e-01	8.855892e-01	
3.320000e+01	332	1.477000e+02	7.480666e+02	6104	5.790361e+03	3.320000e+01	332	9.763744e-01	8.855892e-01	
3.330000e+01	333	1538	7.480666e+02	5049	5.790361e+03	3.330000e+01	333	7.665098e-01	8.855892e-01	
3.340000e+01	334	-4.998000e+02	7.480666e+02	7633	5.790361e+03	3.340000e+01	334	1.070067e+00	8.855892e-01	
3.350000e+01	335	7.889000e+01	7.480666e+02	5393	5.790361e+03	3.350000e+01	335	9.855827e-01	8.855892e-01	
3.360000e+01	336	1.088000e+02	7.480666e+02	6793	5.790361e+03	3.360000e+01	336	9.842360e-01	8.855892e-01	
3.370000e+01	337	1233	7.480666e+02	6913	5.790361e+03	3.370000e+01	337	8.486374e-01	8.855892e-01	
3.380000e+01	338	1133	7.480666e+02	4598	5.790361e+03	3.380000e+01	338	8.023033e-01	8.855892e-01	
3.390000e+01	339	2.459000e+02	7.480666e+02	5821	5.790361e+03	3.390000e+01	339	9.594686e-01	8.855892e-01	
34	340	8.025000e+02	7.480666e+02	6851	5.790361e+03	34	340	8.951460e-01	8.855892e-01	
3.410000e+01	341	4.936000e+02	7.480666e+02	6076	5.790361e+03	3.410000e+01	341	9.248660e-01	8.855892e-01	
3.420000e+01	342	6.333000e+02	7.480666e+02	6226	5.790361e+03	3.420000e+01	342	9.076728e-01	8.855892e-01	
3.430000e+01	343	2.966000e+02	7.480666e+02	5269	5.790361e+03	3.430000e+01	343	9.467084e-01	8.855892e-01	
3.440000e+01	344	9.532000e+02	7.480666e+02	4798	5.790361e+03	3.440000e+01	344	8.342607e-01	8.855892e-01	
3.450000e+01	345	-1095	7.480666e+02	6537	5.790361e+03	3.450000e+01	345	1.201213e+00	8.855892e-01	
3.460000e+01	346	2392	7.480666e+02	3101	5.790361e+03	3.460000e+01	346	5.645367e-01	8.855892e-01	
3.470000e+01	347	6119	5.994403e+03	-3.188000e+02	7.689291e+02	3.470000e+01	347	-5.496362e-02	1.136909e-01	
3.480000e+01	348	7105	5.994403e+03	1495	7.689291e+02	3.480000e+01	348	1.738372e-01	1.136909e-01	
3.490000e+01	349	5856	5.994403e+03	2009	7.689291e+02	3.490000e+01	349	2.554355e-01	1.136909e-01	
35	350	6293	5.994403e+03	1869	7.689291e+02	35	350	2.289880e-01	1.136909e-01	
3.510000e+01	351	5692	5.994403e+03	8.369000e+01	7.689291e+02	3.510000e+01	351	1.449004e-02	1.136909e-01	
3.520000e+01	352	5427	5.994403e+03	-1.851000e+02	7.689291e+02	3.520000e+01	352	-3.531162e-02	1.136909e-01	
3.530000e+01	353	5323	5.994403e+03	1191	7.689291e+02	3.530000e+01	353	1.828370e-01	1.136909e-01	
3.540000e+01	354	6510	5.994403e+03	2.786000e+02	7.689291e+02	3.540000e+01	354	4.103939e-02	1.136909e-01	
3.550000e+01	355	5994	5.994403e+03	-5.635000e+01	7.689291e+02	3.550000e+01	355	-9.490287e-03	1.136909e-01	
3.560000e+01	356	3919	3.087264e+03	2246	7.689291e+02	3.560000e+01	356	3.643147e-01	1.136909e-01	
3.570000e+01	357	2156	3.087264e+03	5092	5.790361e+03	3.570000e+01	357	7.025386e-01	6.522421e-01	
3.580000e+01	358	2.054000e+01	7.480666e+02	6301	5.790361e+03	3.580000e+01	358	9.967508e-01	6.522421e-01	
3.590000e+01	359	8.495000e+02	7.480666e+02	5356	5.790361e+03	3.590000e+01	359	8.631053e-01	6.522421e-01	
36	360	7.478000e+02	7.480666e+02	5687	5.790361e+03	36	360	8.837882e-01	6.522421e-01	
3.610000e+01	361	5.738000e+02	7.480666e+02	6211	5.790361e+03	3.610000e+01	361	9.154286e-01	6.522421e-01	
3.620000e+01	362	5.124000e+02	7.480666e+02	5305	5.790361e+03	3.620000e+01	362	9.119194e-01	6.522421e-01	
3.630000e+01	363	1549	7.480666e+02	5738	5.790361e+03	3.630000e+01	363	7.874297e-01	6.522421e-01	
3.640000e+01	364	6.412000e+02	7.480666e+02	8206	5.790361e+03	3.640000e+01	364	9.275251e-01	6.522421e-01	
3.650000e+01	365	1520	7.480666e+02	6903	5.790361e+03	3.650000e+01	365	8.195417e-01	6.522421e-01	
3.660000e+01	366	2.601000e+02	7.480666e+02	6066	5.790361e+03	3.660000e+01	366	9.588846e-01	6.522421e-01	
3.670000e+01	367	3.705000e+02	7.480666e+02	5644	5.790361e+03	3.670000e+01	367	9.383989e-01	6.522421e-01	
3.680000e+01	368	1509	7.480666e+02	7038	5.790361e+03	3.680000e+01	368	8.234468e-01	6.522421e-01	
3.690000e+01	369	-4.878000e+02	7.480666e+02	6621	5.790361e+03	3.690000e+01	369	1.079534e+00	6.522421e-01	
37	370	2.145000e+02	7.480666e+02	5531	5.790361e+03	37	370	9.626664e-01	6.522421e-01	
3.710000e+01	371	9.295000e+02	7.480666e+02	5889	5.790361e+03	3.710000e+01	371	8.636797e-01	6.522421e-01	
3.720000e+01	372	1545	7.480666e+02	5479	5.790361e+03	3.720000e+01	372	7.800399e-01	6.522421e-01	
3.730000e+01	373	8.674000e+02	7.480666e+02	4512	5.790361e+03	3.730000e+01	373	8.387553e-01	6.522421e-01	
3.740000e+01	374	1.424000e+02	7.480666e+02	4799	5.790361e+03	3.740000e+01	374	9.711823e-01	6.522421e-01	
3.750000e+01	375	1136	7.480666e+02	4977	5.790361e+03	3.750000e+01	375	8.141665e-01	6.522421e-01	
3.760000e+01	376	2821	7.480666e+02	3954	5.790361e+03	3.760000e+01	376	5.836162e-01	6.522421e-01	
3.770000e+01	377	5589	5.994403e+03	3.606000e+02	7.689291e+02	3.770000e+01	377	6.060912e-02	1.136909e-01	
3.780000e+01	378	6050	5.994403e+03	790	7.689291e+02	3.780000e+01	378	1.154971e-01	1.136909e-01	
3.790000e+01	379	5962	5.994403e+03	-1.608000e+02	7.689291e+02	3.790000e+01	379	-2.771840e-02	1.136909e-01	
38	380	6076	5.994403e+03	5.476000e+02	7.689291e+02	38	380	8.267407e-02	1.136909e-01	
3.810000e+01	381	6236	5.994403e+03	1028	7.689291e+02	3.810000e+01	381	1.415198e-01	1.136909e-01	
3.820000e+01	382	1519	7.480666e+02	3663	7.689291e+02	3.820000e+01	382	7.068699e-01	1.136909e-01	
3.830000e+01	383	3.938000e+02	7.480666e+02	6015	5.790361e+03	3.830000e+01	383	9.385532e-01	8.855892e-01	
3.840000e+01	384	9.915000e+01	7.480666e+02	5654	5.790361e+03	3.840000e+01	384	9.827660e-01	8.855892e-01	
3.850000e+01	385	1128	7.480666e+02	7632	5.790361e+03	3.850000e+01	385	8.712329e-01	8.855892e-01	
3.860000e+01	386	5.831000e+02	7.480666e+02	5163	5.790361e+03	3.860000e+01	386	8.985225e-01	8.855892e-01	
3.870000e+01	387	4.804000e+02	7.480666e+02	3421	5.790361e+03	3.870000e+01	387	8.768647e-01	8.855892e-01	
3.880000e+01	388	402	7.480666e+02	6609	5.790361e+03	3.880000e+01	388	9.426615e-01	8.855892e-01	
3.890000e+01	389	7.528000e+02	7.480666e+02	5134	5.790361e+03	3.890000e+01	389	8.721207e-01	8.855892e-01	
39	390	-1.104000e+02	7.480666e+02	7128	5.790361e+03	39	390	1.015732e+00	8.855892e-01	
3.910000e+01	391	1437	7.480666e+02	6869	5.790361e+03	3.910000e+01	391	8.269925e-01	8.855892e-01	
3.920000e+01	392	-2.393000e+02	7.480666e+02	4980	5.790361e+03	3.920000e+01	392	1.050478e+00	8.855892e-01	
3.930000e+01	393	8.379000e+01	7.480666e+02	6639	5.790361e+03	3.930000e+01	393	9.875364e-01	8.855892e-01	
3.940000e+01	394	1273	7.480666e+02	5412	5.790361e+03	3.940000e+01	394	8.095737e-01	8.855892e-01	
3.950000e+01	395	5.411000e+02	7.480666e+02	6456	5.790361e+03	3.950000e+01	395	9.226680e-01	8.855892e-01	
3.960000e+01	396	1477	7.480666e+02	5401	5.790361e+03	3.960000e+01	396	7.852573e-01	8.855892e-01	
3.970000e+01	397	158	7.480666e+02	5920	5.790361e+03	3.970000e+01	397	9.740046e-01	8.855892e-01	
3.980000e+01	398	1483	7.480666e+02	5582	5.790361e+03	3.980000e+01	398	7.900920e-01	8.855892e-01	
3.990000e+01	399	7.304000e+02	7.480666e+02	5440	5.790361e+03	3.990000e+01	399	8.816284e-01	8.855892e-01	
40	400	1537	7.480666e+02	6552	5.790361e+03	40	400	8.099889e-01	8.855892e-01	
4.010000e+01	401	-1.483000e+02	7.480666e+02	5602	5.790361e+03	4.010000e+01	401	1.027193e+00	8.855892e-01	
4.020000e+01	402	-1.677000e+02	7.480666e+02	5827	5.790361e+03	4.020000e+01	402	1.029633e+00	8.855892e-01	
4.030000e+01	403	3.479000e+02	7.480666e+02	6593	5.790361e+03	4.030000e+01	403	9.498768e-01	8.855892e-01	
4.040000e+01	404	1866	7.480666e+02	5678	5.790361e+03	4.040000e+01	404	7.526511e-01	8.855892e-01	
4.050000e+01	405	9.142000e+02	7.480666e+02	7658	5.790361e+03	4.050000e+01	405	8.933529e-01	8.855892e-01	
4.060000e+01	406	9.047000e+02	7.480666e+02	6900	5.790361e+03	4.060000e+01	406	8.840827e-01	8.855892e-01	
4.070000e+01	407	1107	7.480666e+02	5553	5.790361e+03	4.070000e+01	407	8.337838e-01	8.855892e-01	
4.080000e+01	408	3.446000e+02	7.480666e+02	6123	5.790361e+03	4.080000e+01	408	9.467190e-01	8.855892e-01	
4.090000e+01	409	3.555000e+01	7.480666e+02	5531	5.790361e+03	4.090000e+01	409	9.936136e-01	8.855892e-01	
41	410	8.366000e+01	7.480666e+02	5325	5.790361e+03	41	410	9.845322e-01	8.855892e-01	
4.110000e+01	411	-6.371000e+02	7.480666e+02	6035	5.790361e+03	4.110000e+01	411	1.118027e+00	8.855892e-01	
4.120000e+01	412	1457	7.480666e+02	5731	5.790361e+03	4.120000e+01	412	7.973011e-01	8.855892e-01	
4.130000e+01	413	1152	7.480666e+02	4815	5.790361e+03	4.130000e+01	413	8.069382e-01	8.855892e-01	
4.140000e+01	414	-362	7.480666e+02	5563	5.790361e+03	4.140000e+01	414	1.069602e+00	8.855892e-01	
4.150000e+01	415	1347	7.480666e+02	4822	5.790361e+03	4.150000e+01	415	7.816502e-01	8.855892e-01	
4.160000e+01	416	4.698000e+02	7.480666e+02	7449	5.790361e+03	4.160000e+01	416	9.406728e-01	8.855892e-01	
4.170000e+01	417	3768	3.087264e+03	2913	3.630447e+03	4.170000e+01	417	4.360126e-01	5.404292e-01	
4.180000e+01	418	3494	3.087264e+03	3663	3.630447e+03	4.180000e+01	418	5.118066e-01	5.404292e-01	
4.190000e+01	419	2398	3.087264e+03	4663	3.630447e+03	4.190000e+01	419	6.603880e-01	5.404292e-01	
42	420	4381	3.087264e+03	3727	3.630447e+03	42	420	4.596695e-01	5.404292e-01	
4.210000e+01	421	2476	3.087264e+03	3022	3.630447e+03	4.210000e+01	421	5.496544e-01	5.404292e-01	
4.220000e+01	422	2924	3.087264e+03	3936	3.630447e+03	4.220000e+01	422	5.737609e-01	5.404292e-01	
4.230000e+01	423	3529	3.087264e+03	4720	3.630447e+03	4.230000e+01	423	5.721906e-01	5.404292e-01	
4.240000e+01	424	2943	3.087264e+03	3139	3.630447e+03	4.240000e+01	424	5.161131e-01	5.404292e-01	
4.250000e+01	425	2730	3.087264e+03	3779	3.630447e+03	4.250000e+01	425	5.805807e-01	5.404292e-01	
4.260000e+01	426	3704	3.087264e+03	2553	3.630447e+03	4.260000e+01	426	4.080230e-01	5.404292e-01	
4.270000e+01	427	3588	3.087264e+03	4239	3.630447e+03	4.270000e+01	427	5.415868e-01	5.404292e-01	
4.280000e+01	428	2161	3.087264e+03	2825	3.630447e+03	4.280000e+01	428	5.665864e-01	5.404292e-01	
4.290000e+01	429	2444	3.087264e+03	3570	3.630447e+03	4.290000e+01	429	5.936149e-01	5.404292e-01	
43	430	4711	3.087264e+03	4498	3.630447e+03	43	430	4.884352e-01	5.404292e-01	
4.310000e+01	431	3208	3.087264e+03	3798	3.630447e+03	4.310000e+01	431	5.421068e-01	5.404292e-01	
4.320000e+01	432	3053	3.087264e+03	3812	3.630447e+03	4.320000e+01	432	5.552804e-01	5.404292e-01	
4.330000e+01	433	4193	3.087264e+03	3009	3.630447e+03	4.330000e+01	433	4.178006e-01	5.404292e-01	
4.340000e+01	434	2770	3.087264e+03	3950	3.630447e+03	4.340000e+01	434	5.877976e-01	5.404292e-01	
4.350000e+01	435	3191	3.087264e+03	4540	3.630447e+03	4.350000e+01	435	5.872462e-01	5.404292e-01	
4.360000e+01	436	4358	3.087264e+03	3687	3.630447e+03	4.360000e+01	436	4.582971e-01	5.404292e-01	
4.370000e+01	437	2555	3.087264e+03	3150	3.630447e+03	4.370000e+01	437	5.521472e-01	5.404292e-01	
4.380000e+01	438	1754	3.087264e+03	3330	3.630447e+03	4.380000e+01	438	6.549961e-01	5.404292e-01	
4.390000e+01	439	2836	3.087264e+03	3433	3.630447e+03	4.390000e+01	439	5.476152e-01	5.404292e-01	
44	440	2805	3.087264e+03	3206	3.630447e+03	44	440	5.333555e-01	5.404292e-01	
4.410000e+01	441	3098	3.087264e+03	3271	3.630447e+03	4.410000e+01	441	5.135814e-01	5.404292e-01	
4.420000e+01	442	4089	3.087264e+03	3832	3.630447e+03	4.420000e+01	442	4.837773e-01	5.404292e-01	
4.430000e+01	443	2510	3.087264e+03	5111	5.790361e+03	4.430000e+01	443	6.706469e-01	5.404292e-01	
4.440000e+01	444	-6.038000e+02	7.480666e+02	6907	5.790361e+03	4.440000e+01	444	1.095793e+00	8.855892e-01	
4.450000e+01	445	8.661000e+02	7.480666e+02	6546	5.790361e+03	4.450000e+01	445	8.831505e-01	8.855892e-01	
4.460000e+01	446	-7.239000e+02	7.480666e+02	5916	5.790361e+03	4.460000e+01	446	1.139423e+00	8.855892e-01	
4.470000e+01	447	-4.414000e+02	7.480666e+02	5483	5.790361e+03	4.470000e+01	447	1.087552e+00	8.855892e-01	
4.480000e+01	448	6.795000e+02	7.480666e+02	5843	5.790361e+03	4.480000e+01	448	8.958222e-01	8.855892e-01	
4.490000e+01	449	1018	7.480666e+02	5535	5.790361e+03	4.490000e+01	449	8.446513e-01	8.855892e-01	
45	450	2316	7.480666e+02	5080	5.790361e+03	45	450	6.868578e-01	8.855892e-01	
4.510000e+01	451	1.229000e+02	7.480666e+02	4619	5.790361e+03	4.510000e+01	451	9.740821e-01	8.855892e-01	
4.520000e+01	452	8.049000e+02	7.480666e+02	7223	5.790361e+03	4.520000e+01	452	8.997372e-01	8.855892e-01	
4.530000e+01	453	1502	7.480666e+02	5090	5.790361e+03	4.530000e+01	453	7.721481e-01	8.855892e-01	
4.540000e+01	454	3.161000e+02	7.480666e+02	5563	5.790361e+03	4.540000e+01	454	9.462333e-01	8.855892e-01	
4.550000e+01	455	2.519000e+02	7.480666e+02	5903	5.790361e+03	4.550000e+01	455	9.590733e-01	8.855892e-01	
4.560000e+01	456	1258	7.480666e+02	4788	5.790361e+03	4.560000e+01	456	7.919285e-01	8.855892e-01	
4.570000e+01	457	-1.656000e+02	7.480666e+02	5568	5.790361e+03	4.570000e+01	457	1.030653e+00	8.855892e-01	
4.580000e+01	458	-1.315000e+00	7.480666e+02	6567	5.790361e+03	4.580000e+01	458	1.000200e+00	8.855892e-01	
4.590000e+01	459	-2.638000e+02	7.480666e+02	5802	5.790361e+03	4.590000e+01	459	1.047633e+00	8.855892e-01	
46	460	1076	7.480666e+02	5787	5.790361e+03	46	460	8.432173e-01	8.855892e-01	
4.610000e+01	461	4.367000e+02	7.480666e+02	5399	5.790361e+03	4.610000e+01	461	9.251675e-01	8.855892e-01	
4.620000e+01	462	3.183000e+02	7.480666e+02	6446	5.790361e+03	4.620000e+01	462	9.529441e-01	8.855892e-01	
4.630000e+01	463	9.309000e+02	7.480666e+02	6366	5.790361e+03	4.630000e+01	463	8.724253e-01	8.855892e-01	
4.640000e+01	464	1337	7.480666e+02	4699	5.790361e+03	4.640000e+01	464	7.784957e-01	8.855892e-01	
4.650000e+01	465	4.589000e+02	7.480666e+02	4910	5.790361e+03	4.650000e+01	465	9.145263e-01	8.855892e-01	
4.660000e+01	466	8.518000e+02	7.480666e+02	6589	5.790361e+03	4.660000e+01	466	8.855231e-01	8.855892e-01	
4.670000e+01	467	3171	7.480666e+02	2688	5.790361e+03	4.670000e+01	467	4.587814e-01	8.855892e-01	
4.680000e+01	468	6019	5.994403e+03	2.096000e+02	7.689291e+02	4.680000e+01	468	3.365122e-02	1.136909e-01	
4.690000e+01	469	5962	5.994403e+03	-2.154000e+02	7.689291e+02	4.690000e+01	469	-3.748303e-02	1.136909e-01	
47	470	6063	5.994403e+03	7.989000e+02	7.689291e+02	47	470	1.164255e-01	1.136909e-01	
4.710000e+01	471	5458	5.994403e+03	1504	7.689291e+02	4.710000e+01	471	2.160299e-01	1.136909e-01	
4.720000e+01	472	6010	5.994403e+03	661	7.689291e+02	4.720000e+01	472	9.908559e-02	1.136909e-01	
4.730000e+01	473	6630	5.994403e+03	-1.824000e+02	7.689291e+02	4.730000e+01	473	-2.828960e-02	1.136909e-01	
4.740000e+01	474	6913	5.994403e+03	2133	7.689291e+02	4.740000e+01	474	2.357948e-01	1.136909e-01	
4.750000e+01	475	4843	5.994403e+03	1267	7.689291e+02	4.750000e+01	475	2.073650e-01	1.136909e-01	
4.760000e+01	476	4814	5.994403e+03	7.905000e+02	7.689291e+02	4.760000e+01	476	1.410474e-01	1.136909e-01	
4.770000e+01	477	4800	5.994403e+03	1.883000e+02	7.689291e+02	4.770000e+01	477	3.774833e-02	1.136909e-01	
4.780000e+01	478	1684	7.480666e+02	5795	5.790361e+03	4.780000e+01	478	7.748362e-01	8.855892e-01	
4.790000e+01	479	1041	7.480666e+02	7301	5.790361e+03	4.790000e+01	479	8.752098e-01	8.855892e-01	
48	480	540	7.480666e+02	7425	5.790361e+03	48	480	9.322034e-01	8.855892e-01	
4.810000e+01	481	2849	7.480666e+02	3102	5.790361e+03	4.810000e+01	481	5.212569e-01	8.855892e-01	
4.820000e+01	482	6622	5.994403e+03	1454	7.689291e+02	4.820000e+01	482	1.800396e-01	1.136909e-01	
4.830000e+01	483	6505	5.994403e+03	1185	7.689291e+02	4.830000e+01	483	1.540962e-01	1.136909e-01	
4.840000e+01	484	6329	5.994403e+03	4.620000e+01	7.689291e+02	4.840000e+01	484	7.246831e-03	1.136909e-01	
4.850000e+01	485	6412	5.994403e+03	4.761000e+02	7.689291e+02	4.850000e+01	485	6.911921e-02	1.136909e-01	
4.860000e+01	486	5990	5.994403e+03	-2.446000e+01	7.689291e+02	4.860000e+01	486	-4.100216e-03	1.136909e-01	
4.870000e+01	487	6969	5.994403e+03	4.294000e+02	7.689291e+02	4.870000e+01	487	5.803958e-02	1.136909e-01	
4.880000e+01	488	5486	5.994403e+03	847	7.689291e+02	4.880000e+01	488	1.337439e-01	1.136909e-01	
4.890000e+01	489	5225	5.994403e+03	3.751000e+02	7.689291e+02	4.890000e+01	489	6.698095e-02	1.136909e-01	
49	490	4365	5.994403e+03	5.308000e+02	7.689291e+02	49	490	1.084195e-01	1.136909e-01	
4.910000e+01	491	6804	5.994403e+03	6.301000e+02	7.689291e+02	4.910000e+01	491	8.475807e-02	1.136909e-01	
4.920000e+01	492	5445	5.994403e+03	366	7.689291e+02	4.920000e+01	492	6.298400e-02	1.136909e-01	
4.930000e+01	493	5419	5.994403e+03	2984	7.689291e+02	4.930000e+01	493	3.551113e-01	1.136909e-01	
4.940000e+01	494	6343	5.994403e+03	1.124000e+02	7.689291e+02	4.940000e+01	494	1.741178e-02	1.136909e-01	
4.950000e+01	495	6273	5.994403e+03	1.656000e+02	7.689291e+02	4.950000e+01	495	2.571988e-02	1.136909e-01	
4.960000e+01	496	6639	5.994403e+03	4.718000e+02	7.689291e+02	4.960000e+01	496	6.634978e-02	1.136909e-01	
4.970000e+01	497	4796	5.994403e+03	1069	7.689291e+02	4.970000e+01	497	1.822677e-01	1.136909e-01	
4.980000e+01	498	7027	5.994403e+03	-1.138000e+01	7.689291e+02	4.980000e+01	498	-1.622095e-03	1.136909e-01	
4.990000e+01	499	5586	5.994403e+03	5.926000e+02	7.689291e+02	4.990000e+01	499	9.591170e-02	1.136909e-01	
50	500	4813	5.994403e+03	-3.262000e+01	7.689291e+02	50	500	-6.823725e-03	1.136909e-01	
5.010000e+01	501	6968	5.994403e+03	1125	7.689291e+02	5.010000e+01	501	1.390090e-01	1.136909e-01	
5.020000e+01	502	5989	5.994403e+03	1469	7.689291e+02	5.020000e+01	502	1.969697e-01	1.136909e-01	
5.030000e+01	503	5426	5.994403e+03	9.285000e+02	7.689291e+02	5.030000e+01	503	1.461169e-01	1.136909e-01	
5.040000e+01	504	5430	5.994403e+03	5.576000e+02	7.689291e+02	5.040000e+01	504	9.312579e-02	1.136909e-01	
5.050000e+01	505	5875	5.994403e+03	4.387000e+02	7.689291e+02	5.050000e+01	505	6.948382e-02	1.136909e-01	
5.060000e+01	506	5320	5.994403e+03	1.972000e+02	7.689291e+02	5.060000e+01	506	3.574277e-02	1.136909e-01	
5.070000e+01	507	7073	5.994403e+03	1070	7.689291e+02	5.070000e+01	507	1.314012e-01	1.136909e-01	
5.080000e+01	508	5931	5.994403e+03	7.273000e+02	7.689291e+02	5.080000e+01	508	1.092321e-01	1.136909e-01	
5.090000e+01	509	7017	5.994403e+03	7.147000e+01	7.689291e+02	5.090000e+01	509	1.008257e-02	1.136909e-01	
51	510	4300	5.994403e+03	1.717000e+02	7.689291e+02	51	510	3.839703e-02	1.136909e-01	
5.110000e+01	511	5271	5.994403e+03	-2.034000e+02	7.689291e+02	5.110000e+01	511	-4.013734e-02	1.136909e-01	
5.120000e+01	512	4107	5.994403e+03	3504	7.689291e+02	5.120000e+01	512	4.603863e-01	1.136909e-01	
5.130000e+01	513	1640	7.480666e+02	5887	5.790361e+03	5.130000e+01	513	7.821177e-01	8.855892e-01	
5.140000e+01	514	7.846000e+02	7.480666e+02	6702	5.790361e+03	5.140000e+01	514	8.951994e-01	8.855892e-01	
5.150000e+01	515	6.143000e+02	7.480666e+02	6491	5.790361e+03	5.150000e+01	515	9.135434e-01	8.855892e-01	
5.160000e+01	516	1133	7.480666e+02	5790	5.790361e+03	5.160000e+01	516	8.363426e-01	8.855892e-01	
5.170000e+01	517	8.503000e+02	7.480666e+02	6103	5.790361e+03	5.170000e+01	517	8.777127e-01	8.855892e-01	
5.180000e+01	518	5751	5.994403e+03	1910	7.689291e+02	5.180000e+01	518	2.493147e-01	1.136909e-01	
5.190000e+01	519	6257	5.994403e+03	4.152000e+02	7.689291e+02	5.190000e+01	519	6.222835e-02	1.136909e-01	
52	520	6332	5.994403e+03	2.414000e+02	7.689291e+02	52	520	3.672377e-02	1.136909e-01	
5.210000e+01	521	6004	5.994403e+03	6.460000e+01	7.689291e+02	5.210000e+01	521	1.064496e-02	1.136909e-01	
5.220000e+01	522	5104	5.994403e+03	-3.951000e+01	7.689291e+02	5.220000e+01	522	-7.801378e-03	1.136909e-01	
5.230000e+01	523	6544	5.994403e+03	8.338000e+02	7.689291e+02	5.230000e+01	523	1.130147e-01	1.136909e-01	
5.240000e+01	524	7051	5.994403e+03	8.179000e+02	7.689291e+02	5.240000e+01	524	1.039408e-01	1.136909e-01	
5.250000e+01	525	5494	5.994403e+03	8.621000e+01	7.689291e+02	5.250000e+01	525	1.544924e-02	1.136909e-01	
5.260000e+01	526	5270	5.994403e+03	1229	7.689291e+02	5.260000e+01	526	1.891060e-01	1.136909e-01	
5.270000e+01	527	6113	5.994403e+03	4.221000e+02	7.689291e+02	5.270000e+01	527	6.458968e-02	1.136909e-01	
5.280000e+01	528	6678	5.994403e+03	1406	7.689291e+02	5.280000e+01	528	1.739238e-01	1.136909e-01	
5.290000e+01	529	6048	5.994403e+03	5.946000e+02	7.689291e+02	5.290000e+01	529	8.951314e-02	1.136909e-01	
53	530	6726	5.994403e+03	6.053000e+02	7.689291e+02	53	530	8.256380e-02	1.136909e-01	
5.310000e+01	531	6988	5.994403e+03	1329	7.689291e+02	5.310000e+01	531	1.597932e-01	1.136909e-01	
5.320000e+01	532	5902	5.994403e+03	8.362000e+02	7.689291e+02	5.320000e+01	532	1.240984e-01	1.136909e-01	
5.330000e+01	533	5131	5.994403e+03	8.013000e+02	7.689291e+02	5.330000e+01	533	1.350741e-01	1.136909e-01	
5.340000e+01	534	4593	5.994403e+03	2902	3.630447e+03	5.340000e+01	534	3.871915e-01	1.136909e-01	
5.350000e+01	535	3168	3.087264e+03	3099	3.630447e+03	5.350000e+01	535	4.944950e-01	5.404292e-01	
5.360000e+01	536	2310	3.087264e+03	3754	3.630447e+03	5.360000e+01	536	6.190633e-01	5.404292e-01	
5.370000e+01	537	2968	3.087264e+03	3303	3.630447e+03	5.370000e+01	537	5.267103e-01	5.404292e-01	
5.380000e+01	538	3120	3.087264e+03	5069	3.630447e+03	5.380000e+01	538	6.190011e-01	5.404292e-01	
5.390000e+01	539	2692	3.087264e+03	2750	3.630447e+03	5.390000e+01	539	5.053289e-01	5.404292e-01	
54	540	3848	3.087264e+03	3595	3.630447e+03	54	540	4.830042e-01	5.404292e-01	
5.410000e+01	541	2963	3.087264e+03	3281	3.630447e+03	5.410000e+01	541	5.254644e-01	5.404292e-01	
5.420000e+01	542	3478	3.087264e+03	2673	3.630447e+03	5.420000e+01	542	4.345635e-01	5.404292e-01	
5.430000e+01	543	2337	3.087264e+03	3476	3.630447e+03	5.430000e+01	543	5.979701e-01	5.404292e-01	
5.440000e+01	544	3407	3.087264e+03	4101	3.630447e+03	5.440000e+01	544	5.462174e-01	5.404292e-01	
5.450000e+01	545	2004	3.087264e+03	3646	3.630447e+03	5.450000e+01	545	6.453097e-01	5.404292e-01	
5.460000e+01	546	2632	3.087264e+03	3339	3.630447e+03	5.460000e+01	546	5.592028e-01	5.404292e-01	
5.470000e+01	547	2569	3.087264e+03	2998	3.630447e+03	5.470000e+01	547	5.385306e-01	5.404292e-01	
5.480000e+01	548	2658	3.087264e+03	4094	3.630447e+03	5.480000e+01	548	6.063389e-01	5.404292e-01	
5.490000e+01	549	2675	3.087264e+03	3489	3.630447e+03	5.490000e+01	549	5.660286e-01	5.404292e-01	
55	550	2265	3.087264e+03	3554	3.630447e+03	55	550	6.107579e-01	5.404292e-01	
5.510000e+01	551	3070	3.087264e+03	3120	3.630447e+03	5.510000e+01	551	5.040388e-01	5.404292e-01	
5.520000e+01	552	2753	3.087264e+03	3549	3.630447e+03	5.520000e+01	552	5.631546e-01	5.404292e-01	
5.530000e+01	553	3640	3.087264e+03	3636	3.630447e+03	5.530000e+01	553	4.997251e-01	5.404292e-01	
5.540000e+01	554	2203	3.087264e+03	3676	3.630447e+03	5.540000e+01	554	6.252764e-01	5.404292e-01	
5.550000e+01	555	2987	3.087264e+03	4110	3.630447e+03	5.550000e+01	555	5.791179e-01	5.404292e-01	
5.560000e+01	556	3520	3.087264e+03	4108	3.630447e+03	5.560000e+01	556	5.385422e-01	5.404292e-01	
5.570000e+01	557	2436	3.087264e+03	2669	3.630447e+03	5.570000e+01	557	5.228208e-01	5.404292e-01	
5.580000e+01	558	2020	3.087264e+03	3754	3.630447e+03	5.580000e+01	558	6.501559e-01	5.404292e-01	
5.590000e+01	559	2725	3.087264e+03	5289	3.630447e+03	5.590000e+01	559	6.599701e-01	5.404292e-01	
56	560	2311	3.087264e+03	3849	3.630447e+03	56	560	6.248377e-01	5.404292e-01	
5.610000e+01	561	3270	3.087264e+03	3315	3.630447e+03	5.610000e+01	561	5.034169e-01	5.404292e-01	
5.620000e+01	562	3117	3.087264e+03	3935	3.630447e+03	5.620000e+01	562	5.579977e-01	5.404292e-01	
5.630000e+01	563	2974	3.087264e+03	4573	3.630447e+03	5.630000e+01	563	6.059361e-01	5.404292e-01	
5.640000e+01	564	3001	3.087264e+03	3635	3.630447e+03	5.640000e+01	564	5.477697e-01	5.404292e-01	
5.650000e+01	565	3387	3.087264e+03	3289	3.630447e+03	5.650000e+01	565	4.926603e-01	5.404292e-01	
5.660000e+01	566	3760	3.087264e+03	3501	3.630447e+03	5.660000e+01	566	4.821650e-01	5.404292e-01	
5.670000e+01	567	3583	3.087264e+03	3421	3.630447e+03	5.670000e+01	567	4.884352e-01	5.404292e-01	
5.680000e+01	568	3227	3.087264e+03	3633	3.630447e+03	5.680000e+01	568	5.295918e-01	5.404292e-01	
5.690000e+01	569	2131	3.087264e+03	2579	3.630447e+03	5.690000e+01	569	5.475584e-01	5.404292e-01	
57	570	3109	3.087264e+03	1885	3.630447e+03	57	570	3.774529e-01	5.404292e-01	
5.710000e+01	571	3375	3.087264e+03	4463	3.630447e+03	5.710000e+01	571	5.694055e-01	5.404292e-01	
5.720000e+01	572	2684	3.087264e+03	5100	3.630447e+03	5.720000e+01	572	6.551901e-01	5.404292e-01	
5.730000e+01	573	3358	3.087264e+03	2685	3.630447e+03	5.730000e+01	573	4.443157e-01	5.404292e-01	
5.740000e+01	574	3142	3.087264e+03	2475	3.630447e+03	5.740000e+01	574	4.406267e-01	5.404292e-01	
5.750000e+01	575	3970	3.087264e+03	3443	3.630447e+03	5.750000e+01	575	4.644543e-01	5.404292e-01	
5.760000e+01	576	2334	3.087264e+03	3219	3.630447e+03	5.760000e+01	576	5.796867e-01	5.404292e-01	
5.770000e+01	577	4361	3.087264e+03	2980	3.630447e+03	5.770000e+01	577	4.059392e-01	5.404292e-01	
5.780000e+01	578	3808	3.087264e+03	3430	3.630447e+03	5.780000e+01	578	4.738878e-01	5.404292e-01	
5.790000e+01	579	2144	3.087264e+03	4088	3.630447e+03	5.790000e+01	579	6.559692e-01	5.404292e-01	
58	580	2622	3.087264e+03	3258	3.630447e+03	58	580	5.540816e-01	5.404292e-01	
5.810000e+01	581	2795	3.087264e+03	3323	3.630447e+03	5.810000e+01	581	5.431514e-01	5.404292e-01	
5.820000e+01	582	2383	3.087264e+03	3229	3.630447e+03	5.820000e+01	582	5.753742e-01	5.404292e-01	
5.830000e+01	583	4012	3.087264e+03	3601	3.630447e+03	5.830000e+01	583	4.730067e-01	5.404292e-01	
5.840000e+01	584	2467	3.087264e+03	3268	3.630447e+03	5.840000e+01	584	5.698344e-01	5.404292e-01	
5.850000e+01	585	2876	3.087264e+03	3622	3.630447e+03	5.850000e+01	585	5.574023e-01	5.404292e-01	
5.860000e+01	586	3596	3.087264e+03	4633	3.630447e+03	5.860000e+01	586	5.630089e-01	5.404292e-01	
5.870000e+01	587	3903	3.087264e+03	4058	3.630447e+03	5.870000e+01	587	5.097350e-01	5.404292e-01	
5.880000e+01	588	2885	3.087264e+03	4882	3.630447e+03	5.880000e+01	588	6.285567e-01	5.404292e-01	
5.890000e+01	589	3761	3.087264e+03	4313	3.630447e+03	5.890000e+01	589	5.341838e-01	5.404292e-01	
59	590	2745	3.087264e+03	4297	3.630447e+03	59	590	6.101960e-01	5.404292e-01	
5.910000e+01	591	2491	3.087264e+03	3305	3.630447e+03	5.910000e+01	591	5.702208e-01	5.404292e-01	
5.920000e+01	592	2582	3.087264e+03	3605	3.630447e+03	5.920000e+01	592	5.826733e-01	5.404292e-01	
5.930000e+01	593	2289	3.087264e+03	4048	3.630447e+03	5.930000e+01	593	6.387881e-01	5.404292e-01	
5.940000e+01	594	3385	3.087264e+03	3493	3.630447e+03	5.940000e+01	594	5.078511e-01	5.404292e-01	
5.950000e+01	595	4649	3.087264e+03	4736	3.630447e+03	5.950000e+01	595	5.046351e-01	5.404292e-01	
5.960000e+01	596	1982	3.087264e+03	4028	3.630447e+03	5.960000e+01	596	6.702163e-01	5.404292e-01	
5.970000e+01	597	3473	3.087264e+03	4818	3.630447e+03	5.970000e+01	597	5.811120e-01	5.404292e-01	
5.980000e+01	598	4086	3.087264e+03	4010	3.630447e+03	5.980000e+01	598	4.953063e-01	5.404292e-01	
5.990000e+01	599	6573	5.994403e+03	-4.103000e+01	7.689291e+02	5.990000e+01	599	-6.281413e-03	1.136909e-01	
60	600	5846	5.994403e+03	1090	7.689291e+02	60	600	1.571511e-01	1.136909e-01	
6.010000e+01	601	288	7.480666e+02	5790	5.790361e+03	6.010000e+01	601	9.526160e-01	8.855892e-01	
6.020000e+01	602	5.699000e+02	7.480666e+02	5221	5.790361e+03	6.020000e+01	602	9.015870e-01	8.855892e-01	
6.030000e+01	603	9.085000e+02	7.480666e+02	5477	5.790361e+03	6.030000e+01	603	8.577245e-01	8.855892e-01	
6.040000e+01	604	1102	7.480666e+02	7061	5.790361e+03	6.040000e+01	604	8.650006e-01	8.855892e-01	
6.050000e+01	605	1.586000e+02	7.480666e+02	5271	5.790361e+03	6.050000e+01	605	9.707897e-01	8.855892e-01	
6.060000e+01	606	9.209000e+02	7.480666e+02	4580	5.790361e+03	6.060000e+01	606	8.325910e-01	8.855892e-01	
6.070000e+01	607	6.238000e+02	7.480666e+02	5618	5.790361e+03	6.070000e+01	607	9.000609e-01	8.855892e-01	
6.080000e+01	608	1127	7.480666e+02	6882	5.790361e+03	6.080000e+01	608	8.592833e-01	8.855892e-01	
6.090000e+01	609	-2.737000e+02	7.480666e+02	4735	5.790361e+03	6.090000e+01	609	1.061350e+00	8.855892e-01	
61	610	-8.442000e+01	7.480666e+02	6194	5.790361e+03	61	610	1.013818e+00	8.855892e-01	
6.110000e+01	611	1301	7.480666e+02	6103	5.790361e+03	6.110000e+01	611	8.242842e-01	8.855892e-01	
6.120000e+01	612	3.377000e+02	7.480666e+02	6189	5.790361e+03	6.120000e+01	612	9.482587e-01	8.855892e-01	
6.130000e+01	613	2764	7.480666e+02	4144	5.790361e+03	6.130000e+01	613	5.998842e-01	8.855892e-01	
6.140000e+01	614	9.169000e+02	7.480666e+02	6467	5.790361e+03	6.140000e+01	614	8.758244e-01	8.855892e-01	
6.150000e+01	615	7.149000e+02	7.480666e+02	5344	5.790361e+03	6.150000e+01	615	8.820083e-01	8.855892e-01	
6.160000e+01	616	9.952000e+02	7.480666e+02	5841	5.790361e+03	6.160000e+01	616	8.544220e-01	8.855892e-01	
6.170000e+01	617	-8.115000e+01	7.480666e+02	5347	5.790361e+03	6.170000e+01	617	1.015411e+00	8.855892e-01	
6.180000e+01	618	9.977000e+02	7.480666e+02	5831	5.790361e+03	6.180000e+01	618	8.538961e-01	8.855892e-01	
6.190000e+01	619	1531	7.480666e+02	6813	5.790361e+03	6.190000e+01	619	8.165149e-01	8.855892e-01	
62	620	1703	7.480666e+02	6886	5.790361e+03	62	620	8.017231e-01	8.855892e-01	
6.210000e+01	621	-3.102000e+02	7.480666e+02	7126	5.790361e+03	6.210000e+01	621	1.045512e+00	8.855892e-01	
6.220000e+01	622	-1.631000e+02	7.480666e+02	4739	5.790361e+03	6.220000e+01	622	1.035643e+00	8.855892e-01	
6.230000e+01	623	1300	7.480666e+02	6062	5.790361e+03	6.230000e+01	623	8.234175e-01	8.855892e-01	
6.240000e+01	624	-2.219000e+02	7.480666e+02	4971	5.790361e+03	6.240000e+01	624	1.046725e+00	8.855892e-01	
6.250000e+01	625	1630	7.480666e+02	5353	5.790361e+03	6.250000e+01	625	7.665760e-01	8.855892e-01	
6.260000e+01	626	7.734000e+01	7.480666e+02	5306	5.790361e+03	6.260000e+01	626	9.856335e-01	8.855892e-01	
6.270000e+01	627	8.247000e+02	7.480666e+02	6429	5.790361e+03	6.270000e+01	627	8.863063e-01	8.855892e-01	
6.280000e+01	628	3888	7.480666e+02	3482	5.790361e+03	6.280000e+01	628	4.724559e-01	8.855892e-01	
6.290000e+01	629	4846	5.994403e+03	4.189000e+02	7.689291e+02	6.290000e+01	629	7.956466e-02	1.136909e-01	
63	630	5855	5.994403e+03	9.387000e+02	7.689291e+02	63	630	1.381721e-01	1.136909e-01	
6.310000e+01	631	6014	5.994403e+03	6.031000e+02	7.689291e+02	6.310000e+01	631	9.114265e-02	1.136909e-01	
6.320000e+01	632	7177	5.994403e+03	1223	7.689291e+02	6.320000e+01	632	1.455952e-01	1.136909e-01	
6.330000e+01	633	6879	5.994403e+03	929	7.689291e+02	6.330000e+01	633	1.189805e-01	1.136909e-01	
6.340000e+01	634	7047	5.994403e+03	1465	7.689291e+02	6.340000e+01	634	1.721100e-01	1.136909e-01	
6.350000e+01	635	7519	5.994403e+03	-4.527000e+02	7.689291e+02	6.350000e+01	635	-6.406464e-02	1.136909e-01	
6.360000e+01	636	6819	5.994403e+03	7.892000e+02	7.689291e+02	6.360000e+01	636	1.037302e-01	1.136909e-01	
6.370000e+01	637	5720	5.994403e+03	5.573000e+01	7.689291e+02	6.370000e+01	637	9.648997e-03	1.136909e-01	
6.380000e+01	638	6186	5.994403e+03	1032	7.689291e+02	6.380000e+01	638	1.429759e-01	1.136909e-01	
6.390000e+01	639	6348	5.994403e+03	9.513000e+02	7.689291e+02	6.390000e+01	639	1.303276e-01	1.136909e-01	
64	640	4951	5.994403e+03	2.458000e+02	7.689291e+02	64	640	4.729834e-02	1.136909e-01	
6.410000e+01	641	5464	5.994403e+03	3.606000e+02	7.689291e+02	6.410000e+01	641	6.190983e-02	1.136909e-01	
6.420000e+01	642	6799	5.994403e+03	2.976000e+02	7.689291e+02	6.420000e+01	642	4.193557e-02	1.136909e-01	
6.430000e+01	643	6126	5.994403e+03	-2.559000e+02	7.689291e+02	6.430000e+01	643	-4.359381e-02	1.136909e-01	
6.440000e+01	644	5798	5.994403e+03	-3.286000e+00	7.689291e+02	6.440000e+01	644	-5.670685e-04	1.136909e-01	
6.450000e+01	645	6373	5.994403e+03	5.403000e+02	7.689291e+02	6.450000e+01	645	7.815370e-02	1.136909e-01	
6.460000e+01	646	5850	5.994403e+03	1385	7.689291e+02	6.460000e+01	646	1.914305e-01	1.136909e-01	
6.470000e+01	647	5553	5.994403e+03	1.922000e+02	7.689291e+02	6.470000e+01	647	3.345401e-02	1.136909e-01	
6.480000e+01	648	5977	5.994403e+03	6.686000e+02	7.689291e+02	6.480000e+01	648	1.006079e-01	1.136909e-01	
6.490000e+01	649	4786	5.994403e+03	1590	7.689291e+02	6.490000e+01	649	2.493726e-01	1.136909e-01	
65	650	3037	3.087264e+03	4049	3.630447e+03	65	650	5.714084e-01	5.404292e-01	
6.510000e+01	651	3168	3.087264e+03	5155	3.630447e+03	6.510000e+01	651	6.193680e-01	5.404292e-01	
6.520000e+01	652	3171	3.087264e+03	2921	3.630447e+03	6.520000e+01	652	4.794813e-01	5.404292e-01	
6.530000e+01	653	3599	3.087264e+03	4633	3.630447e+03	6.530000e+01	653	5.628037e-01	5.404292e-01	
6.540000e+01	654	3508	3.087264e+03	3636	3.630447e+03	6.540000e+01	654	5.089586e-01	5.404292e-01	
6.550000e+01	655	2478	3.087264e+03	3640	3.630447e+03	6.550000e+01	655	5.949657e-01	5.404292e-01	
6.560000e+01	656	4348	3.087264e+03	3925	3.630447e+03	6.560000e+01	656	4.744349e-01	5.404292e-01	
6.570000e+01	657	3783	3.087264e+03	2161	3.630447e+03	6.570000e+01	657	3.635599e-01	5.404292e-01	
6.580000e+01	658	3699	3.087264e+03	3671	3.630447e+03	6.580000e+01	658	4.981004e-01	5.404292e-01	
6.590000e+01	659	3202	3.087264e+03	3794	3.630447e+03	6.590000e+01	659	5.423099e-01	5.404292e-01	
66	660	2765	3.087264e+03	3289	3.630447e+03	66	660	5.432772e-01	5.404292e-01	
6.610000e+01	661	3495	3.087264e+03	4383	3.630447e+03	6.610000e+01	661	5.563595e-01	5.404292e-01	
6.620000e+01	662	4493	3.087264e+03	2535	3.630447e+03	6.620000e+01	662	3.607001e-01	5.404292e-01	
6.630000e+01	663	3786	3.087264e+03	2753	3.630447e+03	6.630000e+01	663	4.210124e-01	5.404292e-01	
6.640000e+01	664	3689	3.087264e+03	4450	3.630447e+03	6.640000e+01	664	5.467502e-01	5.404292e-01	
6.650000e+01	665	2738	3.087264e+03	4516	3.630447e+03	6.650000e+01	665	6.225531e-01	5.404292e-01	
6.660000e+01	666	3822	3.087264e+03	3419	3.630447e+03	6.660000e+01	666	4.721724e-01	5.404292e-01	
6.670000e+01	667	3134	3.087264e+03	3463	3.630447e+03	6.670000e+01	667	5.249356e-01	5.404292e-01	
6.680000e+01	668	2016	3.087264e+03	4084	3.630447e+03	6.680000e+01	668	6.695082e-01	5.404292e-01	
6.690000e+01	669	3058	3.087264e+03	2520	3.630447e+03	6.690000e+01	669	4.517748e-01	5.404292e-01	
67	670	3541	3.087264e+03	2264	3.630447e+03	67	670	3.900086e-01	5.404292e-01	
6.710000e+01	671	3140	3.087264e+03	3286	3.630447e+03	6.710000e+01	671	5.113601e-01	5.404292e-01	
6.720000e+01	672	3280	3.087264e+03	4588	3.630447e+03	6.720000e+01	672	5.831215e-01	5.404292e-01	
6.730000e+01	673	3605	3.087264e+03	3976	3.630447e+03	6.730000e+01	673	5.244691e-01	5.404292e-01	
6.740000e+01	674	3641	3.087264e+03	3885	3.630447e+03	6.740000e+01	674	5.162105e-01	5.404292e-01	
6.750000e+01	675	3740	3.087264e+03	2423	3.630447e+03	6.750000e+01	675	3.931527e-01	5.404292e-01	
6.760000e+01	676	3448	3.087264e+03	3645	3.630447e+03	6.760000e+01	676	5.138869e-01	5.404292e-01	
6.770000e+01	677	3912	3.087264e+03	4086	3.630447e+03	6.770000e+01	677	5.108777e-01	5.404292e-01	
6.780000e+01	678	3017	3.087264e+03	3058	3.630447e+03	6.780000e+01	678	5.033745e-01	5.404292e-01	
6.790000e+01	679	3437	3.087264e+03	3511	3.630447e+03	6.790000e+01	679	5.053253e-01	5.404292e-01	
68	680	2847	3.087264e+03	3124	3.630447e+03	68	680	5.231954e-01	5.404292e-01	
6.810000e+01	681	3151	3.087264e+03	2398	3.630447e+03	6.810000e+01	681	4.321499e-01	5.404292e-01	
6.820000e+01	682	3667	3.087264e+03	4214	3.630447e+03	6.820000e+01	682	5.347037e-01	5.404292e-01	
6.830000e+01	683	2859	3.087264e+03	4333	3.630447e+03	6.830000e+01	683	6.024750e-01	5.404292e-01	
6.840000e+01	684	4860	3.087264e+03	3973	3.630447e+03	6.840000e+01	684	4.497906e-01	5.404292e-01	
6.850000e+01	685	2845	3.087264e+03	3458	3.630447e+03	6.850000e+01	685	5.486276e-01	5.404292e-01	
6.860000e+01	686	3871	3.087264e+03	4250	3.630447e+03	6.860000e+01	686	5.233346e-01	5.404292e-01	
6.870000e+01	687	1863	3.087264e+03	4382	3.630447e+03	6.870000e+01	687	7.016813e-01	5.404292e-01	
6.880000e+01	688	3220	3.087264e+03	3877	3.630447e+03	6.880000e+01	688	5.462872e-01	5.404292e-01	
6.890000e+01	689	3332	3.087264e+03	2815	3.630447e+03	6.890000e+01	689	4.579470e-01	5.404292e-01	
69	690	1543	3.087264e+03	3938	3.630447e+03	69	690	7.184820e-01	5.404292e-01	
6.910000e+01	691	4021	3.087264e+03	3647	3.630447e+03	6.910000e+01	691	4.756129e-01	5.404292e-01	
6.920000e+01	692	2899	3.087264e+03	3163	3.630447e+03	6.920000e+01	692	5.217750e-01	5.404292e-01	
6.930000e+01	693	3389	3.087264e+03	3053	3.630447e+03	6.930000e+01	693	4.739211e-01	5.404292e-01	
6.940000e+01	694	3182	3.087264e+03	3441	3.630447e+03	6.940000e+01	694	5.195531e-01	5.404292e-01	
6.950000e+01	695	3233	3.087264e+03	4397	3.630447e+03	6.950000e+01	695	5.762779e-01	5.404292e-01	
6.960000e+01	696	3818	3.087264e+03	3196	3.630447e+03	6.960000e+01	696	4.556601e-01	5.404292e-01	
6.970000e+01	697	1427	3.087264e+03	3042	3.630447e+03	6.970000e+01	697	6.806892e-01	5.404292e-01	
6.980000e+01	698	2863	3.087264e+03	3736	3.630447e+03	6.980000e+01	698	5.661464e-01	5.404292e-01	
6.990000e+01	699	3534	3.087264e+03	3687	3.630447e+03	6.990000e+01	699	5.105941e-01	5.404292e-01	
70	700	3327	3.087264e+03	3792	3.630447e+03	70	700	5.326591e-01	5.404292e-01	
7.010000e+01	701	3065	3.087264e+03	3869	3.630447e+03	7.010000e+01	701	5.579752e-01	5.404292e-01	
7.020000e+01	702	3362	3.087264e+03	3563	3.630447e+03	7.020000e+01	702	5.145126e-01	5.404292e-01	
7.030000e+01	703	3668	3.087264e+03	3727	3.630447e+03	7.030000e+01	703	5.039892e-01	5.404292e-01	
7.040000e+01	704	3509	3.087264e+03	4097	3.630447e+03	7.040000e+01	704	5.386537e-01	5.404292e-01	
7.050000e+01	705	2304	3.087264e+03	2871	3.630447e+03	7.050000e+01	705	5.547826e-01	5.404292e-01	
7.060000e+01	706	2919	3.087264e+03	3811	3.630447e+03	7.060000e+01	706	5.662704e-01	5.404292e-01	
7.070000e+01	707	2057	3.087264e+03	3923	3.630447e+03	7.070000e+01	707	6.560201e-01	5.404292e-01	
7.080000e+01	708	3138	3.087264e+03	2617	3.630447e+03	7.080000e+01	708	4.547350e-01	5.404292e-01	
7.090000e+01	709	2926	3.087264e+03	4226	3.630447e+03	7.090000e+01	709	5.908837e-01	5.404292e-01	
71	710	1946	3.087264e+03	2982	3.630447e+03	71	710	6.051136e-01	5.404292e-01	
7.110000e+01	711	2532	3.087264e+03	2960	3.630447e+03	7.110000e+01	711	5.389658e-01	5.404292e-01	
7.120000e+01	712	2730	3.087264e+03	3335	3.630447e+03	7.120000e+01	712	5.498763e-01	5.404292e-01	
7.130000e+01	713	2502	3.087264e+03	3092	3.630447e+03	7.130000e+01	713	5.527351e-01	5.404292e-01	
7.140000e+01	714	-15	7.480666e+02	6239	5.790361e+03	7.140000e+01	714	1.002410e+00	8.855892e-01	
7.150000e+01	715	1053	7.480666e+02	4985	5.790361e+03	7.150000e+01	715	8.256045e-01	8.855892e-01	
7.160000e+01	716	4.602000e+02	7.480666e+02	6122	5.790361e+03	7.160000e+01	716	9.300842e-01	8.855892e-01	
7.170000e+01	717	1153	7.480666e+02	6416	5.790361e+03	7.170000e+01	717	8.476681e-01	8.855892e-01	
7.180000e+01	718	2515	7.480666e+02	3964	5.790361e+03	7.180000e+01	718	6.118228e-01	8.855892e-01	
7.190000e+01	719	5628	5.994403e+03	1103	7.689291e+02	7.190000e+01	719	1.638687e-01	1.136909e-01	
72	720	6625	5.994403e+03	7.939000e+02	7.689291e+02	72	720	1.070105e-01	1.136909e-01	
7.210000e+01	721	3392	3.087264e+03	2630	3.630447e+03	7.210000e+01	721	4.367320e-01	5.404292e-01	
7.220000e+01	722	2670	3.087264e+03	2495	3.630447e+03	7.220000e+01	722	4.830591e-01	5.404292e-01	
7.230000e+01	723	3341	3.087264e+03	4034	3.630447e+03	7.230000e+01	723	5.469831e-01	5.404292e-01	
7.240000e+01	724	3265	3.087264e+03	2445	3.630447e+03	7.240000e+01	724	4.281961e-01	5.404292e-01	
7.250000e+01	725	4123	3.087264e+03	3404	3.630447e+03	7.250000e+01	725	4.522386e-01	5.404292e-01	
7.260000e+01	726	2904	3.087264e+03	3283	3.630447e+03	7.260000e+01	726	5.306287e-01	5.404292e-01	
7.270000e+01	727	2795	3.087264e+03	2903	3.630447e+03	7.270000e+01	727	5.094770e-01	5.404292e-01	
7.280000e+01	728	2633	3.087264e+03	4538	3.630447e+03	7.280000e+01	728	6.328267e-01	5.404292e-01	
7.290000e+01	729	4431	3.087264e+03	4132	3.630447e+03	7.290000e+01	729	4.825412e-01	5.404292e-01	
73	730	2703	3.087264e+03	4093	3.630447e+03	73	730	6.022660e-01	5.404292e-01	
7.310000e+01	731	2826	3.087264e+03	3851	3.630447e+03	7.310000e+01	731	5.767560e-01	5.404292e-01	
7.320000e+01	732	2426	3.087264e+03	3149	3.630447e+03	7.320000e+01	732	5.648430e-01	5.404292e-01	
7.330000e+01	733	2624	3.087264e+03	3367	3.630447e+03	7.330000e+01	733	5.620097e-01	5.404292e-01	
7.340000e+01	734	2600	3.087264e+03	2784	3.630447e+03	7.340000e+01	734	5.170877e-01	5.404292e-01	
7.350000e+01	735	2713	3.087264e+03	2455	3.630447e+03	7.350000e+01	735	4.750387e-01	5.404292e-01	
7.360000e+01	736	2184	3.087264e+03	4376	3.630447e+03	7.360000e+01	736	6.670732e-01	5.404292e-01	
7.370000e+01	737	2325	3.087264e+03	4594	3.630447e+03	7.370000e+01	737	6.639688e-01	5.404292e-01	
7.380000e+01	738	4206	3.087264e+03	2101	3.630447e+03	7.380000e+01	738	3.331219e-01	5.404292e-01	
7.390000e+01	739	3355	3.087264e+03	4093	3.630447e+03	7.390000e+01	739	5.495435e-01	5.404292e-01	
74	740	3422	3.087264e+03	3191	3.630447e+03	74	740	4.825344e-01	5.404292e-01	
7.410000e+01	741	1304	7.480666e+02	4385	3.630447e+03	7.410000e+01	741	7.707857e-01	5.404292e-01	
7.420000e+01	742	4.899000e+02	7.480666e+02	5141	5.790361e+03	7.420000e+01	742	9.129979e-01	8.855892e-01	
7.430000e+01	743	3.853000e+02	7.480666e+02	6734	5.790361e+03	7.430000e+01	743	9.458795e-01	8.855892e-01	
7.440000e+01	744	1337	7.480666e+02	6560	5.790361e+03	7.440000e+01	744	8.306952e-01	8.855892e-01	
7.450000e+01	745	-1.703000e+01	7.480666e+02	5796	5.790361e+03	7.450000e+01	745	1.002947e+00	8.855892e-01	
7.460000e+01	746	-1.384000e+02	7.480666e+02	7667	5.790361e+03	7.460000e+01	746	1.018383e+00	8.855892e-01	
7.470000e+01	747	1.259000e+02	7.480666e+02	5905	5.790361e+03	7.470000e+01	747	9.791242e-01	8.855892e-01	
7.480000e+01	748	1356	7.480666e+02	5778	5.790361e+03	7.480000e+01	748	8.099243e-01	8.855892e-01	
7.490000e+01	749	8.931000e+02	7.480666e+02	5284	5.790361e+03	7.490000e+01	749	8.554176e-01	8.855892e-01	
75	750	6.849000e+01	7.480666e+02	5445	5.790361e+03	75	750	9.875777e-01	8.855892e-01	
7.510000e+01	751	6.472000e+02	7.480666e+02	6310	5.790361e+03	7.510000e+01	751	9.069741e-01	8.855892e-01	
7.520000e+01	752	-6.294000e+01	7.480666e+02	5718	5.790361e+03	7.520000e+01	752	1.011130e+00	8.855892e-01	
7.530000e+01	753	244	7.480666e+02	7092	5.790361e+03	7.530000e+01	753	9.667394e-01	8.855892e-01	
7.540000e+01	754	5.225000e+02	7.480666e+02	7279	5.790361e+03	7.540000e+01	754	9.330257e-01	8.855892e-01	
7.550000e+01	755	217	7.480666e+02	6075	5.790361e+03	7.550000e+01	755	9.655118e-01	8.855892e-01	
7.560000e+01	756	673	7.480666e+02	5048	5.790361e+03	7.560000e+01	756	8.823632e-01	8.855892e-01	
7.570000e+01	757	2171	3.087264e+03	3211	3.630447e+03	7.570000e+01	757	5.966184e-01	5.404292e-01	
7.580000e+01	758	3789	3.087264e+03	3536	3.630447e+03	7.580000e+01	758	4.827304e-01	5.404292e-01	
7.590000e+01	759	3967	3.087264e+03	3422	3.630447e+03	7.590000e+01	759	4.631209e-01	5.404292e-01	
76	760	3344	3.087264e+03	3965	3.630447e+03	76	760	5.424819e-01	5.404292e-01	
7.610000e+01	761	2636	3.087264e+03	4338	3.630447e+03	7.610000e+01	761	6.220247e-01	5.404292e-01	
7.620000e+01	762	2707	3.087264e+03	3787	3.630447e+03	7.620000e+01	762	5.831537e-01	5.404292e-01	
7.630000e+01	763	4438	3.087264e+03	3614	3.630447e+03	7.630000e+01	763	4.488326e-01	5.404292e-01	
7.640000e+01	764	2920	3.087264e+03	2969	3.630447e+03	7.640000e+01	764	5.041603e-01	5.404292e-01	
7.650000e+01	765	2621	3.087264e+03	3638	3.630447e+03	7.650000e+01	765	5.812430e-01	5.404292e-01	
7.660000e+01	766	2604	3.087264e+03	3041	3.630447e+03	7.660000e+01	766	5.387068e-01	5.404292e-01	
7.670000e+01	767	3065	3.087264e+03	3700	3.630447e+03	7.670000e+01	767	5.469327e-01	5.404292e-01	
7.680000e+01	768	2098	3.087264e+03	4120	3.630447e+03	7.680000e+01	768	6.625925e-01	5.404292e-01	
7.690000e+01	769	1720	3.087264e+03	2648	3.630447e+03	7.690000e+01	769	6.062271e-01	5.404292e-01	
77	770	3075	3.087264e+03	4118	3.630447e+03	77	770	5.725010e-01	5.404292e-01	
7.710000e+01	771	3546	3.087264e+03	4071	3.630447e+03	7.710000e+01	771	5.344624e-01	5.404292e-01	
7.720000e+01	772	2901	3.087264e+03	4862	3.630447e+03	7.720000e+01	772	6.263043e-01	5.404292e-01	
7.730000e+01	773	3105	3.087264e+03	4289	3.630447e+03	7.730000e+01	773	5.800649e-01	5.404292e-01	
7.740000e+01	774	2718	3.087264e+03	3334	3.630447e+03	7.740000e+01	774	5.508923e-01	5.404292e-01	
7.750000e+01	775	2632	3.087264e+03	3549	3.630447e+03	7.750000e+01	775	5.741789e-01	5.404292e-01	
7.760000e+01	776	2588	3.087264e+03	3509	3.630447e+03	7.760000e+01	776	5.755289e-01	5.404292e-01	
7.770000e+01	777	3255	3.087264e+03	5023	3.630447e+03	7.770000e+01	777	6.067891e-01	5.404292e-01	
7.780000e+01	778	2958	3.087264e+03	3931	3.630447e+03	7.780000e+01	778	5.706198e-01	5.404292e-01	
7.790000e+01	779	2512	3.087264e+03	3530	3.630447e+03	7.790000e+01	779	5.842436e-01	5.404292e-01	
78	780	3900	3.087264e+03	4351	3.630447e+03	78	780	5.273300e-01	5.404292e-01	
7.810000e+01	781	2520	3.087264e+03	3476	3.630447e+03	7.810000e+01	781	5.797198e-01	5.404292e-01	
7.820000e+01	782	3646	3.087264e+03	2995	3.630447e+03	7.820000e+01	782	4.509863e-01	5.404292e-01	
7.830000e+01	783	3387	3.087264e+03	3051	3.630447e+03	7.830000e+01	783	4.739049e-01	5.404292e-01	
7.840000e+01	784	1934	3.087264e+03	4452	3.630447e+03	7.840000e+01	784	6.971500e-01	5.404292e-01	
7.850000e+01	785	2148	3.087264e+03	3783	3.630447e+03	7.850000e+01	785	6.378351e-01	5.404292e-01	
7.860000e+01	786	3589	3.087264e+03	3838	3.630447e+03	7.860000e+01	786	5.167632e-01	5.404292e-01	
7.870000e+01	787	3348	3.087264e+03	3753	3.630447e+03	7.870000e+01	787	5.285171e-01	5.404292e-01	
7.880000e+01	788	2754	3.087264e+03	3218	3.630447e+03	7.880000e+01	788	5.388480e-01	5.404292e-01	
7.890000e+01	789	2368	3.087264e+03	3633	3.630447e+03	7.890000e+01	789	6.053991e-01	5.404292e-01	
79	790	2597	3.087264e+03	3269	3.630447e+03	79	790	5.572792e-01	5.404292e-01	
7.910000e+01	791	2667	3.087264e+03	3636	3.630447e+03	7.910000e+01	791	5.768682e-01	5.404292e-01	
7.920000e+01	792	3496	3.087264e+03	3872	3.630447e+03	7.920000e+01	792	5.255157e-01	5.404292e-01	
7.930000e+01	793	2842	3.087264e+03	3232	3.630447e+03	7.930000e+01	793	5.321041e-01	5.404292e-01	
7.940000e+01	794	3801	3.087264e+03	3012	3.630447e+03	7.940000e+01	794	4.420960e-01	5.404292e-01	
7.950000e+01	795	2757	3.087264e+03	3604	3.630447e+03	7.950000e+01	795	5.665776e-01	5.404292e-01	
7.960000e+01	796	3697	3.087264e+03	3460	3.630447e+03	7.960000e+01	796	4.834428e-01	5.404292e-01	
7.970000e+01	797	4032	3.087264e+03	4365	3.630447e+03	7.970000e+01	797	5.198285e-01	5.404292e-01	
7.980000e+01	798	1834	3.087264e+03	3877	3.630447e+03	7.980000e+01	798	6.788653e-01	5.404292e-01	
7.990000e+01	799	2315	3.087264e+03	3367	3.630447e+03	7.990000e+01	799	5.925730e-01	5.404292e-01	
80	800	4077	3.087264e+03	3116	3.630447e+03	80	800	4.331989e-01	5.404292e-01	
8.010000e+01	801	3108	3.087264e+03	3735	3.630447e+03	8.010000e+01	801	5.458132e-01	5.404292e-01	
8.020000e+01	802	2724	3.087264e+03	3700	3.630447e+03	8.020000e+01	802	5.759651e-01	5.404292e-01	
8.030000e+01	803	4.038000e+02	7.480666e+02	5365	5.790361e+03	8.030000e+01	803	9.300028e-01	8.855892e-01	
8.040000e+01	804	2.166000e+02	7.480666e+02	5921	5.790361e+03	8.040000e+01	804	9.647093e-01	8.855892e-01	
8.050000e+01	805	6.235000e+02	7.480666e+02	7056	5.790361e+03	8.050000e+01	805	9.188098e-01	8.855892e-01	
8.060000e+01	806	-3.038000e+00	7.480666e+02	6729	5.790361e+03	8.060000e+01	806	1.000452e+00	8.855892e-01	
8.070000e+01	807	2314	7.480666e+02	3365	5.790361e+03	8.070000e+01	807	5.925339e-01	8.855892e-01	
8.080000e+01	808	5322	5.994403e+03	2.283000e+02	7.689291e+02	8.080000e+01	808	4.113291e-02	1.136909e-01	
8.090000e+01	809	4621	5.994403e+03	1649	7.689291e+02	8.090000e+01	809	2.629984e-01	1.136909e-01	
81	810	4.714000e+02	7.480666e+02	5930	5.790361e+03	81	810	9.263599e-01	8.855892e-01	
8.110000e+01	811	1349	7.480666e+02	5702	5.790361e+03	8.110000e+01	811	8.086796e-01	8.855892e-01	
8.120000e+01	812	2.689000e+02	7.480666e+02	6291	5.790361e+03	8.120000e+01	812	9.590085e-01	8.855892e-01	
8.130000e+01	813	1185	7.480666e+02	6162	5.790361e+03	8.130000e+01	813	8.387097e-01	8.855892e-01	
8.140000e+01	814	2547	3.087264e+03	4387	3.630447e+03	8.140000e+01	814	6.326796e-01	5.404292e-01	
8.150000e+01	815	2583	3.087264e+03	3607	3.630447e+03	8.150000e+01	815	5.827141e-01	5.404292e-01	
8.160000e+01	816	2557	3.087264e+03	4074	3.630447e+03	8.160000e+01	816	6.143870e-01	5.404292e-01	
8.170000e+01	817	3623	3.087264e+03	4173	3.630447e+03	8.170000e+01	817	5.352745e-01	5.404292e-01	
8.180000e+01	818	3163	3.087264e+03	3946	3.630447e+03	8.180000e+01	818	5.550710e-01	5.404292e-01	
8.190000e+01	819	2269	3.087264e+03	3228	3.630447e+03	8.190000e+01	819	5.872294e-01	5.404292e-01	
82	820	3817	3.087264e+03	3631	3.630447e+03	82	820	4.875134e-01	5.404292e-01	
8.210000e+01	821	3753	3.087264e+03	2629	3.630447e+03	8.210000e+01	821	4.119398e-01	5.404292e-01	
8.220000e+01	822	4251	3.087264e+03	4110	3.630447e+03	8.220000e+01	822	4.915680e-01	5.404292e-01	
8.230000e+01	823	3878	3.087264e+03	3705	3.630447e+03	8.230000e+01	823	4.885929e-01	5.404292e-01	
8.240000e+01	824	2706	3.087264e+03	4117	3.630447e+03	8.240000e+01	824	6.034003e-01	5.404292e-01	
8.250000e+01	825	4027	3.087264e+03	3434	3.630447e+03	8.250000e+01	825	4.602600e-01	5.404292e-01	
8.260000e+01	826	2965	3.087264e+03	3671	3.630447e+03	8.260000e+01	826	5.531947e-01	5.404292e-01	
8.270000e+01	827	2080	3.087264e+03	4332	3.630447e+03	8.270000e+01	827	6.756082e-01	5.404292e-01	
8.280000e+01	828	1339	7.480666e+02	6018	5.790361e+03	8.280000e+01	828	8.179965e-01	8.855892e-01	
8.290000e+01	829	2.124000e+02	7.480666e+02	4941	5.790361e+03	8.290000e+01	829	9.587845e-01	8.855892e-01	
83	830	1432	7.480666e+02	5201	5.790361e+03	83	830	7.841098e-01	8.855892e-01	
8.310000e+01	831	7.812000e+02	7.480666e+02	5714	5.790361e+03	8.310000e+01	831	8.797266e-01	8.855892e-01	
8.320000e+01	832	7.906000e+02	7.480666e+02	5904	5.790361e+03	8.320000e+01	832	8.819048e-01	8.855892e-01	
8.330000e+01	833	1518	7.480666e+02	5107	5.790361e+03	8.330000e+01	833	7.708679e-01	8.855892e-01	
8.340000e+01	834	1597	7.480666e+02	5626	5.790361e+03	8.340000e+01	834	7.789007e-01	8.855892e-01	
8.350000e+01	835	6.588000e+02	7.480666e+02	6390	5.790361e+03	8.350000e+01	835	9.065373e-01	8.855892e-01	
8.360000e+01	836	7.238000e+02	7.480666e+02	6075	5.790361e+03	8.360000e+01	836	8.935400e-01	8.855892e-01	
8.370000e+01	837	-4.439000e+02	7.480666e+02	4281	5.790361e+03	8.370000e+01	837	1.115686e+00	8.855892e-01	
8.380000e+01	838	1484	7.480666e+02	6443	5.790361e+03	8.380000e+01	838	8.127917e-01	8.855892e-01	
8.390000e+01	839	6.359000e+02	7.480666e+02	5032	5.790361e+03	8.390000e+01	839	8.878068e-01	8.855892e-01	
84	840	8.892000e+02	7.480666e+02	7577	5.790361e+03	84	840	8.949706e-01	8.855892e-01	
8.410000e+01	841	1208	7.480666e+02	4579	5.790361e+03	8.410000e+01	841	7.912563e-01	8.855892e-01	
8.420000e+01	842	872	7.480666e+02	5511	5.790361e+03	8.420000e+01	842	8.633871e-01	8.855892e-01	
8.430000e+01	843	1398	7.480666e+02	7380	5.790361e+03	8.430000e+01	843	8.407382e-01	8.855892e-01	
8.440000e+01	844	5.291000e+02	7.480666e+02	4908	5.790361e+03	8.440000e+01	844	9.026871e-01	8.855892e-01	
8.450000e+01	845	1033	7.480666e+02	6514	5.790361e+03	8.450000e+01	845	8.631244e-01	8.855892e-01	
8.460000e+01	846	1012	7.480666e+02	5901	5.790361e+03	8.460000e+01	846	8.536091e-01	8.855892e-01	
8.470000e+01	847	8.587000e+02	7.480666e+02	4684	5.790361e+03	8.470000e+01	847	8.450755e-01	8.855892e-01	
8.480000e+01	848	1411	7.480666e+02	7100	5.790361e+03	8.480000e+01	848	8.342145e-01	8.855892e-01	
8.490000e+01	849	562	7.480666e+02	6717	5.790361e+03	8.490000e+01	849	9.227916e-01	8.855892e-01	
85	850	9.923000e+02	7.480666e+02	5889	5.790361e+03	85	850	8.557976e-01	8.855892e-01	
8.510000e+01	851	-4.098000e+02	7.480666e+02	4561	5.790361e+03	8.510000e+01	851	1.098718e+00	8.855892e-01	
8.520000e+01	852	700	7.480666e+02	5677	5.790361e+03	8.520000e+01	852	8.902305e-01	8.855892e-01	
8.530000e+01	853	2.974000e+02	7.480666e+02	4727	5.790361e+03	8.530000e+01	853	9.408089e-01	8.855892e-01	
8.540000e+01	854	4.292000e+02	7.480666e+02	5877	5.790361e+03	8.540000e+01	854	9.319400e-01	8.855892e-01	
8.550000e+01	855	9.448000e+02	7.480666e+02	6059	5.790361e+03	8.550000e+01	855	8.651018e-01	8.855892e-01	
8.560000e+01	856	-3.927000e+02	7.480666e+02	6130	5.790361e+03	8.560000e+01	856	1.068447e+00	8.855892e-01	
8.570000e+01	857	4.215000e+02	7.480666e+02	4684	5.790361e+03	8.570000e+01	857	9.174420e-01	8.855892e-01	
8.580000e+01	858	-2.735000e+01	7.480666e+02	6918	5.790361e+03	8.580000e+01	858	1.003969e+00	8.855892e-01	
8.590000e+01	859	4.609000e+02	7.480666e+02	4707	5.790361e+03	8.590000e+01	859	9.108148e-01	8.855892e-01	
86	860	1025	7.480666e+02	4568	5.790361e+03	86	860	8.167352e-01	8.855892e-01	
8.610000e+01	861	1310	7.480666e+02	5407	5.790361e+03	8.610000e+01	861	8.049725e-01	8.855892e-01	
8.620000e+01	862	504	7.480666e+02	5549	5.790361e+03	8.620000e+01	862	9.167355e-01	8.855892e-01	
8.630000e+01	863	3.252000e+02	7.480666e+02	6497	5.790361e+03	8.630000e+01	863	9.523321e-01	8.855892e-01	
8.640000e+01	864	473	7.480666e+02	5560	5.790361e+03	8.640000e+01	864	9.215979e-01	8.855892e-01	
8.650000e+01	865	1178	7.480666e+02	6186	5.790361e+03	8.650000e+01	865	8.400326e-01	8.855892e-01	
8.660000e+01	866	1416	7.480666e+02	5648	5.790361e+03	8.660000e+01	866	7.995470e-01	8.855892e-01	
8.670000e+01	867	1796	7.480666e+02	5879	5.790361e+03	8.670000e+01	867	7.659935e-01	8.855892e-01	
8.680000e+01	868	344	7.480666e+02	7030	5.790361e+03	8.680000e+01	868	9.533496e-01	8.855892e-01	
8.690000e+01	869	6.288000e+02	7.480666e+02	5400	5.790361e+03	8.690000e+01	869	8.957006e-01	8.855892e-01	
87	870	5.101000e+02	7.480666e+02	5467	5.790361e+03	87	870	9.146576e-01	8.855892e-01	
8.710000e+01	871	1246	7.480666e+02	5177	5.790361e+03	8.710000e+01	871	8.060097e-01	8.855892e-01	
8.720000e+01	872	-1.205000e+02	7.480666e+02	5602	5.790361e+03	8.720000e+01	872	1.021983e+00	8.855892e-01	
8.730000e+01	873	7.548000e+02	7.480666e+02	7012	5.790361e+03	8.730000e+01	873	9.028171e-01	8.855892e-01	
8.740000e+01	874	4.778000e+02	7.480666e+02	6662	5.790361e+03	8.740000e+01	874	9.330794e-01	8.855892e-01	
8.750000e+01	875	2.092000e+02	7.480666e+02	6383	5.790361e+03	8.750000e+01	875	9.682655e-01	8.855892e-01	
8.760000e+01	876	3.721000e+02	7.480666e+02	4176	5.790361e+03	8.760000e+01	876	9.181856e-01	8.855892e-01	
8.770000e+01	877	7.122000e+02	7.480666e+02	7107	5.790361e+03	8.770000e+01	877	9.089165e-01	8.855892e-01	
8.780000e+01	878	2.171000e+02	7.480666e+02	5836	5.790361e+03	8.780000e+01	878	9.641341e-01	8.855892e-01	
8.790000e+01	879	1.818000e+02	7.480666e+02	8329	5.790361e+03	8.790000e+01	879	9.786389e-01	8.855892e-01	
88	880	-1.834000e+01	7.480666e+02	6474	5.790361e+03	88	880	1.002841e+00	8.855892e-01	
8.810000e+01	881	8.241000e+02	7.480666e+02	5626	5.790361e+03	8.810000e+01	881	8.722345e-01	8.855892e-01	
8.820000e+01	882	9.713000e+02	7.480666e+02	4489	5.790361e+03	8.820000e+01	882	8.221160e-01	8.855892e-01	
8.830000e+01	883	963	7.480666e+02	6285	5.790361e+03	8.830000e+01	883	8.671358e-01	8.855892e-01	
8.840000e+01	884	9.948000e+01	7.480666e+02	4558	5.790361e+03	8.840000e+01	884	9.786408e-01	8.855892e-01	
8.850000e+01	885	1145	7.480666e+02	5419	5.790361e+03	8.850000e+01	885	8.255637e-01	8.855892e-01	
8.860000e+01	886	4.919000e+02	7.480666e+02	5067	5.790361e+03	8.860000e+01	886	9.115113e-01	8.855892e-01	
8.870000e+01	887	6.957000e+02	7.480666e+02	5787	5.790361e+03	8.870000e+01	887	8.926836e-01	8.855892e-01	
8.880000e+01	888	1518	7.480666e+02	5147	5.790361e+03	8.880000e+01	888	7.722431e-01	8.855892e-01	
8.890000e+01	889	1.810000e+01	7.480666e+02	5161	5.790361e+03	8.890000e+01	889	9.965052e-01	8.855892e-01	
89	890	4.709000e+02	7.480666e+02	3873	3.630447e+03	89	890	8.915951e-01	8.855892e-01	
8.910000e+01	891	3.424000e+02	7.480666e+02	3392	3.630447e+03	8.910000e+01	891	9.083119e-01	8.855892e-01	
8.920000e+01	892	182	7.480666e+02	6655	5.790361e+03	8.920000e+01	892	9.733801e-01	8.855892e-01	
8.930000e+01	893	-2.477000e+02	7.480666e+02	5996	5.790361e+03	8.930000e+01	893	1.043091e+00	8.855892e-01	
8.940000e+01	894	1372	7.480666e+02	6436	5.790361e+03	8.940000e+01	894	8.242828e-01	8.855892e-01	
8.950000e+01	895	-1.114000e+02	7.480666e+02	5001	5.790361e+03	8.950000e+01	895	1.022783e+00	8.855892e-01	
8.960000e+01	896	1528	7.480666e+02	8359	5.790361e+03	8.960000e+01	896	8.454536e-01	8.855892e-01	
8.970000e+01	897	3.667000e+02	7.480666e+02	5916	5.790361e+03	8.970000e+01	897	9.416334e-01	8.855892e-01	
8.980000e+01	898	2.189000e+02	7.480666e+02	4624	5.790361e+03	8.980000e+01	898	9.547998e-01	8.855892e-01	
8.990000e+01	899	7.184000e+02	7.480666e+02	6236	5.790361e+03	8.990000e+01	899	8.966985e-01	8.855892e-01	
90	900	9.088000e+02	7.480666e+02	5100	5.790361e+03	90	900	8.487552e-01	8.855892e-01	
9.010000e+01	901	3881	7.480666e+02	2897	5.790361e+03	9.010000e+01	901	4.274122e-01	8.855892e-01	
9.020000e+01	902	5637	5.994403e+03	5.005000e+02	7.689291e+02	9.020000e+01	902	8.154786e-02	1.136909e-01	
9.030000e+01	903	5811	5.994403e+03	-2.675000e+01	7.689291e+02	9.030000e+01	903	-4.624627e-03	1.136909e-01	
9.040000e+01	904	2833	5.994403e+03	4953	5.790361e+03	9.040000e+01	904	6.361418e-01	1.136909e-01	
9.050000e+01	905	1.402000e+02	7.480666e+02	6381	5.790361e+03	9.050000e+01	905	9.785009e-01	8.855892e-01	
9.060000e+01	906	6.569000e+02	7.480666e+02	3960	5.790361e+03	9.060000e+01	906	8.577184e-01	8.855892e-01	
9.070000e+01	907	6.488000e+02	7.480666e+02	6253	5.790361e+03	9.070000e+01	907	9.059955e-01	8.855892e-01	
9.080000e+01	908	523	7.480666e+02	5742	5.790361e+03	9.080000e+01	908	9.165204e-01	8.855892e-01	
9.090000e+01	909	4.123000e+02	7.480666e+02	6419	5.790361e+03	9.090000e+01	909	9.396455e-01	8.855892e-01	
91	910	1819	7.480666e+02	6945	5.790361e+03	91	910	7.924464e-01	8.855892e-01	
9.110000e+01	911	1053	7.480666e+02	4867	5.790361e+03	9.110000e+01	911	8.221284e-01	8.855892e-01	
9.120000e+01	912	1466	7.480666e+02	5345	5.790361e+03	9.120000e+01	912	7.847599e-01	8.855892e-01	
9.130000e+01	913	1845	7.480666e+02	7270	5.790361e+03	9.130000e+01	913	7.975864e-01	8.855892e-01	
9.140000e+01	914	-4.719000e+02	7.480666e+02	6526	5.790361e+03	9.140000e+01	914	1.077947e+00	8.855892e-01	
9.150000e+01	915	1622	7.480666e+02	5542	5.790361e+03	9.150000e+01	915	7.735902e-01	8.855892e-01	
9.160000e+01	916	2632	7.480666e+02	3859	5.790361e+03	9.160000e+01	916	5.945155e-01	8.855892e-01	
9.170000e+01	917	6842	5.994403e+03	5.338000e+02	7.689291e+02	9.170000e+01	917	7.237181e-02	1.136909e-01	
9.180000e+01	918	6303	5.994403e+03	1306	7.689291e+02	9.180000e+01	918	1.716388e-01	1.136909e-01	
9.190000e+01	919	4955	5.994403e+03	1028	7.689291e+02	9.190000e+01	919	1.718202e-01	1.136909e-01	
92	920	6015	5.994403e+03	1689	7.689291e+02	92	920	2.192368e-01	1.136909e-01	
9.210000e+01	921	5883	5.994403e+03	1680	7.689291e+02	9.210000e+01	921	2.221341e-01	1.136909e-01	
9.220000e+01	922	5348	5.994403e+03	130	7.689291e+02	9.220000e+01	922	2.373129e-02	1.136909e-01	
9.230000e+01	923	6019	5.994403e+03	1129	7.689291e+02	9.230000e+01	923	1.579463e-01	1.136909e-01	
9.240000e+01	924	5075	5.994403e+03	2.965000e+02	7.689291e+02	9.240000e+01	924	5.519873e-02	1.136909e-01	
9.250000e+01	925	6265	5.994403e+03	5.646000e+02	7.689291e+02	9.250000e+01	925	8.266956e-02	1.136909e-01	
9.260000e+01	926	6077	5.994403e+03	1224	7.689291e+02	9.260000e+01	926	1.676483e-01	1.136909e-01	
9.270000e+01	927	6334	5.994403e+03	1059	7.689291e+02	9.270000e+01	927	1.432436e-01	1.136909e-01	
9.280000e+01	928	5694	5.994403e+03	4.862000e+02	7.689291e+02	9.280000e+01	928	7.867059e-02	1.136909e-01	
9.290000e+01	929	6871	5.994403e+03	5.655000e+02	7.689291e+02	9.290000e+01	929	7.604384e-02	1.136909e-01	
93	930	6169	5.994403e+03	1263	7.689291e+02	93	930	1.699408e-01	1.136909e-01	
9.310000e+01	931	6753	5.994403e+03	1050	7.689291e+02	9.310000e+01	931	1.345636e-01	1.136909e-01	
9.320000e+01	932	8871	5.994403e+03	5.523000e+02	7.689291e+02	9.320000e+01	932	5.861004e-02	1.136909e-01	
9.330000e+01	933	6676	5.994403e+03	1656	7.689291e+02	9.330000e+01	933	1.987518e-01	1.136909e-01	
9.340000e+01	934	8172	5.994403e+03	4.507000e+02	7.689291e+02	9.340000e+01	934	5.226901e-02	1.136909e-01	
9.350000e+01	935	5895	5.994403e+03	8.086000e+02	7.689291e+02	9.350000e+01	935	1.206218e-01	1.136909e-01	
9.360000e+01	936	4525	5.994403e+03	1288	7.689291e+02	9.360000e+01	936	2.215723e-01	1.136909e-01	
9.370000e+01	937	5441	5.994403e+03	2172	7.689291e+02	9.370000e+01	937	2.853015e-01	1.136909e-01	
9.380000e+01	938	6287	5.994403e+03	7.771000e+02	7.689291e+02	9.380000e+01	938	1.100069e-01	1.136909e-01	
9.390000e+01	939	6741	5.994403e+03	1240	7.689291e+02	9.390000e+01	939	1.553690e-01	1.136909e-01	
94	940	7555	5.994403e+03	1978	7.689291e+02	94	940	2.074898e-01	1.136909e-01	
9.410000e+01	941	6004	5.994403e+03	7.404000e+02	7.689291e+02	9.410000e+01	941	1.097800e-01	1.136909e-01	
9.420000e+01	942	6719	5.994403e+03	2.409000e+02	7.689291e+02	9.420000e+01	942	3.461257e-02	1.136909e-01	
9.430000e+01	943	5785	5.994403e+03	1.943000e+01	7.689291e+02	9.430000e+01	943	3.347443e-03	1.136909e-01	
9.440000e+01	944	6124	5.994403e+03	3.094000e+02	7.689291e+02	9.440000e+01	944	4.809277e-02	1.136909e-01	
9.450000e+01	945	6097	5.994403e+03	-2.306000e+02	7.689291e+02	9.450000e+01	945	-3.930860e-02	1.136909e-01	
9.460000e+01	946	6350	5.994403e+03	5.549000e+02	7.689291e+02	9.460000e+01	946	8.036322e-02	1.136909e-01	
9.470000e+01	947	6125	5.994403e+03	6.375000e+02	7.689291e+02	9.470000e+01	947	9.426987e-02	1.136909e-01	
9.480000e+01	948	7140	5.994403e+03	6.165000e+02	7.689291e+02	9.480000e+01	948	7.948173e-02	1.136909e-01	
9.490000e+01	949	6618	5.994403e+03	2066	7.689291e+02	9.490000e+01	949	2.379088e-01	1.136909e-01	
95	950	7053	5.994403e+03	-247	7.689291e+02	95	950	-3.629151e-02	1.136909e-01	
9.510000e+01	951	6021	5.994403e+03	9.619000e+02	7.689291e+02	9.510000e+01	951	1.377508e-01	1.136909e-01	
9.520000e+01	952	4359	5.994403e+03	1188	7.689291e+02	9.520000e+01	952	2.141698e-01	1.136909e-01	
9.530000e+01	953	6133	5.994403e+03	1487	7.689291e+02	9.530000e+01	953	1.951444e-01	1.136909e-01	
9.540000e+01	954	6457	5.994403e+03	455	7.689291e+02	9.540000e+01	954	6.582755e-02	1.136909e-01	
9.550000e+01	955	5740	5.994403e+03	7.579000e+02	7.689291e+02	9.550000e+01	955	1.166377e-01	1.136909e-01	
9.560000e+01	956	6776	5.994403e+03	9.675000e+02	7.689291e+02	9.560000e+01	956	1.249435e-01	1.136909e-01	
9.570000e+01	957	5860	5.994403e+03	5.457000e+02	7.689291e+02	9.570000e+01	957	8.518975e-02	1.136909e-01	
9.580000e+01	958	5304	5.994403e+03	426	7.689291e+02	9.580000e+01	958	7.434555e-02	1.136909e-01	
9.590000e+01	959	6443	5.994403e+03	3.098000e+02	7.689291e+02	9.590000e+01	959	4.587727e-02	1.136909e-01	
96	960	6071	5.994403e+03	5.062000e+02	7.689291e+02	96	960	7.696284e-02	1.136909e-01	
9.610000e+01	961	5759	5.994403e+03	1065	7.689291e+02	9.610000e+01	961	1.560668e-01	1.136909e-01	
9.620000e+01	962	2749	3.087264e+03	4145	3.630447e+03	9.620000e+01	962	6.012475e-01	5.404292e-01	
9.630000e+01	963	3668	3.087264e+03	3212	3.630447e+03	9.630000e+01	963	4.668605e-01	5.404292e-01	
9.640000e+01	964	4087	3.087264e+03	3272	3.630447e+03	9.640000e+01	964	4.446256e-01	5.404292e-01	
9.650000e+01	965	3300	3.087264e+03	3205	3.630447e+03	9.650000e+01	965	4.926979e-01	5.404292e-01	
9.660000e+01	966	3630	3.087264e+03	2202	3.630447e+03	9.660000e+01	966	3.775720e-01	5.404292e-01	
9.670000e+01	967	3963	3.087264e+03	4300	3.630447e+03	9.670000e+01	967	5.203921e-01	5.404292e-01	
9.680000e+01	968	3130	3.087264e+03	2820	3.630447e+03	9.680000e+01	968	4.739496e-01	5.404292e-01	
9.690000e+01	969	2945	3.087264e+03	4458	3.630447e+03	9.690000e+01	969	6.021883e-01	5.404292e-01	
97	970	2078	3.087264e+03	2410	3.630447e+03	97	970	5.369875e-01	5.404292e-01	
9.710000e+01	971	2663	3.087264e+03	3527	3.630447e+03	9.710000e+01	971	5.697900e-01	5.404292e-01	
9.720000e+01	972	3024	3.087264e+03	3866	3.630447e+03	9.720000e+01	972	5.611030e-01	5.404292e-01	
9.730000e+01	973	3210	3.087264e+03	3463	3.630447e+03	9.730000e+01	973	5.189570e-01	5.404292e-01	
9.740000e+01	974	2810	3.087264e+03	3296	3.630447e+03	9.740000e+01	974	5.397969e-01	5.404292e-01	
9.750000e+01	975	3855	3.087264e+03	3214	3.630447e+03	9.750000e+01	975	4.546612e-01	5.404292e-01	
9.760000e+01	976	3413	3.087264e+03	3491	3.630447e+03	9.760000e+01	976	5.056489e-01	5.404292e-01	
9.770000e+01	977	2302	3.087264e+03	3468	3.630447e+03	9.770000e+01	977	6.010399e-01	5.404292e-01	
9.780000e+01	978	2538	3.087264e+03	4293	3.630447e+03	9.780000e+01	978	6.284585e-01	5.404292e-01	
9.790000e+01	979	2698	3.087264e+03	4148	3.630447e+03	9.790000e+01	979	6.059013e-01	5.404292e-01	
98	980	3014	3.087264e+03	3433	3.630447e+03	98	980	5.324957e-01	5.404292e-01	
9.810000e+01	981	2791	3.087264e+03	4514	3.630447e+03	9.810000e+01	981	6.179329e-01	5.404292e-01	
9.820000e+01	982	2370	3.087264e+03	3219	3.630447e+03	9.820000e+01	982	5.759528e-01	5.404292e-01	
9.830000e+01	983	3832	3.087264e+03	3414	3.630447e+03	9.830000e+01	983	4.711565e-01	5.404292e-01	
9.840000e+01	984	3892	3.087264e+03	3217	3.630447e+03	9.840000e+01	984	4.525250e-01	5.404292e-01	
9.850000e+01	985	3631	3.087264e+03	3155	3.630447e+03	9.850000e+01	985	4.649278e-01	5.404292e-01	
9.860000e+01	986	2858	3.087264e+03	2912	3.630447e+03	9.860000e+01	986	5.046794e-01	5.404292e-01	
9.870000e+01	987	3893	3.087264e+03	3289	3.630447e+03	9.870000e+01	987	4.579504e-01	5.404292e-01	
9.880000e+01	988	3091	3.087264e+03	3932	3.630447e+03	9.880000e+01	988	5.598747e-01	5.404292e-01	
9.890000e+01	989	3519	3.087264e+03	3929	3.630447e+03	9.890000e+01	989	5.275242e-01	5.404292e-01	
99	990	2487	3.087264e+03	4395	3.630447e+03	99	990	6.386225e-01	5.404292e-01	
9.910000e+01	991	2706	3.087264e+03	3766	3.630447e+03	9.910000e+01	991	5.818912e-01	5.404292e-01	
9.920000e+01	992	3412	3.087264e+03	2907	3.630447e+03	9.920000e+01	992	4.600411e-01	5.404292e-01	
9.930000e+01	993	3031	3.087264e+03	2943	3.630447e+03	9.930000e+01	993	4.926348e-01	5.404292e-01	
9.940000e+01	994	2546	3.087264e+03	2869	3.630447e+03	9.940000e+01	994	5.298246e-01	5.404292e-01	
9.950000e+01	995	3740	3.087264e+03	3789	3.630447e+03	9.950000e+01	995	5.032541e-01	5.404292e-01	
9.960000e+01	996	2739	3.087264e+03	3397	3.630447e+03	9.960000e+01	996	5.536180e-01	5.404292e-01	
9.970000e+01	997	1991	3.087264e+03	3447	3.630447e+03	9.970000e+01	997	6.338727e-01	5.404292e-01	
9.980000e+01	998	1497	3.087264e+03	3709	3.630447e+03	9.980000e+01	998	7.124472e-01	5.404292e-01	
9.990000e+01	999	2074	3.087264e+03	3360	3.630447e+03	9.990000e+01	999	6.183290e-01	5.404292e-01	
100	1000	2043	3.087264e+03	2765	3.630447e+03	100	1000	5.750832e-01	5.404292e-01	
1.001000e+02	1001	3156	3.087264e+03	4051	3.630447e+03	1.001000e+02	1001	5.620924e-01	5.404292e-01	
1.002000e+02	1002	2432	3.087264e+03	5423	3.630447e+03	1.002000e+02	1002	6.903883e-01	5.404292e-01	
1.003000e+02	1003	3255	3.087264e+03	2961	3.630447e+03	1.003000e+02	1003	4.763514e-01	5.404292e-01	
1.004000e+02	1004	3329	3.087264e+03	4261	3.630447e+03	1.004000e+02	1004	5.613966e-01	5.404292e-01	
1.005000e+02	1005	3473	3.087264e+03	4232	3.630447e+03	1.005000e+02	1005	5.492537e-01	5.404292e-01	
1.006000e+02	1006	2657	3.087264e+03	3889	3.630447e+03	1.006000e+02	1006	5.941033e-01	5.404292e-01	
1.007000e+02	1007	3050	3.087264e+03	2157	3.630447e+03	1.007000e+02	1007	4.142500e-01	5.404292e-01	
1.008000e+02	1008	3590	3.087264e+03	4165	3.630447e+03	1.008000e+02	1008	5.370729e-01	5.404292e-01	
1.009000e+02	1009	3399	3.087264e+03	3986	3.630447e+03	1.009000e+02	1009	5.397427e-01	5.404292e-01	
101	1010	3405	3.087264e+03	3200	3.630447e+03	101	1010	4.844815e-01	5.404292e-01	
1.011000e+02	1011	1941	3.087264e+03	4466	3.630447e+03	1.011000e+02	1011	6.970501e-01	5.404292e-01	
1.012000e+02	1012	8.578000e+02	7.480666e+02	5141	3.630447e+03	1.012000e+02	1012	8.570047e-01	0	
