time at 532nm	frame at 532nm	I_1 at 532nm(counts)	discr.I_1 at 532nm(counts)	I_2 at 532nm(counts)	discr.I_2 at 532nm(counts)	time at 532nm	frame at 532nm	FRET_1>2	discr.FRET_1>2	
1.000000e-01	1	3.095000e+02	7.244669e+02	5309	6.100026e+03	1.000000e-01	1	9.449141e-01	8.938431e-01	
2.000000e-01	2	2.451000e+02	7.244669e+02	6294	6.100026e+03	2.000000e-01	2	9.625178e-01	8.938431e-01	
3.000000e-01	3	1370	7.244669e+02	5916	6.100026e+03	3.000000e-01	3	8.119682e-01	8.938431e-01	
4.000000e-01	4	1318	7.244669e+02	6565	6.100026e+03	4.000000e-01	4	8.328048e-01	8.938431e-01	
5.000000e-01	5	636	7.244669e+02	8699	6.100026e+03	5.000000e-01	5	9.318693e-01	8.938431e-01	
6.000000e-01	6	1134	7.244669e+02	5676	6.100026e+03	6.000000e-01	6	8.334802e-01	8.938431e-01	
7.000000e-01	7	8.245000e+02	7.244669e+02	5291	6.100026e+03	7.000000e-01	7	8.651786e-01	8.938431e-01	
8.000000e-01	8	1.832000e+02	7.244669e+02	4810	6.100026e+03	8.000000e-01	8	9.633101e-01	8.938431e-01	
9.000000e-01	9	7.336000e+02	7.244669e+02	4338	6.100026e+03	9.000000e-01	9	8.553514e-01	8.938431e-01	
1	10	2.982000e+02	7.244669e+02	6053	6.100026e+03	1	10	9.530482e-01	8.938431e-01	
1.100000e+00	11	790	7.244669e+02	6396	6.100026e+03	1.100000e+00	11	8.900640e-01	8.938431e-01	
1.200000e+00	12	4.216000e+01	7.244669e+02	5250	6.100026e+03	1.200000e+00	12	9.920335e-01	8.938431e-01	
1.300000e+00	13	1305	7.244669e+02	5637	6.100026e+03	1.300000e+00	13	8.120138e-01	8.938431e-01	
1.400000e+00	14	-1.167000e+02	7.244669e+02	5629	6.100026e+03	1.400000e+00	14	1.021171e+00	8.938431e-01	
1.500000e+00	15	1391	7.244669e+02	6131	6.100026e+03	1.500000e+00	15	8.150758e-01	8.938431e-01	
1.600000e+00	16	8.024000e+02	7.244669e+02	4150	6.100026e+03	1.600000e+00	16	8.379775e-01	8.938431e-01	
1.700000e+00	17	-3.471000e+02	7.244669e+02	6336	6.100026e+03	1.700000e+00	17	1.057957e+00	8.938431e-01	
1.800000e+00	18	3.581000e+02	7.244669e+02	6516	6.100026e+03	1.800000e+00	18	9.479059e-01	8.938431e-01	
1.900000e+00	19	4.703000e+02	7.244669e+02	4384	6.100026e+03	1.900000e+00	19	9.031168e-01	8.938431e-01	
2	20	1.842000e+02	7.244669e+02	6112	6.100026e+03	2	20	9.707443e-01	8.938431e-01	
2.100000e+00	21	8.898000e+02	7.244669e+02	5471	6.100026e+03	2.100000e+00	21	8.601119e-01	8.938431e-01	
2.200000e+00	22	1086	7.244669e+02	6241	6.100026e+03	2.200000e+00	22	8.517811e-01	8.938431e-01	
2.300000e+00	23	3.715000e+02	7.244669e+02	7492	6.100026e+03	2.300000e+00	23	9.527564e-01	8.938431e-01	
2.400000e+00	24	1.281000e+02	7.244669e+02	5303	6.100026e+03	2.400000e+00	24	9.764136e-01	8.938431e-01	
2.500000e+00	25	1123	7.244669e+02	6530	6.100026e+03	2.500000e+00	25	8.532602e-01	8.938431e-01	
2.600000e+00	26	5.306000e+02	7.244669e+02	5955	6.100026e+03	2.600000e+00	26	9.181880e-01	8.938431e-01	
2.700000e+00	27	5.049000e+02	7.244669e+02	7026	6.100026e+03	2.700000e+00	27	9.329562e-01	8.938431e-01	
2.800000e+00	28	1261	7.244669e+02	6216	6.100026e+03	2.800000e+00	28	8.313495e-01	8.938431e-01	
2.900000e+00	29	9.668000e+02	7.244669e+02	6553	6.100026e+03	2.900000e+00	29	8.714328e-01	8.938431e-01	
3	30	-5.947000e+01	7.244669e+02	6351	6.100026e+03	3	30	1.009452e+00	8.938431e-01	
3.100000e+00	31	8.698000e+02	7.244669e+02	5856	6.100026e+03	3.100000e+00	31	8.706771e-01	8.938431e-01	
3.200000e+00	32	5.156000e+02	7.244669e+02	5116	6.100026e+03	3.200000e+00	32	9.084452e-01	8.938431e-01	
3.300000e+00	33	9.815000e+02	7.244669e+02	4763	6.100026e+03	3.300000e+00	33	8.291409e-01	8.938431e-01	
3.400000e+00	34	2.153000e+02	7.244669e+02	6969	6.100026e+03	3.400000e+00	34	9.700319e-01	8.938431e-01	
3.500000e+00	35	1195	7.244669e+02	5876	6.100026e+03	3.500000e+00	35	8.309999e-01	8.938431e-01	
3.600000e+00	36	3.993000e+02	7.244669e+02	6982	6.100026e+03	3.600000e+00	36	9.459038e-01	8.938431e-01	
3.700000e+00	37	1.898000e+02	7.244669e+02	6837	6.100026e+03	3.700000e+00	37	9.729891e-01	8.938431e-01	
3.800000e+00	38	-9.415000e+02	7.244669e+02	7338	6.100026e+03	3.800000e+00	38	1.147190e+00	8.938431e-01	
3.900000e+00	39	5.307000e+02	7.244669e+02	4814	6.100026e+03	3.900000e+00	39	9.007054e-01	8.938431e-01	
4	40	4.220000e+01	7.244669e+02	5640	6.100026e+03	4	40	9.925733e-01	8.938431e-01	
4.100000e+00	41	5240	4.520287e+03	3436	6.100026e+03	4.100000e+00	41	3.960350e-01	8.938431e-01	
4.200000e+00	42	5478	4.520287e+03	1237	3.870640e+03	4.200000e+00	42	1.842144e-01	4.612887e-01	
4.300000e+00	43	2059	7.244669e+02	4029	1.157265e+03	4.300000e+00	43	6.617937e-01	6.150000e-01	
4.400000e+00	44	3.126000e+02	7.244669e+02	7184	6.100026e+03	4.400000e+00	44	9.583011e-01	6.150000e-01	
4.500000e+00	45	7.472000e+02	7.244669e+02	5396	6.100026e+03	4.500000e+00	45	8.783696e-01	6.150000e-01	
4.600000e+00	46	1207	7.244669e+02	5987	6.100026e+03	4.600000e+00	46	8.322213e-01	6.150000e-01	
4.700000e+00	47	9.279000e+02	7.244669e+02	7229	6.100026e+03	4.700000e+00	47	8.862435e-01	6.150000e-01	
4.800000e+00	48	1.133000e+02	7.244669e+02	7090	6.100026e+03	4.800000e+00	48	9.842711e-01	6.150000e-01	
4.900000e+00	49	1275	7.244669e+02	5405	6.100026e+03	4.900000e+00	49	8.091317e-01	6.150000e-01	
5	50	2840	4.520287e+03	4902	6.100026e+03	5	50	6.331697e-01	6.150000e-01	
5.100000e+00	51	4665	4.520287e+03	3467	3.870640e+03	5.100000e+00	51	4.263404e-01	4.612887e-01	
5.200000e+00	52	3522	4.520287e+03	3824	3.870640e+03	5.200000e+00	52	5.205554e-01	4.612887e-01	
5.300000e+00	53	3494	4.520287e+03	5056	3.870640e+03	5.300000e+00	53	5.913450e-01	4.612887e-01	
5.400000e+00	54	4307	4.520287e+03	3585	3.870640e+03	5.400000e+00	54	4.542575e-01	4.612887e-01	
5.500000e+00	55	3163	4.520287e+03	3689	3.870640e+03	5.500000e+00	55	5.383830e-01	4.612887e-01	
5.600000e+00	56	2943	4.520287e+03	4062	3.870640e+03	5.600000e+00	56	5.798715e-01	4.612887e-01	
5.700000e+00	57	2998	4.520287e+03	2827	3.870640e+03	5.700000e+00	57	4.853219e-01	4.612887e-01	
5.800000e+00	58	5917	4.520287e+03	3641	3.870640e+03	5.800000e+00	58	3.809374e-01	4.612887e-01	
5.900000e+00	59	5076	4.520287e+03	3530	3.870640e+03	5.900000e+00	59	4.101789e-01	4.612887e-01	
6	60	3733	4.520287e+03	4250	3.870640e+03	6	60	5.323813e-01	4.612887e-01	
6.100000e+00	61	3207	4.520287e+03	3610	3.870640e+03	6.100000e+00	61	5.295585e-01	4.612887e-01	
6.200000e+00	62	4217	4.520287e+03	4627	3.870640e+03	6.200000e+00	62	5.231796e-01	4.612887e-01	
6.300000e+00	63	3735	4.520287e+03	4115	3.870640e+03	6.300000e+00	63	5.242038e-01	4.612887e-01	
6.400000e+00	64	4347	4.520287e+03	2878	3.870640e+03	6.400000e+00	64	3.983391e-01	4.612887e-01	
6.500000e+00	65	3806	4.520287e+03	3686	3.870640e+03	6.500000e+00	65	4.919915e-01	4.612887e-01	
6.600000e+00	66	3429	4.520287e+03	4634	3.870640e+03	6.600000e+00	66	5.747240e-01	4.612887e-01	
6.700000e+00	67	3572	4.520287e+03	4947	3.870640e+03	6.700000e+00	67	5.807020e-01	4.612887e-01	
6.800000e+00	68	2959	4.520287e+03	3352	3.870640e+03	6.800000e+00	68	5.311361e-01	4.612887e-01	
6.900000e+00	69	2927	4.520287e+03	3866	3.870640e+03	6.900000e+00	69	5.691153e-01	4.612887e-01	
7	70	2572	4.520287e+03	3777	3.870640e+03	7	70	5.948968e-01	4.612887e-01	
7.100000e+00	71	3228	4.520287e+03	3617	3.870640e+03	7.100000e+00	71	5.284149e-01	4.612887e-01	
7.200000e+00	72	4032	4.520287e+03	3517	3.870640e+03	7.200000e+00	72	4.658895e-01	4.612887e-01	
7.300000e+00	73	5132	4.520287e+03	4390	3.870640e+03	7.300000e+00	73	4.610376e-01	4.612887e-01	
7.400000e+00	74	2991	4.520287e+03	4459	3.870640e+03	7.400000e+00	74	5.985235e-01	4.612887e-01	
7.500000e+00	75	2559	4.520287e+03	2825	3.870640e+03	7.500000e+00	75	5.247028e-01	4.612887e-01	
7.600000e+00	76	4189	4.520287e+03	4035	3.870640e+03	7.600000e+00	76	4.906372e-01	4.612887e-01	
7.700000e+00	77	4414	4.520287e+03	4082	3.870640e+03	7.700000e+00	77	4.804614e-01	4.612887e-01	
7.800000e+00	78	3540	4.520287e+03	3804	3.870640e+03	7.800000e+00	78	5.179739e-01	4.612887e-01	
7.900000e+00	79	2660	4.520287e+03	4348	3.870640e+03	7.900000e+00	79	6.204338e-01	4.612887e-01	
8	80	3428	4.520287e+03	3853	3.870640e+03	8	80	5.291856e-01	4.612887e-01	
8.100000e+00	81	4290	4.520287e+03	4411	3.870640e+03	8.100000e+00	81	5.069532e-01	4.612887e-01	
8.200000e+00	82	3609	4.520287e+03	3266	3.870640e+03	8.200000e+00	82	4.750545e-01	4.612887e-01	
8.300000e+00	83	3868	4.520287e+03	5262	3.870640e+03	8.300000e+00	83	5.763417e-01	4.612887e-01	
8.400000e+00	84	4021	4.520287e+03	3089	3.870640e+03	8.400000e+00	84	4.344585e-01	4.612887e-01	
8.500000e+00	85	4279	4.520287e+03	4171	3.870640e+03	8.500000e+00	85	4.936095e-01	4.612887e-01	
8.600000e+00	86	2625	4.520287e+03	5225	6.100026e+03	8.600000e+00	86	6.656051e-01	4.612887e-01	
8.700000e+00	87	1820	7.244669e+02	7118	6.100026e+03	8.700000e+00	87	7.963750e-01	8.938431e-01	
8.800000e+00	88	1228	7.244669e+02	6508	6.100026e+03	8.800000e+00	88	8.412616e-01	8.938431e-01	
8.900000e+00	89	1383	7.244669e+02	6708	6.100026e+03	8.900000e+00	89	8.290693e-01	8.938431e-01	
9	90	9.488000e+02	7.244669e+02	6293	6.100026e+03	9	90	8.689828e-01	8.938431e-01	
9.100000e+00	91	-5.548000e+02	7.244669e+02	7478	6.100026e+03	9.100000e+00	91	1.080136e+00	8.938431e-01	
9.200000e+00	92	5.998000e+02	7.244669e+02	4414	6.100026e+03	9.200000e+00	92	8.803702e-01	8.938431e-01	
9.300000e+00	93	1249	7.244669e+02	5898	6.100026e+03	9.300000e+00	93	8.252414e-01	8.938431e-01	
9.400000e+00	94	1811	7.244669e+02	4658	6.100026e+03	9.400000e+00	94	7.200495e-01	8.938431e-01	
9.500000e+00	95	5.078000e+02	7.244669e+02	8052	6.100026e+03	9.500000e+00	95	9.406762e-01	8.938431e-01	
9.600000e+00	96	5.491000e+02	7.244669e+02	5546	6.100026e+03	9.600000e+00	96	9.099112e-01	8.938431e-01	
9.700000e+00	97	1570	7.244669e+02	6266	6.100026e+03	9.700000e+00	97	7.996427e-01	8.938431e-01	
9.800000e+00	98	6.281000e+02	7.244669e+02	5791	6.100026e+03	9.800000e+00	98	9.021514e-01	8.938431e-01	
9.900000e+00	99	5.028000e+02	7.244669e+02	5842	6.100026e+03	9.900000e+00	99	9.207540e-01	8.938431e-01	
10	100	7.043000e+02	7.244669e+02	5933	6.100026e+03	10	100	8.938876e-01	8.938431e-01	
1.010000e+01	101	2036	7.244669e+02	6393	6.100026e+03	1.010000e+01	101	7.584530e-01	8.938431e-01	
1.020000e+01	102	1962	7.244669e+02	6628	6.100026e+03	1.020000e+01	102	7.715949e-01	8.938431e-01	
1.030000e+01	103	9.368000e+02	7.244669e+02	6130	6.100026e+03	1.030000e+01	103	8.674365e-01	8.938431e-01	
1.040000e+01	104	6.925000e+02	7.244669e+02	5368	6.100026e+03	1.040000e+01	104	8.857355e-01	8.938431e-01	
1.050000e+01	105	8.242000e+02	7.244669e+02	6379	6.100026e+03	1.050000e+01	105	8.855786e-01	8.938431e-01	
1.060000e+01	106	1209	7.244669e+02	5782	6.100026e+03	1.060000e+01	106	8.270634e-01	8.938431e-01	
1.070000e+01	107	5.971000e+02	7.244669e+02	7572	6.100026e+03	1.070000e+01	107	9.269075e-01	8.938431e-01	
1.080000e+01	108	1127	7.244669e+02	7639	6.100026e+03	1.080000e+01	108	8.714351e-01	8.938431e-01	
1.090000e+01	109	1724	7.244669e+02	7755	6.100026e+03	1.090000e+01	109	8.181243e-01	8.938431e-01	
11	110	1422	7.244669e+02	5655	6.100026e+03	11	110	7.990674e-01	8.938431e-01	
1.110000e+01	111	1129	7.244669e+02	6578	6.100026e+03	1.110000e+01	111	8.535098e-01	8.938431e-01	
1.120000e+01	112	5.417000e+02	7.244669e+02	6608	6.100026e+03	1.120000e+01	112	9.242346e-01	8.938431e-01	
1.130000e+01	113	3.466000e+02	7.244669e+02	6450	6.100026e+03	1.130000e+01	113	9.490039e-01	8.938431e-01	
1.140000e+01	114	1014	7.244669e+02	5515	6.100026e+03	1.140000e+01	114	8.446929e-01	8.938431e-01	
1.150000e+01	115	1615	7.244669e+02	5739	6.100026e+03	1.150000e+01	115	7.803916e-01	8.938431e-01	
1.160000e+01	116	6.633000e+02	7.244669e+02	6664	6.100026e+03	1.160000e+01	116	9.094755e-01	8.938431e-01	
1.170000e+01	117	-1.175000e+01	7.244669e+02	7714	6.100026e+03	1.170000e+01	117	1.001526e+00	8.938431e-01	
1.180000e+01	118	1285	7.244669e+02	6786	6.100026e+03	1.180000e+01	118	8.407880e-01	8.938431e-01	
1.190000e+01	119	6.327000e+02	7.244669e+02	7284	6.100026e+03	1.190000e+01	119	9.200803e-01	8.938431e-01	
12	120	2963	4.520287e+03	1537	1.157265e+03	12	120	3.415556e-01	2.038317e-01	
1.210000e+01	121	7161	4.520287e+03	5.491000e+02	1.157265e+03	1.210000e+01	121	7.121827e-02	2.038317e-01	
1.220000e+01	122	5549	4.520287e+03	1858	1.157265e+03	1.220000e+01	122	2.508438e-01	2.038317e-01	
1.230000e+01	123	6463	4.520287e+03	1001	1.157265e+03	1.230000e+01	123	1.341104e-01	2.038317e-01	
1.240000e+01	124	6217	4.520287e+03	6.987000e+02	1.157265e+03	1.240000e+01	124	1.010310e-01	2.038317e-01	
1.250000e+01	125	5012	4.520287e+03	-8.547000e+01	1.157265e+03	1.250000e+01	125	-1.734893e-02	2.038317e-01	
1.260000e+01	126	5692	4.520287e+03	6.543000e+02	1.157265e+03	1.260000e+01	126	1.030994e-01	2.038317e-01	
1.270000e+01	127	5544	4.520287e+03	1476	1.157265e+03	1.270000e+01	127	2.102564e-01	2.038317e-01	
1.280000e+01	128	4191	4.520287e+03	3.329000e+02	1.157265e+03	1.280000e+01	128	7.358695e-02	2.038317e-01	
1.290000e+01	129	6848	4.520287e+03	9.791000e+02	1.157265e+03	1.290000e+01	129	1.250910e-01	2.038317e-01	
13	130	6685	4.520287e+03	1552	1.157265e+03	13	130	1.884181e-01	2.038317e-01	
1.310000e+01	131	6164	4.520287e+03	-2.949000e+02	1.157265e+03	1.310000e+01	131	-5.024620e-02	2.038317e-01	
1.320000e+01	132	5663	4.520287e+03	5.414000e+02	1.157265e+03	1.320000e+01	132	8.726065e-02	2.038317e-01	
1.330000e+01	133	3928	4.520287e+03	1709	1.157265e+03	1.330000e+01	133	3.031754e-01	2.038317e-01	
1.340000e+01	134	5077	4.520287e+03	9.219000e+02	1.157265e+03	1.340000e+01	134	1.536782e-01	2.038317e-01	
1.350000e+01	135	4807	4.520287e+03	3400	1.157265e+03	1.350000e+01	135	4.142805e-01	2.038317e-01	
1.360000e+01	136	2379	4.520287e+03	5505	6.100026e+03	1.360000e+01	136	6.982496e-01	2.038317e-01	
1.370000e+01	137	2108	4.520287e+03	6225	6.100026e+03	1.370000e+01	137	7.470299e-01	2.038317e-01	
1.380000e+01	138	7.735000e+00	7.244669e+02	6222	6.100026e+03	1.380000e+01	138	9.987584e-01	2.038317e-01	
1.390000e+01	139	8.594000e+02	7.244669e+02	5765	6.100026e+03	1.390000e+01	139	8.702675e-01	2.038317e-01	
14	140	1767	7.244669e+02	5989	6.100026e+03	14	140	7.721764e-01	2.038317e-01	
1.410000e+01	141	4.426000e+02	7.244669e+02	6180	6.100026e+03	1.410000e+01	141	9.331682e-01	2.038317e-01	
1.420000e+01	142	1074	7.244669e+02	4636	6.100026e+03	1.420000e+01	142	8.119089e-01	2.038317e-01	
1.430000e+01	143	4.494000e+02	7.244669e+02	5655	6.100026e+03	1.430000e+01	143	9.263810e-01	2.038317e-01	
1.440000e+01	144	1302	7.244669e+02	5745	6.100026e+03	1.440000e+01	144	8.152405e-01	2.038317e-01	
1.450000e+01	145	2.042000e+02	7.244669e+02	5753	6.100026e+03	1.450000e+01	145	9.657222e-01	2.038317e-01	
1.460000e+01	146	6.316000e+02	7.244669e+02	5515	6.100026e+03	1.460000e+01	146	8.972440e-01	2.038317e-01	
1.470000e+01	147	5.945000e+02	7.244669e+02	5163	6.100026e+03	1.470000e+01	147	8.967434e-01	2.038317e-01	
1.480000e+01	148	-2.094000e+02	7.244669e+02	5331	6.100026e+03	1.480000e+01	148	1.040886e+00	2.038317e-01	
1.490000e+01	149	9.894000e+02	7.244669e+02	6465	6.100026e+03	1.490000e+01	149	8.672730e-01	2.038317e-01	
15	150	7.304000e+02	7.244669e+02	6360	6.100026e+03	15	150	8.969875e-01	2.038317e-01	
1.510000e+01	151	1688	7.244669e+02	6657	6.100026e+03	1.510000e+01	151	7.977232e-01	2.038317e-01	
1.520000e+01	152	1381	7.244669e+02	6422	6.100026e+03	1.520000e+01	152	8.230168e-01	2.038317e-01	
1.530000e+01	153	8.872000e+02	7.244669e+02	4511	6.100026e+03	1.530000e+01	153	8.356489e-01	2.038317e-01	
1.540000e+01	154	-7.901000e+01	7.244669e+02	6132	6.100026e+03	1.540000e+01	154	1.013053e+00	2.038317e-01	
1.550000e+01	155	1560	7.244669e+02	5834	6.100026e+03	1.550000e+01	155	7.890181e-01	2.038317e-01	
1.560000e+01	156	1070	7.244669e+02	4813	6.100026e+03	1.560000e+01	156	8.181200e-01	2.038317e-01	
1.570000e+01	157	8.942000e+02	7.244669e+02	5683	6.100026e+03	1.570000e+01	157	8.640455e-01	2.038317e-01	
1.580000e+01	158	2101	7.244669e+02	6937	6.100026e+03	1.580000e+01	158	7.675371e-01	2.038317e-01	
1.590000e+01	159	-6.158000e+02	7.244669e+02	5862	6.100026e+03	1.590000e+01	159	1.117380e+00	2.038317e-01	
16	160	1569	7.244669e+02	5923	6.100026e+03	16	160	7.905766e-01	2.038317e-01	
1.610000e+01	161	5143	4.520287e+03	1289	1.157265e+03	1.610000e+01	161	2.004042e-01	2.038317e-01	
1.620000e+01	162	5547	4.520287e+03	1709	1.157265e+03	1.620000e+01	162	2.355292e-01	2.038317e-01	
1.630000e+01	163	4803	4.520287e+03	1070	1.157265e+03	1.630000e+01	163	1.821897e-01	2.038317e-01	
1.640000e+01	164	5079	4.520287e+03	1230	1.157265e+03	1.640000e+01	164	1.949596e-01	2.038317e-01	
1.650000e+01	165	1907	7.244669e+02	2900	1.157265e+03	1.650000e+01	165	6.032869e-01	2.038317e-01	
1.660000e+01	166	9.148000e+01	7.244669e+02	7316	6.100026e+03	1.660000e+01	166	9.876503e-01	8.938431e-01	
1.670000e+01	167	-2.983000e+02	7.244669e+02	5773	6.100026e+03	1.670000e+01	167	1.054487e+00	8.938431e-01	
1.680000e+01	168	1847	7.244669e+02	5024	6.100026e+03	1.680000e+01	168	7.311891e-01	8.938431e-01	
1.690000e+01	169	5.317000e+02	7.244669e+02	5695	6.100026e+03	1.690000e+01	169	9.146097e-01	8.938431e-01	
17	170	-2.117000e+02	7.244669e+02	6180	6.100026e+03	17	170	1.035471e+00	8.938431e-01	
1.710000e+01	171	9.146000e+02	7.244669e+02	4985	6.100026e+03	1.710000e+01	171	8.449725e-01	8.938431e-01	
1.720000e+01	172	4.135000e+02	7.244669e+02	5705	6.100026e+03	1.720000e+01	172	9.324181e-01	8.938431e-01	
1.730000e+01	173	2.955000e+02	7.244669e+02	5180	6.100026e+03	1.730000e+01	173	9.460323e-01	8.938431e-01	
1.740000e+01	174	575	7.244669e+02	7416	6.100026e+03	1.740000e+01	174	9.280440e-01	8.938431e-01	
1.750000e+01	175	836	7.244669e+02	5696	6.100026e+03	1.750000e+01	175	8.720147e-01	8.938431e-01	
1.760000e+01	176	7.785000e+02	7.244669e+02	7032	6.100026e+03	1.760000e+01	176	9.003265e-01	8.938431e-01	
1.770000e+01	177	-9.711000e+01	7.244669e+02	6168	6.100026e+03	1.770000e+01	177	1.015996e+00	8.938431e-01	
1.780000e+01	178	-6.869000e+02	7.244669e+02	5806	6.100026e+03	1.780000e+01	178	1.134184e+00	8.938431e-01	
1.790000e+01	179	1618	7.244669e+02	7298	6.100026e+03	1.790000e+01	179	8.185285e-01	8.938431e-01	
18	180	1238	7.244669e+02	6700	6.100026e+03	18	180	8.440413e-01	8.938431e-01	
1.810000e+01	181	1637	7.244669e+02	6115	6.100026e+03	1.810000e+01	181	7.888287e-01	8.938431e-01	
1.820000e+01	182	5.202000e+02	7.244669e+02	8097	6.100026e+03	1.820000e+01	182	9.396324e-01	8.938431e-01	
1.830000e+01	183	1415	7.244669e+02	6956	6.100026e+03	1.830000e+01	183	8.309640e-01	8.938431e-01	
1.840000e+01	184	5.977000e+02	7.244669e+02	6436	6.100026e+03	1.840000e+01	184	9.150234e-01	8.938431e-01	
1.850000e+01	185	-1.576000e+02	7.244669e+02	4935	6.100026e+03	1.850000e+01	185	1.032989e+00	8.938431e-01	
1.860000e+01	186	1533	7.244669e+02	5265	6.100026e+03	1.860000e+01	186	7.744925e-01	8.938431e-01	
1.870000e+01	187	9.430000e+01	7.244669e+02	6075	6.100026e+03	1.870000e+01	187	9.847146e-01	8.938431e-01	
1.880000e+01	188	5.209000e+02	7.244669e+02	5391	6.100026e+03	1.880000e+01	188	9.118896e-01	8.938431e-01	
1.890000e+01	189	1101	7.244669e+02	5796	6.100026e+03	1.890000e+01	189	8.403654e-01	8.938431e-01	
19	190	5.123000e+02	7.244669e+02	6664	6.100026e+03	19	190	9.286122e-01	8.938431e-01	
1.910000e+01	191	2490	7.244669e+02	5606	6.100026e+03	1.910000e+01	191	6.924407e-01	8.938431e-01	
1.920000e+01	192	4.748000e+02	7.244669e+02	5758	6.100026e+03	1.920000e+01	192	9.238224e-01	8.938431e-01	
1.930000e+01	193	1735	7.244669e+02	6782	6.100026e+03	1.930000e+01	193	7.962898e-01	8.938431e-01	
1.940000e+01	194	1175	7.244669e+02	6231	6.100026e+03	1.940000e+01	194	8.413449e-01	8.938431e-01	
1.950000e+01	195	1.099000e+02	7.244669e+02	6749	6.100026e+03	1.950000e+01	195	9.839770e-01	8.938431e-01	
1.960000e+01	196	1017	7.244669e+02	7513	6.100026e+03	1.960000e+01	196	8.807737e-01	8.938431e-01	
1.970000e+01	197	1579	7.244669e+02	4406	6.100026e+03	1.970000e+01	197	7.361738e-01	8.938431e-01	
1.980000e+01	198	-1.605000e+02	7.244669e+02	7305	6.100026e+03	1.980000e+01	198	1.022465e+00	8.938431e-01	
1.990000e+01	199	9.877000e+01	7.244669e+02	5308	6.100026e+03	1.990000e+01	199	9.817322e-01	8.938431e-01	
20	200	274	7.244669e+02	5442	6.100026e+03	20	200	9.520644e-01	8.938431e-01	
2.010000e+01	201	5.376000e+02	7.244669e+02	5470	6.100026e+03	2.010000e+01	201	9.105133e-01	8.938431e-01	
2.020000e+01	202	5.454000e+02	7.244669e+02	5723	6.100026e+03	2.020000e+01	202	9.129922e-01	8.938431e-01	
2.030000e+01	203	1468	7.244669e+02	6666	6.100026e+03	2.030000e+01	203	8.195230e-01	8.938431e-01	
2.040000e+01	204	-1.043000e+02	7.244669e+02	4501	6.100026e+03	2.040000e+01	204	1.023722e+00	8.938431e-01	
2.050000e+01	205	2240	4.520287e+03	5665	6.100026e+03	2.050000e+01	205	7.166350e-01	8.938431e-01	
2.060000e+01	206	1998	4.520287e+03	4923	6.100026e+03	2.060000e+01	206	7.113134e-01	8.938431e-01	
2.070000e+01	207	2871	4.520287e+03	4772	3.870640e+03	2.070000e+01	207	6.243622e-01	8.938431e-01	
2.080000e+01	208	4110	4.520287e+03	3388	3.870640e+03	2.080000e+01	208	4.518538e-01	8.938431e-01	
2.090000e+01	209	4472	4.520287e+03	3466	3.870640e+03	2.090000e+01	209	4.366339e-01	8.938431e-01	
21	210	3771	4.520287e+03	3360	3.870640e+03	21	210	4.711822e-01	8.938431e-01	
2.110000e+01	211	2733	4.520287e+03	4853	3.870640e+03	2.110000e+01	211	6.397311e-01	8.938431e-01	
2.120000e+01	212	4305	4.520287e+03	3767	3.870640e+03	2.120000e+01	212	4.666749e-01	8.938431e-01	
2.130000e+01	213	3521	4.520287e+03	3505	3.870640e+03	2.130000e+01	213	4.988614e-01	8.938431e-01	
2.140000e+01	214	4305	4.520287e+03	3605	3.870640e+03	2.140000e+01	214	4.557522e-01	8.938431e-01	
2.150000e+01	215	4446	4.520287e+03	3652	3.870640e+03	2.150000e+01	215	4.509755e-01	8.938431e-01	
2.160000e+01	216	4021	4.520287e+03	4834	3.870640e+03	2.160000e+01	216	5.459063e-01	8.938431e-01	
2.170000e+01	217	3855	4.520287e+03	4452	3.870640e+03	2.170000e+01	217	5.359336e-01	8.938431e-01	
2.180000e+01	218	4463	4.520287e+03	4436	3.870640e+03	2.180000e+01	218	4.984830e-01	8.938431e-01	
2.190000e+01	219	4173	4.520287e+03	3172	3.870640e+03	2.190000e+01	219	4.318584e-01	8.938431e-01	
22	220	4900	4.520287e+03	4481	3.870640e+03	22	220	4.776676e-01	8.938431e-01	
2.210000e+01	221	3407	4.520287e+03	4944	6.100026e+03	2.210000e+01	221	5.920249e-01	8.938431e-01	
2.220000e+01	222	374	7.244669e+02	6189	6.100026e+03	2.220000e+01	222	9.430139e-01	8.938431e-01	
2.230000e+01	223	-8.759000e+01	7.244669e+02	7821	6.100026e+03	2.230000e+01	223	1.011326e+00	8.938431e-01	
2.240000e+01	224	7.625000e+02	7.244669e+02	6263	6.100026e+03	2.240000e+01	224	8.914668e-01	8.938431e-01	
2.250000e+01	225	4.624000e+02	7.244669e+02	6633	6.100026e+03	2.250000e+01	225	9.348310e-01	8.938431e-01	
2.260000e+01	226	5.504000e+02	7.244669e+02	6359	6.100026e+03	2.260000e+01	226	9.203404e-01	8.938431e-01	
2.270000e+01	227	-1.315000e+02	7.244669e+02	6803	6.100026e+03	2.270000e+01	227	1.019711e+00	8.938431e-01	
2.280000e+01	228	705	7.244669e+02	6291	6.100026e+03	2.280000e+01	228	8.992281e-01	8.938431e-01	
2.290000e+01	229	4.522000e+02	7.244669e+02	5917	6.100026e+03	2.290000e+01	229	9.290021e-01	8.938431e-01	
23	230	4.144000e+02	7.244669e+02	6461	6.100026e+03	23	230	9.397271e-01	8.938431e-01	
2.310000e+01	231	7.179000e+02	7.244669e+02	6852	6.100026e+03	2.310000e+01	231	9.051639e-01	8.938431e-01	
2.320000e+01	232	5.346000e+02	7.244669e+02	6061	6.100026e+03	2.320000e+01	232	9.189460e-01	8.938431e-01	
2.330000e+01	233	5.001000e+02	7.244669e+02	5452	6.100026e+03	2.330000e+01	233	9.159792e-01	8.938431e-01	
2.340000e+01	234	860	7.244669e+02	6382	6.100026e+03	2.340000e+01	234	8.812483e-01	8.938431e-01	
2.350000e+01	235	7.861000e+02	7.244669e+02	6627	6.100026e+03	2.350000e+01	235	8.939580e-01	8.938431e-01	
2.360000e+01	236	5.801000e+02	7.244669e+02	5195	6.100026e+03	2.360000e+01	236	8.995515e-01	8.938431e-01	
2.370000e+01	237	6.243000e+02	7.244669e+02	6264	6.100026e+03	2.370000e+01	237	9.093681e-01	8.938431e-01	
2.380000e+01	238	1793	7.244669e+02	3808	6.100026e+03	2.380000e+01	238	6.798786e-01	8.938431e-01	
2.390000e+01	239	6746	4.520287e+03	1435	1.157265e+03	2.390000e+01	239	1.754064e-01	2.038317e-01	
24	240	6280	4.520287e+03	7.998000e+02	1.157265e+03	24	240	1.129693e-01	2.038317e-01	
2.410000e+01	241	5108	4.520287e+03	1102	1.157265e+03	2.410000e+01	241	1.774557e-01	2.038317e-01	
2.420000e+01	242	6227	4.520287e+03	1.245000e+00	1.157265e+03	2.420000e+01	242	1.998958e-04	2.038317e-01	
2.430000e+01	243	5062	4.520287e+03	6.678000e+02	1.157265e+03	2.430000e+01	243	1.165486e-01	2.038317e-01	
2.440000e+01	244	6233	4.520287e+03	7.165000e+02	1.157265e+03	2.440000e+01	244	1.031009e-01	2.038317e-01	
2.450000e+01	245	7090	4.520287e+03	1327	1.157265e+03	2.450000e+01	245	1.576571e-01	2.038317e-01	
2.460000e+01	246	5868	4.520287e+03	1099	1.157265e+03	2.460000e+01	246	1.577436e-01	2.038317e-01	
2.470000e+01	247	6014	4.520287e+03	-2.082000e+02	1.157265e+03	2.470000e+01	247	-3.586069e-02	2.038317e-01	
2.480000e+01	248	5281	4.520287e+03	1258	1.157265e+03	2.480000e+01	248	1.923842e-01	2.038317e-01	
2.490000e+01	249	6948	4.520287e+03	1021	1.157265e+03	2.490000e+01	249	1.281215e-01	2.038317e-01	
25	250	5377	4.520287e+03	1290	1.157265e+03	25	250	1.934903e-01	2.038317e-01	
2.510000e+01	251	4838	4.520287e+03	8.002000e+02	1.157265e+03	2.510000e+01	251	1.419247e-01	2.038317e-01	
2.520000e+01	252	3428	4.520287e+03	4441	1.157265e+03	2.520000e+01	252	5.643665e-01	2.038317e-01	
2.530000e+01	253	1112	7.244669e+02	7128	6.100026e+03	2.530000e+01	253	8.650485e-01	8.938431e-01	
2.540000e+01	254	-4.086000e+02	7.244669e+02	6474	6.100026e+03	2.540000e+01	254	1.067366e+00	8.938431e-01	
2.550000e+01	255	4.243000e+02	7.244669e+02	5970	6.100026e+03	2.550000e+01	255	9.336440e-01	8.938431e-01	
2.560000e+01	256	4.375000e+02	7.244669e+02	7212	6.100026e+03	2.560000e+01	256	9.428067e-01	8.938431e-01	
2.570000e+01	257	8.644000e+02	7.244669e+02	6729	6.100026e+03	2.570000e+01	257	8.861643e-01	8.938431e-01	
2.580000e+01	258	8.727000e+02	7.244669e+02	6924	6.100026e+03	2.580000e+01	258	8.880680e-01	8.938431e-01	
2.590000e+01	259	3134	4.520287e+03	4298	6.100026e+03	2.590000e+01	259	5.783100e-01	8.938431e-01	
26	260	5048	4.520287e+03	1953	1.157265e+03	26	260	2.789601e-01	2.038317e-01	
2.610000e+01	261	5443	4.520287e+03	7.296000e+02	1.157265e+03	2.610000e+01	261	1.181998e-01	2.038317e-01	
2.620000e+01	262	7649	4.520287e+03	2.485000e+02	1.157265e+03	2.620000e+01	262	3.146565e-02	2.038317e-01	
2.630000e+01	263	7478	4.520287e+03	4.410000e+01	1.157265e+03	2.630000e+01	263	5.862725e-03	2.038317e-01	
2.640000e+01	264	5964	4.520287e+03	8.558000e+02	1.157265e+03	2.640000e+01	264	1.254876e-01	2.038317e-01	
2.650000e+01	265	5020	4.520287e+03	1082	1.157265e+03	2.650000e+01	265	1.773189e-01	2.038317e-01	
2.660000e+01	266	6421	4.520287e+03	1.983000e+02	1.157265e+03	2.660000e+01	266	2.995785e-02	2.038317e-01	
2.670000e+01	267	6266	4.520287e+03	1001	1.157265e+03	2.670000e+01	267	1.377460e-01	2.038317e-01	
2.680000e+01	268	1362	7.244669e+02	5272	6.100026e+03	2.680000e+01	268	7.946940e-01	8.938431e-01	
2.690000e+01	269	1.035000e+02	7.244669e+02	5021	6.100026e+03	2.690000e+01	269	9.798029e-01	8.938431e-01	
27	270	4.994000e+02	7.244669e+02	7310	6.100026e+03	27	270	9.360514e-01	8.938431e-01	
2.710000e+01	271	5.505000e+02	7.244669e+02	7252	6.100026e+03	2.710000e+01	271	9.294457e-01	8.938431e-01	
2.720000e+01	272	2.236000e+02	7.244669e+02	6508	6.100026e+03	2.720000e+01	272	9.667835e-01	8.938431e-01	
2.730000e+01	273	1511	7.244669e+02	7101	6.100026e+03	2.730000e+01	273	8.245471e-01	8.938431e-01	
2.740000e+01	274	3.414000e+02	7.244669e+02	5167	6.100026e+03	2.740000e+01	274	9.380219e-01	8.938431e-01	
2.750000e+01	275	2.919000e+02	7.244669e+02	6660	6.100026e+03	2.750000e+01	275	9.580115e-01	8.938431e-01	
2.760000e+01	276	939	7.244669e+02	5926	6.100026e+03	2.760000e+01	276	8.632192e-01	8.938431e-01	
2.770000e+01	277	1078	7.244669e+02	6884	6.100026e+03	2.770000e+01	277	8.646069e-01	8.938431e-01	
2.780000e+01	278	-281	7.244669e+02	5947	6.100026e+03	2.780000e+01	278	1.049594e+00	8.938431e-01	
2.790000e+01	279	2.982000e+02	7.244669e+02	7854	6.100026e+03	2.790000e+01	279	9.634209e-01	8.938431e-01	
28	280	-1.515000e+02	7.244669e+02	5591	6.100026e+03	28	280	1.027852e+00	8.938431e-01	
2.810000e+01	281	-4.795000e+02	7.244669e+02	6812	6.100026e+03	2.810000e+01	281	1.075720e+00	8.938431e-01	
2.820000e+01	282	8.729000e+02	7.244669e+02	5672	6.100026e+03	2.820000e+01	282	8.666290e-01	8.938431e-01	
2.830000e+01	283	1416	7.244669e+02	5565	6.100026e+03	2.830000e+01	283	7.971637e-01	8.938431e-01	
2.840000e+01	284	6.872000e+02	7.244669e+02	7598	6.100026e+03	2.840000e+01	284	9.170569e-01	8.938431e-01	
2.850000e+01	285	7.085000e+02	7.244669e+02	7054	6.100026e+03	2.850000e+01	285	9.087279e-01	0	
