time at 532nm	frame at 532nm	I_1 at 532nm(counts)	discr.I_1 at 532nm(counts)	I_2 at 532nm(counts)	discr.I_2 at 532nm(counts)	time at 532nm	frame at 532nm	FRET_1>2	discr.FRET_1>2	
1.000000e-01	1	9160	4.484817e+03	1020	4.575407e+03	1.000000e-01	1	1.001965e-01	5.049993e-01	
2.000000e-01	2	5021	4.484817e+03	5064	4.575407e+03	2.000000e-01	2	5.021319e-01	5.049993e-01	
3.000000e-01	3	3689	4.484817e+03	5317	4.575407e+03	3.000000e-01	3	5.903842e-01	5.049993e-01	
4.000000e-01	4	3098	4.484817e+03	3621	4.575407e+03	4.000000e-01	4	5.389195e-01	5.049993e-01	
5.000000e-01	5	5253	4.484817e+03	5123	4.575407e+03	5.000000e-01	5	4.937355e-01	5.049993e-01	
6.000000e-01	6	5924	4.484817e+03	4360	4.575407e+03	6.000000e-01	6	4.239595e-01	5.049993e-01	
7.000000e-01	7	4737	4.484817e+03	4300	4.575407e+03	7.000000e-01	7	4.758216e-01	5.049993e-01	
8.000000e-01	8	5475	4.484817e+03	4720	4.575407e+03	8.000000e-01	8	4.629720e-01	5.049993e-01	
9.000000e-01	9	2193	4.484817e+03	6313	7.918917e+03	9.000000e-01	9	7.421820e-01	5.049993e-01	
1	10	3641	4.484817e+03	8903	7.918917e+03	1	10	7.097417e-01	5.049993e-01	
1.100000e+00	11	8.642000e+02	1.058542e+03	7923	7.918917e+03	1.100000e+00	11	9.016524e-01	5.049993e-01	
1.200000e+00	12	4.963000e+02	1.058542e+03	9989	7.918917e+03	1.200000e+00	12	9.526671e-01	5.049993e-01	
1.300000e+00	13	6.644000e+02	1.058542e+03	5593	7.918917e+03	1.300000e+00	13	8.938217e-01	5.049993e-01	
1.400000e+00	14	1299	1.058542e+03	8012	7.918917e+03	1.400000e+00	14	8.604876e-01	5.049993e-01	
1.500000e+00	15	3.163000e+02	1.058542e+03	7783	7.918917e+03	1.500000e+00	15	9.609472e-01	5.049993e-01	
1.600000e+00	16	1144	1.058542e+03	7450	7.918917e+03	1.600000e+00	16	8.668839e-01	5.049993e-01	
1.700000e+00	17	635	1.058542e+03	8593	7.918917e+03	1.700000e+00	17	9.311877e-01	5.049993e-01	
1.800000e+00	18	1228	1.058542e+03	8739	7.918917e+03	1.800000e+00	18	8.767934e-01	5.049993e-01	
1.900000e+00	19	2247	1.058542e+03	6443	7.918917e+03	1.900000e+00	19	7.414269e-01	5.049993e-01	
2	20	1.758000e+02	1.058542e+03	8127	7.918917e+03	2	20	9.788264e-01	5.049993e-01	
2.100000e+00	21	9.499000e+02	1.058542e+03	8473	7.918917e+03	2.100000e+00	21	8.991924e-01	5.049993e-01	
2.200000e+00	22	1189	1.058542e+03	5768	7.918917e+03	2.200000e+00	22	8.290930e-01	5.049993e-01	
2.300000e+00	23	8.838000e+02	1.058542e+03	6291	7.918917e+03	2.300000e+00	23	8.768189e-01	5.049993e-01	
2.400000e+00	24	7.482000e+02	1.058542e+03	9955	7.918917e+03	2.400000e+00	24	9.300957e-01	5.049993e-01	
2.500000e+00	25	4.684000e+02	1.058542e+03	8412	7.918917e+03	2.500000e+00	25	9.472546e-01	5.049993e-01	
2.600000e+00	26	1.034000e+02	1.058542e+03	8504	7.918917e+03	2.600000e+00	26	9.879871e-01	5.049993e-01	
2.700000e+00	27	1073	1.058542e+03	9419	7.918917e+03	2.700000e+00	27	8.977316e-01	5.049993e-01	
2.800000e+00	28	2121	1.058542e+03	7979	7.918917e+03	2.800000e+00	28	7.900000e-01	5.049993e-01	
2.900000e+00	29	-4.444000e+02	1.058542e+03	7415	7.918917e+03	2.900000e+00	29	1.063753e+00	5.049993e-01	
3	30	1328	1.058542e+03	6880	7.918917e+03	3	30	8.382066e-01	5.049993e-01	
3.100000e+00	31	1555	1.058542e+03	7419	7.918917e+03	3.100000e+00	31	8.267216e-01	5.049993e-01	
3.200000e+00	32	1139	1.058542e+03	10050	7.918917e+03	3.200000e+00	32	8.982036e-01	5.049993e-01	
3.300000e+00	33	1236	1.058542e+03	7579	7.918917e+03	3.300000e+00	33	8.597845e-01	5.049993e-01	
3.400000e+00	34	8.213000e+02	1.058542e+03	6479	7.918917e+03	3.400000e+00	34	8.874978e-01	5.049993e-01	
3.500000e+00	35	1970	1.058542e+03	8252	7.918917e+03	3.500000e+00	35	8.072784e-01	5.049993e-01	
3.600000e+00	36	4.390000e+01	1.058542e+03	8978	7.918917e+03	3.600000e+00	36	9.951341e-01	5.049993e-01	
3.700000e+00	37	8.757000e+02	1.058542e+03	6672	7.918917e+03	3.700000e+00	37	8.839779e-01	5.049993e-01	
3.800000e+00	38	6.834000e+02	1.058542e+03	7091	7.918917e+03	3.800000e+00	38	9.120961e-01	5.049993e-01	
3.900000e+00	39	9.898000e+02	1.058542e+03	5911	7.918917e+03	3.900000e+00	39	8.565674e-01	5.049993e-01	
4	40	2188	1.058542e+03	7102	7.918917e+03	4	40	7.644779e-01	5.049993e-01	
4.100000e+00	41	1788	1.058542e+03	9141	7.918917e+03	4.100000e+00	41	8.363986e-01	5.049993e-01	
4.200000e+00	42	1441	1.058542e+03	9536	7.918917e+03	4.200000e+00	42	8.687255e-01	5.049993e-01	
4.300000e+00	43	2326	1.058542e+03	8706	7.918917e+03	4.300000e+00	43	7.891588e-01	5.049993e-01	
4.400000e+00	44	1043	1.058542e+03	7100	7.918917e+03	4.400000e+00	44	8.719145e-01	5.049993e-01	
4.500000e+00	45	945	1.058542e+03	9662	7.918917e+03	4.500000e+00	45	9.109079e-01	5.049993e-01	
4.600000e+00	46	5.531000e+02	1.058542e+03	5477	7.918917e+03	4.600000e+00	46	9.082768e-01	5.049993e-01	
4.700000e+00	47	2.575000e+01	1.058542e+03	7207	7.918917e+03	4.700000e+00	47	9.964398e-01	5.049993e-01	
4.800000e+00	48	1814	1.058542e+03	7690	7.918917e+03	4.800000e+00	48	8.091330e-01	5.049993e-01	
4.900000e+00	49	7.549000e+02	1.058542e+03	7586	7.918917e+03	4.900000e+00	49	9.094942e-01	5.049993e-01	
5	50	1036	1.058542e+03	7715	7.918917e+03	5	50	8.816135e-01	5.049993e-01	
5.100000e+00	51	2528	1.058542e+03	8657	7.918917e+03	5.100000e+00	51	7.739830e-01	5.049993e-01	
5.200000e+00	52	1167	1.058542e+03	8454	7.918917e+03	5.200000e+00	52	8.787028e-01	5.049993e-01	
5.300000e+00	53	1962	1.058542e+03	6551	7.918917e+03	5.300000e+00	53	7.695290e-01	5.049993e-01	
5.400000e+00	54	6.379000e+02	1.058542e+03	7620	7.918917e+03	5.400000e+00	54	9.227528e-01	5.049993e-01	
5.500000e+00	55	1108	1.058542e+03	8810	7.918917e+03	5.500000e+00	55	8.882839e-01	5.049993e-01	
5.600000e+00	56	1483	1.058542e+03	6737	7.918917e+03	5.600000e+00	56	8.195864e-01	5.049993e-01	
5.700000e+00	57	1484	1.058542e+03	8667	7.918917e+03	5.700000e+00	57	8.538075e-01	5.049993e-01	
5.800000e+00	58	6005	1.058542e+03	1438	1.021738e+03	5.800000e+00	58	1.932017e-01	5.049993e-01	
5.900000e+00	59	10650	9.070361e+03	-7.351000e+02	1.021738e+03	5.900000e+00	59	-7.414094e-02	1.012414e-01	
6	60	9629	9.070361e+03	1101	1.021738e+03	6	60	1.026095e-01	1.012414e-01	
6.100000e+00	61	10920	9.070361e+03	1283	1.021738e+03	6.100000e+00	61	1.051381e-01	1.012414e-01	
6.200000e+00	62	9980	9.070361e+03	1312	1.021738e+03	6.200000e+00	62	1.161885e-01	1.012414e-01	
6.300000e+00	63	8320	9.070361e+03	7.471000e+02	1.021738e+03	6.300000e+00	63	8.239680e-02	1.012414e-01	
6.400000e+00	64	11280	9.070361e+03	2481	1.021738e+03	6.400000e+00	64	1.802921e-01	1.012414e-01	
6.500000e+00	65	5099	4.484817e+03	4014	4.575407e+03	6.500000e+00	65	4.404697e-01	5.049993e-01	
6.600000e+00	66	4054	4.484817e+03	4415	4.575407e+03	6.600000e+00	66	5.213130e-01	5.049993e-01	
6.700000e+00	67	2486	4.484817e+03	5771	4.575407e+03	6.700000e+00	67	6.989221e-01	5.049993e-01	
6.800000e+00	68	5179	4.484817e+03	4162	4.575407e+03	6.800000e+00	68	4.455626e-01	5.049993e-01	
6.900000e+00	69	3851	4.484817e+03	4891	4.575407e+03	6.900000e+00	69	5.594830e-01	5.049993e-01	
7	70	4854	4.484817e+03	5180	4.575407e+03	7	70	5.162448e-01	5.049993e-01	
7.100000e+00	71	2925	4.484817e+03	3042	4.575407e+03	7.100000e+00	71	5.098039e-01	5.049993e-01	
7.200000e+00	72	4877	4.484817e+03	4737	4.575407e+03	7.200000e+00	72	4.927190e-01	5.049993e-01	
7.300000e+00	73	4296	4.484817e+03	3865	4.575407e+03	7.300000e+00	73	4.735939e-01	5.049993e-01	
7.400000e+00	74	4598	4.484817e+03	4979	4.575407e+03	7.400000e+00	74	5.198914e-01	5.049993e-01	
7.500000e+00	75	5154	4.484817e+03	5185	4.575407e+03	7.500000e+00	75	5.014992e-01	5.049993e-01	
7.600000e+00	76	5074	4.484817e+03	5003	4.575407e+03	7.600000e+00	76	4.964771e-01	5.049993e-01	
7.700000e+00	77	5550	4.484817e+03	3687	4.575407e+03	7.700000e+00	77	3.991556e-01	5.049993e-01	
7.800000e+00	78	3183	4.484817e+03	4352	4.575407e+03	7.800000e+00	78	5.775713e-01	5.049993e-01	
7.900000e+00	79	5706	4.484817e+03	4143	4.575407e+03	7.900000e+00	79	4.206518e-01	5.049993e-01	
8	80	3620	4.484817e+03	5446	4.575407e+03	8	80	6.007059e-01	5.049993e-01	
8.100000e+00	81	4237	4.484817e+03	3991	4.575407e+03	8.100000e+00	81	4.850510e-01	5.049993e-01	
8.200000e+00	82	3831	4.484817e+03	4996	4.575407e+03	8.200000e+00	82	5.659907e-01	5.049993e-01	
8.300000e+00	83	5029	4.484817e+03	5206	4.575407e+03	8.300000e+00	83	5.086468e-01	5.049993e-01	
8.400000e+00	84	4999	4.484817e+03	5951	4.575407e+03	8.400000e+00	84	5.434703e-01	5.049993e-01	
8.500000e+00	85	4235	4.484817e+03	3477	4.575407e+03	8.500000e+00	85	4.508558e-01	5.049993e-01	
8.600000e+00	86	4293	4.484817e+03	5339	4.575407e+03	8.600000e+00	86	5.542982e-01	5.049993e-01	
8.700000e+00	87	4555	4.484817e+03	4449	4.575407e+03	8.700000e+00	87	4.941137e-01	5.049993e-01	
8.800000e+00	88	4686	4.484817e+03	4398	4.575407e+03	8.800000e+00	88	4.841480e-01	5.049993e-01	
8.900000e+00	89	7168	9.070361e+03	1210	1.021738e+03	8.900000e+00	89	1.444259e-01	1.012414e-01	
9	90	9662	9.070361e+03	6.658000e+02	1.021738e+03	9	90	6.446678e-02	1.012414e-01	
9.100000e+00	91	10480	9.070361e+03	6.448000e+02	1.021738e+03	9.100000e+00	91	5.796059e-02	1.012414e-01	
9.200000e+00	92	7250	9.070361e+03	1074	1.021738e+03	9.200000e+00	92	1.290245e-01	1.012414e-01	
9.300000e+00	93	9152	9.070361e+03	1182	1.021738e+03	9.300000e+00	93	1.143797e-01	1.012414e-01	
9.400000e+00	94	7974	9.070361e+03	1.259000e+02	1.021738e+03	9.400000e+00	94	1.554340e-02	1.012414e-01	
9.500000e+00	95	8572	9.070361e+03	1046	1.021738e+03	9.500000e+00	95	1.087544e-01	1.012414e-01	
9.600000e+00	96	9239	9.070361e+03	1391	1.021738e+03	9.600000e+00	96	1.308561e-01	1.012414e-01	
9.700000e+00	97	7850	9.070361e+03	-1068	1.021738e+03	9.700000e+00	97	-1.574757e-01	1.012414e-01	
9.800000e+00	98	8450	9.070361e+03	7.657000e+02	1.021738e+03	9.800000e+00	98	8.308647e-02	1.012414e-01	
9.900000e+00	99	1662	1.058542e+03	7632	7.918917e+03	9.900000e+00	99	8.211750e-01	8.820889e-01	
10	100	9.675000e+01	1.058542e+03	7174	7.918917e+03	10	100	9.866933e-01	8.820889e-01	
1.010000e+01	101	1195	1.058542e+03	9812	7.918917e+03	1.010000e+01	101	8.914327e-01	8.820889e-01	
1.020000e+01	102	1.266000e+02	1.058542e+03	9075	7.918917e+03	1.020000e+01	102	9.862415e-01	8.820889e-01	
1.030000e+01	103	-1.091000e+02	1.058542e+03	6637	7.918917e+03	1.030000e+01	103	1.016713e+00	8.820889e-01	
1.040000e+01	104	2234	1.058542e+03	8219	7.918917e+03	1.040000e+01	104	7.862815e-01	8.820889e-01	
1.050000e+01	105	8.723000e+02	1.058542e+03	7066	7.918917e+03	1.050000e+01	105	8.901150e-01	8.820889e-01	
1.060000e+01	106	537	1.058542e+03	8400	7.918917e+03	1.060000e+01	106	9.399127e-01	8.820889e-01	
1.070000e+01	107	5.776000e+02	1.058542e+03	8823	7.918917e+03	1.070000e+01	107	9.385571e-01	8.820889e-01	
1.080000e+01	108	-1.254000e+02	1.058542e+03	6545	7.918917e+03	1.080000e+01	108	1.019534e+00	8.820889e-01	
1.090000e+01	109	2520	1.058542e+03	7498	7.918917e+03	1.090000e+01	109	7.484528e-01	8.820889e-01	
11	110	1184	1.058542e+03	8736	7.918917e+03	11	110	8.806452e-01	8.820889e-01	
1.110000e+01	111	2199	1.058542e+03	8140	7.918917e+03	1.110000e+01	111	7.873102e-01	8.820889e-01	
1.120000e+01	112	8662	9.070361e+03	5.377000e+02	1.021738e+03	1.120000e+01	112	5.844756e-02	1.012414e-01	
1.130000e+01	113	6794	9.070361e+03	9.887000e+02	1.021738e+03	1.130000e+01	113	1.270382e-01	1.012414e-01	
1.140000e+01	114	9422	9.070361e+03	1.836000e+02	1.021738e+03	1.140000e+01	114	1.911385e-02	1.012414e-01	
1.150000e+01	115	9137	9.070361e+03	1260	1.021738e+03	1.150000e+01	115	1.211888e-01	1.012414e-01	
1.160000e+01	116	8955	9.070361e+03	-7.052000e+02	1.021738e+03	1.160000e+01	116	-8.548086e-02	1.012414e-01	
1.170000e+01	117	8474	9.070361e+03	2.742000e+02	1.021738e+03	1.170000e+01	117	3.134359e-02	1.012414e-01	
1.180000e+01	118	8491	9.070361e+03	1160	1.021738e+03	1.180000e+01	118	1.201948e-01	1.012414e-01	
1.190000e+01	119	9770	9.070361e+03	9.884000e+02	1.021738e+03	1.190000e+01	119	9.187240e-02	1.012414e-01	
12	120	9511	9.070361e+03	1148	1.021738e+03	12	120	1.077024e-01	1.012414e-01	
1.210000e+01	121	10340	9.070361e+03	1544	1.021738e+03	1.210000e+01	121	1.299226e-01	1.012414e-01	
1.220000e+01	122	8549	9.070361e+03	5.568000e+02	1.021738e+03	1.220000e+01	122	6.114784e-02	1.012414e-01	
1.230000e+01	123	10820	9.070361e+03	-2.221000e+02	1.021738e+03	1.230000e+01	123	-2.095698e-02	1.012414e-01	
1.240000e+01	124	9689	9.070361e+03	4.782000e+02	1.021738e+03	1.240000e+01	124	4.703360e-02	1.012414e-01	
1.250000e+01	125	9814	9.070361e+03	8.553000e+02	1.021738e+03	1.250000e+01	125	8.016458e-02	1.012414e-01	
1.260000e+01	126	7608	9.070361e+03	2147	1.021738e+03	1.260000e+01	126	2.200923e-01	1.012414e-01	
1.270000e+01	127	6974	9.070361e+03	1316	1.021738e+03	1.270000e+01	127	1.587455e-01	1.012414e-01	
1.280000e+01	128	8995	9.070361e+03	1558	1.021738e+03	1.280000e+01	128	1.476357e-01	1.012414e-01	
1.290000e+01	129	9968	9.070361e+03	7.436000e+02	1.021738e+03	1.290000e+01	129	6.942007e-02	1.012414e-01	
13	130	10110	9.070361e+03	8.243000e+02	1.021738e+03	13	130	7.538663e-02	1.012414e-01	
1.310000e+01	131	5621	9.070361e+03	5240	1.021738e+03	1.310000e+01	131	4.824602e-01	1.012414e-01	
1.320000e+01	132	2.774000e+02	1.058542e+03	8689	7.918917e+03	1.320000e+01	132	9.690623e-01	8.820889e-01	
1.330000e+01	133	3104	1.058542e+03	4732	7.918917e+03	1.330000e+01	133	6.038795e-01	8.820889e-01	
1.340000e+01	134	8.814000e+02	1.058542e+03	6715	7.918917e+03	1.340000e+01	134	8.839714e-01	8.820889e-01	
1.350000e+01	135	2363	1.058542e+03	8378	7.918917e+03	1.350000e+01	135	7.800019e-01	8.820889e-01	
1.360000e+01	136	6.693000e+02	1.058542e+03	7719	7.918917e+03	1.360000e+01	136	9.202103e-01	8.820889e-01	
1.370000e+01	137	1187	1.058542e+03	9885	7.918917e+03	1.370000e+01	137	8.927926e-01	8.820889e-01	
1.380000e+01	138	2049	1.058542e+03	7969	7.918917e+03	1.380000e+01	138	7.954682e-01	8.820889e-01	
1.390000e+01	139	1667	1.058542e+03	9202	7.918917e+03	1.390000e+01	139	8.466280e-01	8.820889e-01	
14	140	2.252000e+02	1.058542e+03	8293	7.918917e+03	14	140	9.735625e-01	8.820889e-01	
1.410000e+01	141	1281	1.058542e+03	8225	7.918917e+03	1.410000e+01	141	8.652430e-01	8.820889e-01	
1.420000e+01	142	6.308000e+02	1.058542e+03	8170	7.918917e+03	1.420000e+01	142	9.283247e-01	8.820889e-01	
1.430000e+01	143	-2.482000e+01	1.058542e+03	7222	7.918917e+03	1.430000e+01	143	1.003449e+00	8.820889e-01	
1.440000e+01	144	-2.346000e-02	1.058542e+03	7076	7.918917e+03	1.440000e+01	144	1.000003e+00	8.820889e-01	
1.450000e+01	145	2123	1.058542e+03	5865	7.918917e+03	1.450000e+01	145	7.342263e-01	8.820889e-01	
1.460000e+01	146	7.854000e+02	1.058542e+03	9743	7.918917e+03	1.460000e+01	146	9.254018e-01	8.820889e-01	
1.470000e+01	147	5.413000e+02	1.058542e+03	7844	7.918917e+03	1.470000e+01	147	9.354466e-01	8.820889e-01	
1.480000e+01	148	4.935000e+02	1.058542e+03	8412	7.918917e+03	1.480000e+01	148	9.445848e-01	8.820889e-01	
1.490000e+01	149	9.598000e+02	1.058542e+03	5981	7.918917e+03	1.490000e+01	149	8.617162e-01	8.820889e-01	
15	150	694	1.058542e+03	7808	7.918917e+03	15	150	9.183721e-01	8.820889e-01	
1.510000e+01	151	4.585000e+02	1.058542e+03	7359	7.918917e+03	1.510000e+01	151	9.413495e-01	8.820889e-01	
1.520000e+01	152	3.528000e+02	1.058542e+03	9743	7.918917e+03	1.520000e+01	152	9.650548e-01	8.820889e-01	
1.530000e+01	153	1330	1.058542e+03	8560	7.918917e+03	1.530000e+01	153	8.655207e-01	8.820889e-01	
1.540000e+01	154	1958	1.058542e+03	9583	7.918917e+03	1.540000e+01	154	8.303440e-01	8.820889e-01	
1.550000e+01	155	7.254000e+02	1.058542e+03	5994	7.918917e+03	1.550000e+01	155	8.920439e-01	8.820889e-01	
1.560000e+01	156	6.853000e+01	1.058542e+03	6923	7.918917e+03	1.560000e+01	156	9.901981e-01	8.820889e-01	
1.570000e+01	157	1110	1.058542e+03	7971	7.918917e+03	1.570000e+01	157	8.777668e-01	8.820889e-01	
1.580000e+01	158	1639	1.058542e+03	7382	7.918917e+03	1.580000e+01	158	8.183128e-01	8.820889e-01	
1.590000e+01	159	-2.702000e+02	1.058542e+03	7859	7.918917e+03	1.590000e+01	159	1.035605e+00	8.820889e-01	
16	160	1718	1.058542e+03	6933	7.918917e+03	16	160	8.014102e-01	8.820889e-01	
1.610000e+01	161	7.687000e+02	1.058542e+03	8743	7.918917e+03	1.610000e+01	161	9.191837e-01	8.820889e-01	
1.620000e+01	162	6879	9.070361e+03	1972	1.021738e+03	1.620000e+01	162	2.227997e-01	1.012414e-01	
1.630000e+01	163	8888	9.070361e+03	1.461000e+02	1.021738e+03	1.630000e+01	163	1.617206e-02	1.012414e-01	
1.640000e+01	164	8848	9.070361e+03	3.147000e+02	1.021738e+03	1.640000e+01	164	3.434577e-02	1.012414e-01	
1.650000e+01	165	8771	9.070361e+03	5.221000e+02	1.021738e+03	1.650000e+01	165	5.618147e-02	1.012414e-01	
1.660000e+01	166	8384	9.070361e+03	1005	1.021738e+03	1.660000e+01	166	1.070402e-01	1.012414e-01	
1.670000e+01	167	10060	9.070361e+03	1197	1.021738e+03	1.670000e+01	167	1.063338e-01	1.012414e-01	
1.680000e+01	168	9170	9.070361e+03	9.665000e+02	1.021738e+03	1.680000e+01	168	9.534849e-02	1.012414e-01	
1.690000e+01	169	5497	9.070361e+03	5.023000e-02	1.021738e+03	1.690000e+01	169	9.137628e-06	1.012414e-01	
17	170	10340	9.070361e+03	1153	1.021738e+03	17	170	1.003219e-01	1.012414e-01	
1.710000e+01	171	9211	9.070361e+03	6.331000e+02	1.021738e+03	1.710000e+01	171	6.431263e-02	1.012414e-01	
1.720000e+01	172	6924	9.070361e+03	5.717000e+02	1.021738e+03	1.720000e+01	172	7.627040e-02	1.012414e-01	
1.730000e+01	173	9164	9.070361e+03	2.588000e+02	1.021738e+03	1.730000e+01	173	2.746530e-02	1.012414e-01	
1.740000e+01	174	9799	9.070361e+03	1005	1.021738e+03	1.740000e+01	174	9.302110e-02	1.012414e-01	
1.750000e+01	175	9847	9.070361e+03	7.375000e+02	1.021738e+03	1.750000e+01	175	6.967736e-02	1.012414e-01	
1.760000e+01	176	5946	9.070361e+03	3473	1.021738e+03	1.760000e+01	176	3.687228e-01	1.012414e-01	
1.770000e+01	177	1041	1.058542e+03	6931	7.918917e+03	1.770000e+01	177	8.694180e-01	8.820889e-01	
1.780000e+01	178	2580	1.058542e+03	10390	7.918917e+03	1.780000e+01	178	8.010794e-01	8.820889e-01	
1.790000e+01	179	7.338000e+02	1.058542e+03	9900	7.918917e+03	1.790000e+01	179	9.309936e-01	8.820889e-01	
18	180	2211	1.058542e+03	7382	7.918917e+03	18	180	7.695194e-01	8.820889e-01	
1.810000e+01	181	1321	1.058542e+03	6833	7.918917e+03	1.810000e+01	181	8.379936e-01	8.820889e-01	
1.820000e+01	182	1476	1.058542e+03	6883	7.918917e+03	1.820000e+01	182	8.234239e-01	8.820889e-01	
1.830000e+01	183	1573	1.058542e+03	6619	7.918917e+03	1.830000e+01	183	8.079834e-01	8.820889e-01	
1.840000e+01	184	1760	1.058542e+03	8343	7.918917e+03	1.840000e+01	184	8.257943e-01	8.820889e-01	
1.850000e+01	185	3.683000e+02	1.058542e+03	8321	7.918917e+03	1.850000e+01	185	9.576145e-01	8.820889e-01	
1.860000e+01	186	1744	1.058542e+03	10460	7.918917e+03	1.860000e+01	186	8.570960e-01	8.820889e-01	
1.870000e+01	187	10050	9.070361e+03	7.395000e+02	1.021738e+03	1.870000e+01	187	6.853886e-02	1.012414e-01	
1.880000e+01	188	9314	9.070361e+03	8.629000e+02	1.021738e+03	1.880000e+01	188	8.479006e-02	1.012414e-01	
1.890000e+01	189	9294	9.070361e+03	1460	1.021738e+03	1.890000e+01	189	1.357634e-01	1.012414e-01	
19	190	8993	9.070361e+03	1556	1.021738e+03	19	190	1.475021e-01	1.012414e-01	
1.910000e+01	191	5513	9.070361e+03	4186	1.021738e+03	1.910000e+01	191	4.315909e-01	1.012414e-01	
1.920000e+01	192	1159	1.058542e+03	7781	7.918917e+03	1.920000e+01	192	8.703579e-01	8.820889e-01	
1.930000e+01	193	1017	1.058542e+03	7664	7.918917e+03	1.930000e+01	193	8.828476e-01	8.820889e-01	
1.940000e+01	194	6.653000e+02	1.058542e+03	7687	7.918917e+03	1.940000e+01	194	9.203453e-01	8.820889e-01	
1.950000e+01	195	7.826000e+02	1.058542e+03	6549	7.918917e+03	1.950000e+01	195	8.932566e-01	8.820889e-01	
1.960000e+01	196	1707	1.058542e+03	8731	7.918917e+03	1.960000e+01	196	8.364629e-01	8.820889e-01	
1.970000e+01	197	-9.093000e+00	1.058542e+03	7610	7.918917e+03	1.970000e+01	197	1.001196e+00	8.820889e-01	
1.980000e+01	198	3.767000e+01	1.058542e+03	8660	7.918917e+03	1.980000e+01	198	9.956690e-01	8.820889e-01	
1.990000e+01	199	9.851000e+02	1.058542e+03	8232	7.918917e+03	1.990000e+01	199	8.931226e-01	8.820889e-01	
20	200	3087	1.058542e+03	7614	7.918917e+03	20	200	7.115223e-01	8.820889e-01	
2.010000e+01	201	-4.513000e+02	1.058542e+03	7908	7.918917e+03	2.010000e+01	201	1.060523e+00	8.820889e-01	
2.020000e+01	202	3.388000e+02	1.058542e+03	9974	7.918917e+03	2.020000e+01	202	9.671476e-01	8.820889e-01	
2.030000e+01	203	-116	1.058542e+03	7510	7.918917e+03	2.030000e+01	203	1.015688e+00	8.820889e-01	
2.040000e+01	204	1101	1.058542e+03	7144	7.918917e+03	2.040000e+01	204	8.664645e-01	8.820889e-01	
2.050000e+01	205	3.721000e+02	1.058542e+03	8835	7.918917e+03	2.050000e+01	205	9.595855e-01	8.820889e-01	
2.060000e+01	206	5.689000e+02	1.058542e+03	8990	7.918917e+03	2.060000e+01	206	9.404848e-01	8.820889e-01	
2.070000e+01	207	-3.751000e+02	1.058542e+03	6853	7.918917e+03	2.070000e+01	207	1.057905e+00	8.820889e-01	
2.080000e+01	208	6.826000e+02	1.058542e+03	8062	7.918917e+03	2.080000e+01	208	9.219404e-01	8.820889e-01	
2.090000e+01	209	2425	1.058542e+03	8411	7.918917e+03	2.090000e+01	209	7.762089e-01	8.820889e-01	
21	210	6.695000e+02	1.058542e+03	7952	7.918917e+03	21	210	9.223453e-01	8.820889e-01	
2.110000e+01	211	1423	1.058542e+03	8359	7.918917e+03	2.110000e+01	211	8.545287e-01	8.820889e-01	
2.120000e+01	212	2246	1.058542e+03	5820	7.918917e+03	2.120000e+01	212	7.215472e-01	8.820889e-01	
2.130000e+01	213	3.371000e+02	1.058542e+03	8770	7.918917e+03	2.130000e+01	213	9.629849e-01	8.820889e-01	
2.140000e+01	214	2460	1.058542e+03	5799	7.918917e+03	2.140000e+01	214	7.021431e-01	8.820889e-01	
2.150000e+01	215	1.989000e+02	1.058542e+03	5992	7.918917e+03	2.150000e+01	215	9.678722e-01	8.820889e-01	
2.160000e+01	216	-1.588000e+02	1.058542e+03	9239	7.918917e+03	2.160000e+01	216	1.017489e+00	8.820889e-01	
2.170000e+01	217	6.448000e+02	1.058542e+03	6638	7.918917e+03	2.170000e+01	217	9.114626e-01	8.820889e-01	
2.180000e+01	218	6.542000e+02	1.058542e+03	5166	7.918917e+03	2.180000e+01	218	8.875984e-01	8.820889e-01	
2.190000e+01	219	1117	1.058542e+03	7387	7.918917e+03	2.190000e+01	219	8.686500e-01	8.820889e-01	
22	220	1491	1.058542e+03	9876	7.918917e+03	22	220	8.688308e-01	8.820889e-01	
2.210000e+01	221	9.359000e+02	1.058542e+03	8841	7.918917e+03	2.210000e+01	221	9.042744e-01	8.820889e-01	
2.220000e+01	222	-2.387000e+02	1.058542e+03	6936	7.918917e+03	2.220000e+01	222	1.035641e+00	8.820889e-01	
2.230000e+01	223	1863	1.058542e+03	7542	7.918917e+03	2.230000e+01	223	8.019139e-01	8.820889e-01	
2.240000e+01	224	4.127000e+02	1.058542e+03	7668	7.918917e+03	2.240000e+01	224	9.489277e-01	8.820889e-01	
2.250000e+01	225	1955	1.058542e+03	8060	7.918917e+03	2.250000e+01	225	8.047928e-01	8.820889e-01	
2.260000e+01	226	1235	1.058542e+03	9856	7.918917e+03	2.260000e+01	226	8.886485e-01	8.820889e-01	
2.270000e+01	227	9.609000e+02	1.058542e+03	7880	7.918917e+03	2.270000e+01	227	8.913120e-01	8.820889e-01	
2.280000e+01	228	-3.442000e+02	1.058542e+03	7961	7.918917e+03	2.280000e+01	228	1.045190e+00	8.820889e-01	
2.290000e+01	229	1448	1.058542e+03	5960	7.918917e+03	2.290000e+01	229	8.045356e-01	8.820889e-01	
23	230	3.821000e+02	1.058542e+03	7958	7.918917e+03	23	230	9.541852e-01	8.820889e-01	
2.310000e+01	231	1993	1.058542e+03	7328	7.918917e+03	2.310000e+01	231	7.861817e-01	8.820889e-01	
2.320000e+01	232	8.805000e+02	1.058542e+03	10210	7.918917e+03	2.320000e+01	232	9.206077e-01	8.820889e-01	
2.330000e+01	233	2404	1.058542e+03	6619	7.918917e+03	2.330000e+01	233	7.335698e-01	8.820889e-01	
2.340000e+01	234	5.382000e+02	1.058542e+03	8218	7.918917e+03	2.340000e+01	234	9.385350e-01	8.820889e-01	
2.350000e+01	235	5.144000e+02	1.058542e+03	11340	7.918917e+03	2.350000e+01	235	9.566068e-01	8.820889e-01	
2.360000e+01	236	2.596000e+02	1.058542e+03	8081	7.918917e+03	2.360000e+01	236	9.688751e-01	8.820889e-01	
2.370000e+01	237	-2.997000e+02	1.058542e+03	7714	7.918917e+03	2.370000e+01	237	1.040422e+00	8.820889e-01	
2.380000e+01	238	8.885000e+02	1.058542e+03	8207	7.918917e+03	2.380000e+01	238	9.023143e-01	8.820889e-01	
2.390000e+01	239	3.054000e+02	1.058542e+03	7696	7.918917e+03	2.390000e+01	239	9.618317e-01	8.820889e-01	
24	240	1.795000e+02	1.058542e+03	7803	7.918917e+03	24	240	9.775133e-01	8.820889e-01	
2.410000e+01	241	1065	1.058542e+03	6055	7.918917e+03	2.410000e+01	241	8.504213e-01	8.820889e-01	
2.420000e+01	242	1881	1.058542e+03	7734	7.918917e+03	2.420000e+01	242	8.043682e-01	8.820889e-01	
2.430000e+01	243	1638	1.058542e+03	7069	7.918917e+03	2.430000e+01	243	8.118755e-01	8.820889e-01	
2.440000e+01	244	1768	1.058542e+03	7407	7.918917e+03	2.440000e+01	244	8.073025e-01	8.820889e-01	
2.450000e+01	245	2577	1.058542e+03	7464	7.918917e+03	2.450000e+01	245	7.433523e-01	8.820889e-01	
2.460000e+01	246	1775	1.058542e+03	8848	7.918917e+03	2.460000e+01	246	8.329097e-01	8.820889e-01	
2.470000e+01	247	1.518000e+02	1.058542e+03	8644	7.918917e+03	2.470000e+01	247	9.827418e-01	8.820889e-01	
2.480000e+01	248	1815	1.058542e+03	7565	7.918917e+03	2.480000e+01	248	8.065032e-01	8.820889e-01	
2.490000e+01	249	1.286000e+02	1.058542e+03	8602	7.918917e+03	2.490000e+01	249	9.852702e-01	8.820889e-01	
25	250	1438	1.058542e+03	8425	7.918917e+03	25	250	8.542026e-01	8.820889e-01	
2.510000e+01	251	8.462000e+02	1.058542e+03	7251	7.918917e+03	2.510000e+01	251	8.954947e-01	8.820889e-01	
2.520000e+01	252	1642	1.058542e+03	6428	7.918917e+03	2.520000e+01	252	7.965304e-01	8.820889e-01	
2.530000e+01	253	7.853000e+02	1.058542e+03	8123	7.918917e+03	2.530000e+01	253	9.118463e-01	8.820889e-01	
2.540000e+01	254	10130	9.070361e+03	3.432000e+02	1.021738e+03	2.540000e+01	254	3.276935e-02	1.012414e-01	
2.550000e+01	255	9377	9.070361e+03	7.683000e+02	1.021738e+03	2.550000e+01	255	7.572965e-02	1.012414e-01	
2.560000e+01	256	9628	9.070361e+03	1.205000e+02	1.021738e+03	2.560000e+01	256	1.236088e-02	1.012414e-01	
2.570000e+01	257	8269	9.070361e+03	1417	1.021738e+03	2.570000e+01	257	1.462936e-01	1.012414e-01	
2.580000e+01	258	9369	9.070361e+03	-4.173000e+02	1.021738e+03	2.580000e+01	258	-4.661684e-02	1.012414e-01	
2.590000e+01	259	10700	9.070361e+03	-6.182000e+02	1.021738e+03	2.590000e+01	259	-6.131842e-02	1.012414e-01	
26	260	9171	9.070361e+03	-1174	1.021738e+03	26	260	-1.468051e-01	1.012414e-01	
2.610000e+01	261	8068	9.070361e+03	-8.534000e+02	1.021738e+03	2.610000e+01	261	-1.182879e-01	1.012414e-01	
2.620000e+01	262	6688	9.070361e+03	7.985000e+02	1.021738e+03	2.620000e+01	262	1.066587e-01	1.012414e-01	
2.630000e+01	263	8852	9.070361e+03	-1416	1.021738e+03	2.630000e+01	263	-1.904250e-01	1.012414e-01	
2.640000e+01	264	10370	9.070361e+03	335	1.021738e+03	2.640000e+01	264	3.129379e-02	1.012414e-01	
2.650000e+01	265	8228	9.070361e+03	1155	1.021738e+03	2.650000e+01	265	1.230950e-01	1.012414e-01	
2.660000e+01	266	9197	9.070361e+03	6.074000e+02	1.021738e+03	2.660000e+01	266	6.195178e-02	1.012414e-01	
2.670000e+01	267	9660	9.070361e+03	4.782000e+02	1.021738e+03	2.670000e+01	267	4.716814e-02	1.012414e-01	
2.680000e+01	268	7886	9.070361e+03	2118	1.021738e+03	2.680000e+01	268	2.117153e-01	1.012414e-01	
2.690000e+01	269	4056	4.484817e+03	4506	4.575407e+03	2.690000e+01	269	5.262789e-01	5.049993e-01	
27	270	4873	4.484817e+03	3777	4.575407e+03	27	270	4.366474e-01	5.049993e-01	
2.710000e+01	271	3892	4.484817e+03	5500	4.575407e+03	2.710000e+01	271	5.856048e-01	5.049993e-01	
2.720000e+01	272	4665	4.484817e+03	3695	4.575407e+03	2.720000e+01	272	4.419856e-01	5.049993e-01	
2.730000e+01	273	4281	4.484817e+03	4780	4.575407e+03	2.730000e+01	273	5.275356e-01	5.049993e-01	
2.740000e+01	274	5292	4.484817e+03	5142	4.575407e+03	2.740000e+01	274	4.928120e-01	5.049993e-01	
2.750000e+01	275	2297	4.484817e+03	4277	4.575407e+03	2.750000e+01	275	6.505932e-01	5.049993e-01	
2.760000e+01	276	4199	4.484817e+03	4409	4.575407e+03	2.760000e+01	276	5.121980e-01	5.049993e-01	
2.770000e+01	277	4120	4.484817e+03	4659	4.575407e+03	2.770000e+01	277	5.306983e-01	5.049993e-01	
2.780000e+01	278	3871	4.484817e+03	5278	4.575407e+03	2.780000e+01	278	5.768936e-01	5.049993e-01	
2.790000e+01	279	3804	4.484817e+03	3543	4.575407e+03	2.790000e+01	279	4.822376e-01	5.049993e-01	
28	280	3880	4.484817e+03	5218	4.575407e+03	28	280	5.735326e-01	5.049993e-01	
2.810000e+01	281	4768	4.484817e+03	5385	4.575407e+03	2.810000e+01	281	5.303851e-01	5.049993e-01	
2.820000e+01	282	3440	4.484817e+03	4594	4.575407e+03	2.820000e+01	282	5.718198e-01	5.049993e-01	
2.830000e+01	283	1856	1.058542e+03	7567	7.918917e+03	2.830000e+01	283	8.030351e-01	8.820889e-01	
2.840000e+01	284	9.344000e+02	1.058542e+03	8013	7.918917e+03	2.840000e+01	284	8.955674e-01	8.820889e-01	
2.850000e+01	285	-2.517000e+02	1.058542e+03	9378	7.918917e+03	2.850000e+01	285	1.027580e+00	8.820889e-01	
2.860000e+01	286	1039	1.058542e+03	6580	7.918917e+03	2.860000e+01	286	8.636304e-01	8.820889e-01	
2.870000e+01	287	1462	1.058542e+03	8240	7.918917e+03	2.870000e+01	287	8.493094e-01	8.820889e-01	
2.880000e+01	288	7.101000e+02	1.058542e+03	8743	7.918917e+03	2.880000e+01	288	9.248818e-01	8.820889e-01	
2.890000e+01	289	6174	4.484817e+03	4185	4.575407e+03	2.890000e+01	289	4.039965e-01	5.049993e-01	
29	290	4305	4.484817e+03	3870	4.575407e+03	29	290	4.733945e-01	5.049993e-01	
2.910000e+01	291	3786	4.484817e+03	4883	4.575407e+03	2.910000e+01	291	5.632714e-01	5.049993e-01	
2.920000e+01	292	3619	4.484817e+03	4978	4.575407e+03	2.920000e+01	292	5.790392e-01	5.049993e-01	
2.930000e+01	293	8092	9.070361e+03	2.901000e+02	1.021738e+03	2.930000e+01	293	3.460947e-02	1.012414e-01	
2.940000e+01	294	10240	9.070361e+03	2.694000e+02	1.021738e+03	2.940000e+01	294	2.563419e-02	1.012414e-01	
2.950000e+01	295	8256	9.070361e+03	1294	1.021738e+03	2.950000e+01	295	1.354974e-01	1.012414e-01	
2.960000e+01	296	9803	9.070361e+03	8.573000e+02	1.021738e+03	2.960000e+01	296	8.041988e-02	1.012414e-01	
2.970000e+01	297	9912	9.070361e+03	1406	1.021738e+03	2.970000e+01	297	1.242269e-01	1.012414e-01	
2.980000e+01	298	8748	9.070361e+03	1683	1.021738e+03	2.980000e+01	298	1.613460e-01	1.012414e-01	
2.990000e+01	299	9015	9.070361e+03	1864	1.021738e+03	2.990000e+01	299	1.713393e-01	1.012414e-01	
30	300	9971	9.070361e+03	9.848000e+02	1.021738e+03	30	300	8.988846e-02	1.012414e-01	
3.010000e+01	301	7782	9.070361e+03	1.232000e+02	1.021738e+03	3.010000e+01	301	1.558468e-02	1.012414e-01	
3.020000e+01	302	10040	9.070361e+03	1451	1.021738e+03	3.020000e+01	302	1.262727e-01	1.012414e-01	
3.030000e+01	303	8599	9.070361e+03	2425	1.021738e+03	3.030000e+01	303	2.199746e-01	1.012414e-01	
3.040000e+01	304	10230	9.070361e+03	6.893000e+02	1.021738e+03	3.040000e+01	304	6.312676e-02	1.012414e-01	
3.050000e+01	305	7692	9.070361e+03	3481	1.021738e+03	3.050000e+01	305	3.115546e-01	1.012414e-01	
3.060000e+01	306	9538	9.070361e+03	7.961000e+02	1.021738e+03	3.060000e+01	306	7.703622e-02	1.012414e-01	
3.070000e+01	307	10200	9.070361e+03	2.043000e+02	1.021738e+03	3.070000e+01	307	1.963611e-02	1.012414e-01	
3.080000e+01	308	11100	9.070361e+03	9.964000e+02	1.021738e+03	3.080000e+01	308	8.237161e-02	1.012414e-01	
3.090000e+01	309	8110	9.070361e+03	2.883000e+02	1.021738e+03	3.090000e+01	309	3.432838e-02	1.012414e-01	
31	310	10890	9.070361e+03	1944	1.021738e+03	31	310	1.514727e-01	1.012414e-01	
3.110000e+01	311	8717	9.070361e+03	9.095000e+02	1.021738e+03	3.110000e+01	311	9.447878e-02	1.012414e-01	
3.120000e+01	312	7738	9.070361e+03	2219	1.021738e+03	3.120000e+01	312	2.228583e-01	1.012414e-01	
3.130000e+01	313	9081	9.070361e+03	4.859000e+02	1.021738e+03	3.130000e+01	313	5.078970e-02	1.012414e-01	
3.140000e+01	314	8759	9.070361e+03	963	1.021738e+03	3.140000e+01	314	9.905369e-02	1.012414e-01	
3.150000e+01	315	9743	9.070361e+03	-1.491000e+02	1.021738e+03	3.150000e+01	315	-1.554113e-02	1.012414e-01	
3.160000e+01	316	10240	9.070361e+03	2472	1.021738e+03	3.160000e+01	316	1.944619e-01	1.012414e-01	
3.170000e+01	317	9644	9.070361e+03	8.017000e+02	1.021738e+03	3.170000e+01	317	7.674928e-02	1.012414e-01	
3.180000e+01	318	8989	9.070361e+03	1733	1.021738e+03	3.180000e+01	318	1.616303e-01	1.012414e-01	
3.190000e+01	319	7624	9.070361e+03	1408	1.021738e+03	3.190000e+01	319	1.558902e-01	1.012414e-01	
32	320	9208	9.070361e+03	4.629000e+02	1.021738e+03	32	320	4.786525e-02	1.012414e-01	
3.210000e+01	321	9608	9.070361e+03	2228	1.021738e+03	3.210000e+01	321	1.882393e-01	1.012414e-01	
3.220000e+01	322	9755	9.070361e+03	4.314000e+02	1.021738e+03	3.220000e+01	322	4.235059e-02	1.012414e-01	
3.230000e+01	323	8114	9.070361e+03	1255	1.021738e+03	3.230000e+01	323	1.339524e-01	1.012414e-01	
3.240000e+01	324	8268	9.070361e+03	1127	1.021738e+03	3.240000e+01	324	1.199574e-01	1.012414e-01	
3.250000e+01	325	10470	9.070361e+03	1636	1.021738e+03	3.250000e+01	325	1.351396e-01	1.012414e-01	
3.260000e+01	326	9851	9.070361e+03	1773	1.021738e+03	3.260000e+01	326	1.525292e-01	1.012414e-01	
3.270000e+01	327	10860	9.070361e+03	8.979000e+02	1.021738e+03	3.270000e+01	327	7.636568e-02	1.012414e-01	
3.280000e+01	328	7916	9.070361e+03	9.669000e+02	1.021738e+03	3.280000e+01	328	1.088496e-01	1.012414e-01	
3.290000e+01	329	9180	9.070361e+03	2412	1.021738e+03	3.290000e+01	329	2.080745e-01	1.012414e-01	
33	330	2353	1.058542e+03	5468	1.021738e+03	33	330	6.991433e-01	1.012414e-01	
3.310000e+01	331	1378	1.058542e+03	8291	7.918917e+03	3.310000e+01	331	8.574827e-01	8.820889e-01	
3.320000e+01	332	5469	1.058542e+03	5928	7.918917e+03	3.320000e+01	332	5.201369e-01	8.820889e-01	
3.330000e+01	333	8794	9.070361e+03	5.535000e+02	1.021738e+03	3.330000e+01	333	5.921369e-02	1.012414e-01	
3.340000e+01	334	8518	9.070361e+03	1112	1.021738e+03	3.340000e+01	334	1.154725e-01	1.012414e-01	
3.350000e+01	335	9113	9.070361e+03	3.304000e+02	1.021738e+03	3.350000e+01	335	3.498740e-02	1.012414e-01	
3.360000e+01	336	8605	9.070361e+03	2176	1.021738e+03	3.360000e+01	336	2.018366e-01	1.012414e-01	
3.370000e+01	337	10500	9.070361e+03	9.842000e+02	1.021738e+03	3.370000e+01	337	8.570035e-02	1.012414e-01	
3.380000e+01	338	8147	9.070361e+03	5.911000e+02	1.021738e+03	3.380000e+01	338	6.764628e-02	1.012414e-01	
3.390000e+01	339	9109	9.070361e+03	604	1.021738e+03	3.390000e+01	339	6.218470e-02	1.012414e-01	
34	340	9320	9.070361e+03	2473	1.021738e+03	34	340	2.097007e-01	1.012414e-01	
3.410000e+01	341	3947	9.070361e+03	4862	1.021738e+03	3.410000e+01	341	5.519355e-01	1.012414e-01	
3.420000e+01	342	1085	1.058542e+03	6790	7.918917e+03	3.420000e+01	342	8.622222e-01	8.820889e-01	
3.430000e+01	343	240	1.058542e+03	6607	7.918917e+03	3.430000e+01	343	9.649482e-01	8.820889e-01	
3.440000e+01	344	7.857000e+02	1.058542e+03	8675	7.918917e+03	3.440000e+01	344	9.169512e-01	8.820889e-01	
3.450000e+01	345	1730	1.058542e+03	7563	7.918917e+03	3.450000e+01	345	8.138384e-01	8.820889e-01	
3.460000e+01	346	1825	1.058542e+03	7409	7.918917e+03	3.460000e+01	346	8.023608e-01	8.820889e-01	
3.470000e+01	347	1734	1.058542e+03	8615	7.918917e+03	3.470000e+01	347	8.324476e-01	8.820889e-01	
3.480000e+01	348	2482	1.058542e+03	7792	7.918917e+03	3.480000e+01	348	7.584193e-01	8.820889e-01	
3.490000e+01	349	8617	9.070361e+03	1283	1.021738e+03	3.490000e+01	349	1.295960e-01	1.012414e-01	
35	350	9732	9.070361e+03	8.233000e+02	1.021738e+03	35	350	7.799873e-02	1.012414e-01	
3.510000e+01	351	8634	9.070361e+03	540	1.021738e+03	3.510000e+01	351	5.886200e-02	1.012414e-01	
3.520000e+01	352	12770	9.070361e+03	806	1.021738e+03	3.520000e+01	352	5.936948e-02	1.012414e-01	
3.530000e+01	353	9243	9.070361e+03	2121	1.021738e+03	3.530000e+01	353	1.866420e-01	1.012414e-01	
3.540000e+01	354	10330	9.070361e+03	9.107000e+02	1.021738e+03	3.540000e+01	354	8.101809e-02	1.012414e-01	
3.550000e+01	355	7654	9.070361e+03	741	1.021738e+03	3.550000e+01	355	8.826683e-02	1.012414e-01	
3.560000e+01	356	9182	9.070361e+03	-3.066000e+02	1.021738e+03	3.560000e+01	356	-3.454492e-02	1.012414e-01	
3.570000e+01	357	9185	9.070361e+03	1733	1.021738e+03	3.570000e+01	357	1.587287e-01	1.012414e-01	
3.580000e+01	358	9145	9.070361e+03	1120	1.021738e+03	3.580000e+01	358	1.091086e-01	1.012414e-01	
3.590000e+01	359	8533	9.070361e+03	7.238000e+01	1.021738e+03	3.590000e+01	359	8.411017e-03	1.012414e-01	
36	360	10370	9.070361e+03	1316	1.021738e+03	36	360	1.126134e-01	1.012414e-01	
3.610000e+01	361	9833	9.070361e+03	1128	1.021738e+03	3.610000e+01	361	1.029103e-01	1.012414e-01	
3.620000e+01	362	10640	9.070361e+03	6.273000e+02	1.021738e+03	3.620000e+01	362	5.567439e-02	1.012414e-01	
3.630000e+01	363	9454	9.070361e+03	6.099000e+02	1.021738e+03	3.630000e+01	363	6.060275e-02	1.012414e-01	
3.640000e+01	364	11330	9.070361e+03	1685	1.021738e+03	3.640000e+01	364	1.294660e-01	1.012414e-01	
3.650000e+01	365	9841	9.070361e+03	2661	1.021738e+03	3.650000e+01	365	2.128459e-01	1.012414e-01	
3.660000e+01	366	9286	9.070361e+03	1201	1.021738e+03	3.660000e+01	366	1.145227e-01	1.012414e-01	
3.670000e+01	367	9249	9.070361e+03	1324	1.021738e+03	3.670000e+01	367	1.252246e-01	1.012414e-01	
3.680000e+01	368	9296	9.070361e+03	4.093000e+02	1.021738e+03	3.680000e+01	368	4.217283e-02	1.012414e-01	
3.690000e+01	369	8958	9.070361e+03	681	1.021738e+03	3.690000e+01	369	7.065048e-02	1.012414e-01	
37	370	7213	9.070361e+03	-9.007000e+01	1.021738e+03	37	370	-1.264508e-02	1.012414e-01	
3.710000e+01	371	9976	9.070361e+03	-2.009000e+02	1.021738e+03	3.710000e+01	371	-2.055222e-02	1.012414e-01	
3.720000e+01	372	9080	9.070361e+03	-8.101000e+02	1.021738e+03	3.720000e+01	372	-9.795765e-02	1.012414e-01	
3.730000e+01	373	9854	9.070361e+03	1031	1.021738e+03	3.730000e+01	373	9.471750e-02	1.012414e-01	
3.740000e+01	374	9061	9.070361e+03	1685	1.021738e+03	3.740000e+01	374	1.568025e-01	1.012414e-01	
3.750000e+01	375	8336	9.070361e+03	1853	1.021738e+03	3.750000e+01	375	1.818628e-01	1.012414e-01	
3.760000e+01	376	10670	9.070361e+03	7.248000e+02	1.021738e+03	3.760000e+01	376	6.360796e-02	1.012414e-01	
3.770000e+01	377	9736	9.070361e+03	1656	1.021738e+03	3.770000e+01	377	1.453652e-01	1.012414e-01	
3.780000e+01	378	8728	9.070361e+03	765	1.021738e+03	3.780000e+01	378	8.058569e-02	1.012414e-01	
3.790000e+01	379	8637	9.070361e+03	1583	1.021738e+03	3.790000e+01	379	1.548924e-01	1.012414e-01	
38	380	8429	9.070361e+03	3.727000e+01	1.021738e+03	38	380	4.402175e-03	1.012414e-01	
3.810000e+01	381	9114	9.070361e+03	6.497000e+02	1.021738e+03	3.810000e+01	381	6.654240e-02	1.012414e-01	
3.820000e+01	382	5498	9.070361e+03	3731	1.021738e+03	3.820000e+01	382	4.042692e-01	1.012414e-01	
3.830000e+01	383	3.557000e+02	1.058542e+03	8157	7.918917e+03	3.830000e+01	383	9.582154e-01	8.820889e-01	
3.840000e+01	384	5.032000e+02	1.058542e+03	6585	7.918917e+03	3.840000e+01	384	9.290088e-01	8.820889e-01	
3.850000e+01	385	2096	1.058542e+03	7164	7.918917e+03	3.850000e+01	385	7.736501e-01	8.820889e-01	
3.860000e+01	386	-4.085000e+02	1.058542e+03	8394	7.918917e+03	3.860000e+01	386	1.051155e+00	8.820889e-01	
3.870000e+01	387	3.748000e+02	1.058542e+03	7943	7.918917e+03	3.870000e+01	387	9.549400e-01	8.820889e-01	
3.880000e+01	388	-1187	1.058542e+03	8972	7.918917e+03	3.880000e+01	388	1.152473e+00	8.820889e-01	
3.890000e+01	389	9.209000e+02	1.058542e+03	6856	7.918917e+03	3.890000e+01	389	8.815852e-01	8.820889e-01	
39	390	1746	1.058542e+03	8754	7.918917e+03	39	390	8.337143e-01	8.820889e-01	
3.910000e+01	391	2238	1.058542e+03	6999	7.918917e+03	3.910000e+01	391	7.577135e-01	8.820889e-01	
3.920000e+01	392	5.469000e+02	1.058542e+03	8284	7.918917e+03	3.920000e+01	392	9.380697e-01	8.820889e-01	
3.930000e+01	393	426	1.058542e+03	7199	7.918917e+03	3.930000e+01	393	9.441311e-01	8.820889e-01	
3.940000e+01	394	1702	1.058542e+03	7727	7.918917e+03	3.940000e+01	394	8.194931e-01	8.820889e-01	
3.950000e+01	395	8.897000e+02	1.058542e+03	7263	7.918917e+03	3.950000e+01	395	8.908705e-01	8.820889e-01	
3.960000e+01	396	1037	1.058542e+03	6688	7.918917e+03	3.960000e+01	396	8.657605e-01	8.820889e-01	
3.970000e+01	397	2647	1.058542e+03	9051	7.918917e+03	3.970000e+01	397	7.737220e-01	8.820889e-01	
3.980000e+01	398	-8.483000e+01	1.058542e+03	8215	7.918917e+03	3.980000e+01	398	1.010434e+00	8.820889e-01	
3.990000e+01	399	6.754000e+02	1.058542e+03	8818	7.918917e+03	3.990000e+01	399	9.288558e-01	8.820889e-01	
40	400	3.749000e+02	1.058542e+03	6644	7.918917e+03	40	400	9.465871e-01	8.820889e-01	
4.010000e+01	401	2149	1.058542e+03	6897	7.918917e+03	4.010000e+01	401	7.624364e-01	8.820889e-01	
4.020000e+01	402	1.738000e+02	1.058542e+03	8446	7.918917e+03	4.020000e+01	402	9.798371e-01	8.820889e-01	
4.030000e+01	403	2.442000e+02	1.058542e+03	6899	7.918917e+03	4.030000e+01	403	9.658136e-01	8.820889e-01	
4.040000e+01	404	119	1.058542e+03	8377	7.918917e+03	4.040000e+01	404	9.859934e-01	8.820889e-01	
4.050000e+01	405	1.376000e+02	1.058542e+03	6972	7.918917e+03	4.050000e+01	405	9.806459e-01	8.820889e-01	
4.060000e+01	406	6.561000e+02	1.058542e+03	8295	7.918917e+03	4.060000e+01	406	9.267017e-01	8.820889e-01	
4.070000e+01	407	1232	1.058542e+03	7786	7.918917e+03	4.070000e+01	407	8.633843e-01	8.820889e-01	
4.080000e+01	408	6.228000e+02	1.058542e+03	7892	7.918917e+03	4.080000e+01	408	9.268568e-01	8.820889e-01	
4.090000e+01	409	1363	1.058542e+03	7814	7.918917e+03	4.090000e+01	409	8.514765e-01	8.820889e-01	
41	410	2.894000e+02	1.058542e+03	8518	7.918917e+03	41	410	9.671413e-01	8.820889e-01	
4.110000e+01	411	1195	1.058542e+03	6820	7.918917e+03	4.110000e+01	411	8.509046e-01	8.820889e-01	
4.120000e+01	412	1678	1.058542e+03	10190	7.918917e+03	4.120000e+01	412	8.586114e-01	8.820889e-01	
4.130000e+01	413	-8.193000e+02	1.058542e+03	10350	7.918917e+03	4.130000e+01	413	1.085964e+00	8.820889e-01	
4.140000e+01	414	7.871000e+02	1.058542e+03	7964	7.918917e+03	4.140000e+01	414	9.100570e-01	8.820889e-01	
4.150000e+01	415	3.733000e+02	1.058542e+03	9081	7.918917e+03	4.150000e+01	415	9.605153e-01	8.820889e-01	
4.160000e+01	416	-4.297000e+02	1.058542e+03	9202	7.918917e+03	4.160000e+01	416	1.048984e+00	8.820889e-01	
4.170000e+01	417	9.208000e+02	1.058542e+03	7253	7.918917e+03	4.170000e+01	417	8.873474e-01	8.820889e-01	
4.180000e+01	418	9.786000e+02	1.058542e+03	7501	7.918917e+03	4.180000e+01	418	8.845936e-01	8.820889e-01	
4.190000e+01	419	522	1.058542e+03	6299	7.918917e+03	4.190000e+01	419	9.234716e-01	8.820889e-01	
42	420	5.233000e+02	1.058542e+03	6971	7.918917e+03	42	420	9.301736e-01	8.820889e-01	
4.210000e+01	421	1843	1.058542e+03	8587	7.918917e+03	4.210000e+01	421	8.232982e-01	8.820889e-01	
4.220000e+01	422	1590	1.058542e+03	7841	7.918917e+03	4.220000e+01	422	8.314071e-01	8.820889e-01	
4.230000e+01	423	-2.336000e+02	1.058542e+03	6440	7.918917e+03	4.230000e+01	423	1.037639e+00	8.820889e-01	
4.240000e+01	424	2559	1.058542e+03	8859	7.918917e+03	4.240000e+01	424	7.758802e-01	8.820889e-01	
4.250000e+01	425	2657	1.058542e+03	7799	7.918917e+03	4.250000e+01	425	7.458875e-01	8.820889e-01	
4.260000e+01	426	2185	1.058542e+03	7552	7.918917e+03	4.260000e+01	426	7.755982e-01	8.820889e-01	
4.270000e+01	427	9.396000e+02	1.058542e+03	4678	7.918917e+03	4.270000e+01	427	8.327400e-01	8.820889e-01	
4.280000e+01	428	464	1.058542e+03	7432	7.918917e+03	4.280000e+01	428	9.412361e-01	8.820889e-01	
4.290000e+01	429	1746	1.058542e+03	8965	7.918917e+03	4.290000e+01	429	8.369900e-01	8.820889e-01	
43	430	9.248000e+02	1.058542e+03	8195	7.918917e+03	43	430	8.985943e-01	8.820889e-01	
4.310000e+01	431	1576	1.058542e+03	7791	7.918917e+03	4.310000e+01	431	8.317498e-01	8.820889e-01	
4.320000e+01	432	4.369000e+02	1.058542e+03	7605	7.918917e+03	4.320000e+01	432	9.456720e-01	8.820889e-01	
4.330000e+01	433	8.609000e+02	1.058542e+03	7185	7.918917e+03	4.330000e+01	433	8.930014e-01	8.820889e-01	
4.340000e+01	434	8.669000e+02	1.058542e+03	8637	7.918917e+03	4.340000e+01	434	9.087848e-01	8.820889e-01	
4.350000e+01	435	1965	1.058542e+03	7770	7.918917e+03	4.350000e+01	435	7.981510e-01	8.820889e-01	
4.360000e+01	436	-2.572000e+02	1.058542e+03	7938	7.918917e+03	4.360000e+01	436	1.033486e+00	8.820889e-01	
4.370000e+01	437	3.008000e+02	1.058542e+03	7635	7.918917e+03	4.370000e+01	437	9.620958e-01	8.820889e-01	
4.380000e+01	438	-1793	1.058542e+03	6924	7.918917e+03	4.380000e+01	438	1.349445e+00	8.820889e-01	
4.390000e+01	439	7.788000e+02	1.058542e+03	6886	7.918917e+03	4.390000e+01	439	8.983927e-01	8.820889e-01	
44	440	3.692000e+02	1.058542e+03	6940	7.918917e+03	44	440	9.494883e-01	8.820889e-01	
4.410000e+01	441	6.725000e+02	1.058542e+03	7418	7.918917e+03	4.410000e+01	441	9.168778e-01	8.820889e-01	
4.420000e+01	442	3.599000e+02	1.058542e+03	7282	7.918917e+03	4.420000e+01	442	9.529044e-01	8.820889e-01	
4.430000e+01	443	1.987000e+02	1.058542e+03	7052	7.918917e+03	4.430000e+01	443	9.725957e-01	8.820889e-01	
4.440000e+01	444	-3.825000e+01	1.058542e+03	8613	7.918917e+03	4.440000e+01	444	1.004461e+00	8.820889e-01	
4.450000e+01	445	2960	1.058542e+03	9131	7.918917e+03	4.450000e+01	445	7.551898e-01	8.820889e-01	
4.460000e+01	446	2232	1.058542e+03	6559	7.918917e+03	4.460000e+01	446	7.461040e-01	8.820889e-01	
4.470000e+01	447	3994	4.484817e+03	4658	4.575407e+03	4.470000e+01	447	5.383726e-01	5.049993e-01	
4.480000e+01	448	5219	4.484817e+03	5269	4.575407e+03	4.480000e+01	448	5.023837e-01	5.049993e-01	
4.490000e+01	449	-6.238000e+02	1.058542e+03	7391	7.918917e+03	4.490000e+01	449	1.092180e+00	8.820889e-01	
45	450	1171	1.058542e+03	7862	7.918917e+03	45	450	8.703642e-01	8.820889e-01	
4.510000e+01	451	2246	1.058542e+03	7630	7.918917e+03	4.510000e+01	451	7.725800e-01	8.820889e-01	
4.520000e+01	452	4.093000e+02	1.058542e+03	8878	7.918917e+03	4.520000e+01	452	9.559291e-01	8.820889e-01	
4.530000e+01	453	1607	1.058542e+03	6152	7.918917e+03	4.530000e+01	453	7.928857e-01	8.820889e-01	
4.540000e+01	454	1424	1.058542e+03	7788	7.918917e+03	4.540000e+01	454	8.454190e-01	8.820889e-01	
4.550000e+01	455	9.345000e+02	1.058542e+03	9969	7.918917e+03	4.550000e+01	455	9.142936e-01	8.820889e-01	
4.560000e+01	456	2420	1.058542e+03	7371	7.918917e+03	4.560000e+01	456	7.528342e-01	8.820889e-01	
4.570000e+01	457	1915	1.058542e+03	9291	7.918917e+03	4.570000e+01	457	8.291094e-01	8.820889e-01	
4.580000e+01	458	2009	1.058542e+03	8467	7.918917e+03	4.580000e+01	458	8.082283e-01	8.820889e-01	
4.590000e+01	459	3.575000e+02	1.058542e+03	8418	7.918917e+03	4.590000e+01	459	9.592616e-01	8.820889e-01	
46	460	2053	1.058542e+03	8036	7.918917e+03	46	460	7.965111e-01	8.820889e-01	
4.610000e+01	461	7.554000e+01	1.058542e+03	7730	7.918917e+03	4.610000e+01	461	9.903223e-01	8.820889e-01	
4.620000e+01	462	5.284000e+02	1.058542e+03	8692	7.918917e+03	4.620000e+01	462	9.426923e-01	8.820889e-01	
4.630000e+01	463	3.618000e+01	1.058542e+03	7596	7.918917e+03	4.630000e+01	463	9.952595e-01	8.820889e-01	
4.640000e+01	464	2278	1.058542e+03	8232	7.918917e+03	4.640000e+01	464	7.832540e-01	8.820889e-01	
4.650000e+01	465	1662	1.058542e+03	7993	7.918917e+03	4.650000e+01	465	8.278612e-01	8.820889e-01	
4.660000e+01	466	1133	1.058542e+03	9219	7.918917e+03	4.660000e+01	466	8.905526e-01	8.820889e-01	
4.670000e+01	467	2247	1.058542e+03	8505	7.918917e+03	4.670000e+01	467	7.910156e-01	8.820889e-01	
4.680000e+01	468	1897	1.058542e+03	10400	7.918917e+03	4.680000e+01	468	8.457347e-01	8.820889e-01	
4.690000e+01	469	1303	1.058542e+03	6799	7.918917e+03	4.690000e+01	469	8.391755e-01	8.820889e-01	
47	470	2.744000e+02	1.058542e+03	8009	7.918917e+03	47	470	9.668735e-01	8.820889e-01	
4.710000e+01	471	1148	1.058542e+03	8468	7.918917e+03	4.710000e+01	471	8.806156e-01	8.820889e-01	
4.720000e+01	472	3.054000e+02	1.058542e+03	7554	7.918917e+03	4.720000e+01	472	9.611421e-01	8.820889e-01	
4.730000e+01	473	2100	1.058542e+03	7753	7.918917e+03	4.730000e+01	473	7.868669e-01	8.820889e-01	
4.740000e+01	474	1130	1.058542e+03	6113	7.918917e+03	4.740000e+01	474	8.439873e-01	8.820889e-01	
4.750000e+01	475	8.925000e+02	1.058542e+03	7953	7.918917e+03	4.750000e+01	475	8.991012e-01	8.820889e-01	
4.760000e+01	476	135	1.058542e+03	8180	7.918917e+03	4.760000e+01	476	9.837643e-01	8.820889e-01	
4.770000e+01	477	1163	1.058542e+03	7490	7.918917e+03	4.770000e+01	477	8.655957e-01	8.820889e-01	
4.780000e+01	478	1919	1.058542e+03	6294	7.918917e+03	4.780000e+01	478	7.663460e-01	8.820889e-01	
4.790000e+01	479	3.249000e+02	1.058542e+03	8753	7.918917e+03	4.790000e+01	479	9.642098e-01	8.820889e-01	
48	480	-4.462000e+02	1.058542e+03	10240	7.918917e+03	48	480	1.045559e+00	8.820889e-01	
4.810000e+01	481	2324	1.058542e+03	8076	7.918917e+03	4.810000e+01	481	7.765385e-01	8.820889e-01	
4.820000e+01	482	1617	1.058542e+03	7853	7.918917e+03	4.820000e+01	482	8.292503e-01	8.820889e-01	
4.830000e+01	483	3.709000e+02	1.058542e+03	6320	7.918917e+03	4.830000e+01	483	9.445665e-01	8.820889e-01	
4.840000e+01	484	1226	1.058542e+03	6923	7.918917e+03	4.840000e+01	484	8.495521e-01	8.820889e-01	
4.850000e+01	485	8863	9.070361e+03	2207	1.021738e+03	4.850000e+01	485	1.993677e-01	1.012414e-01	
4.860000e+01	486	9088	9.070361e+03	1.136000e+02	1.021738e+03	4.860000e+01	486	1.234568e-02	1.012414e-01	
4.870000e+01	487	9644	9.070361e+03	-4.860000e+00	1.021738e+03	4.870000e+01	487	-5.041944e-04	1.012414e-01	
4.880000e+01	488	8601	9.070361e+03	1347	1.021738e+03	4.880000e+01	488	1.354041e-01	1.012414e-01	
4.890000e+01	489	10770	9.070361e+03	2227	1.021738e+03	4.890000e+01	489	1.713472e-01	1.012414e-01	
49	490	7697	9.070361e+03	1049	1.021738e+03	49	490	1.199405e-01	1.012414e-01	
4.910000e+01	491	9769	9.070361e+03	5.046000e+02	1.021738e+03	4.910000e+01	491	4.911618e-02	1.012414e-01	
4.920000e+01	492	9491	9.070361e+03	2.086000e+02	1.021738e+03	4.920000e+01	492	2.150604e-02	1.012414e-01	
4.930000e+01	493	4331	9.070361e+03	5527	1.021738e+03	4.930000e+01	493	5.606614e-01	1.012414e-01	
4.940000e+01	494	7.869000e+02	1.058542e+03	7771	7.918917e+03	4.940000e+01	494	9.080499e-01	8.820889e-01	
4.950000e+01	495	-6.651000e+02	1.058542e+03	7959	7.918917e+03	4.950000e+01	495	1.091186e+00	8.820889e-01	
4.960000e+01	496	2201	1.058542e+03	8694	7.918917e+03	4.960000e+01	496	7.979807e-01	8.820889e-01	
4.970000e+01	497	1798	1.058542e+03	8124	7.918917e+03	4.970000e+01	497	8.187865e-01	8.820889e-01	
4.980000e+01	498	9.542000e+02	1.058542e+03	7495	7.918917e+03	4.980000e+01	498	8.870662e-01	8.820889e-01	
4.990000e+01	499	2.792000e+02	1.058542e+03	6571	7.918917e+03	4.990000e+01	499	9.592421e-01	8.820889e-01	
50	500	1010	1.058542e+03	7709	7.918917e+03	50	500	8.841610e-01	8.820889e-01	
5.010000e+01	501	-5.765000e+02	1.058542e+03	7638	7.918917e+03	5.010000e+01	501	1.081640e+00	8.820889e-01	
5.020000e+01	502	2370	1.058542e+03	7704	7.918917e+03	5.020000e+01	502	7.647409e-01	8.820889e-01	
5.030000e+01	503	1076	1.058542e+03	7163	7.918917e+03	5.030000e+01	503	8.694016e-01	8.820889e-01	
5.040000e+01	504	1001	1.058542e+03	9669	7.918917e+03	5.040000e+01	504	9.061856e-01	8.820889e-01	
5.050000e+01	505	2095	1.058542e+03	8562	7.918917e+03	5.050000e+01	505	8.034156e-01	8.820889e-01	
5.060000e+01	506	1947	1.058542e+03	6724	7.918917e+03	5.060000e+01	506	7.754584e-01	8.820889e-01	
5.070000e+01	507	-1.644000e+02	1.058542e+03	9452	7.918917e+03	5.070000e+01	507	1.017701e+00	8.820889e-01	
5.080000e+01	508	1111	1.058542e+03	7578	7.918917e+03	5.080000e+01	508	8.721372e-01	8.820889e-01	
5.090000e+01	509	3880	1.058542e+03	6360	7.918917e+03	5.090000e+01	509	6.210938e-01	8.820889e-01	
51	510	10400	9.070361e+03	1402	1.021738e+03	51	510	1.187934e-01	1.012414e-01	
5.110000e+01	511	9102	9.070361e+03	3.958000e+02	1.021738e+03	5.110000e+01	511	4.167281e-02	1.012414e-01	
5.120000e+01	512	7366	9.070361e+03	4.427000e+02	1.021738e+03	5.120000e+01	512	5.669318e-02	1.012414e-01	
5.130000e+01	513	11240	9.070361e+03	2.787000e+02	1.021738e+03	5.130000e+01	513	2.419544e-02	1.012414e-01	
5.140000e+01	514	9172	9.070361e+03	-5.183000e+02	1.021738e+03	5.140000e+01	514	-5.989346e-02	1.012414e-01	
5.150000e+01	515	10610	9.070361e+03	1315	1.021738e+03	5.150000e+01	515	1.102725e-01	1.012414e-01	
5.160000e+01	516	12220	9.070361e+03	9.658000e+02	1.021738e+03	5.160000e+01	516	7.324546e-02	1.012414e-01	
5.170000e+01	517	9684	9.070361e+03	-4.722000e+02	1.021738e+03	5.170000e+01	517	-5.126034e-02	1.012414e-01	
5.180000e+01	518	7826	9.070361e+03	1644	1.021738e+03	5.180000e+01	518	1.736008e-01	1.012414e-01	
5.190000e+01	519	10540	9.070361e+03	1816	1.021738e+03	5.190000e+01	519	1.469731e-01	1.012414e-01	
52	520	8465	9.070361e+03	-1.861000e+02	1.021738e+03	52	520	-2.247883e-02	1.012414e-01	
5.210000e+01	521	8302	9.070361e+03	7.622000e+02	1.021738e+03	5.210000e+01	521	8.408905e-02	1.012414e-01	
5.220000e+01	522	10220	9.070361e+03	1593	1.021738e+03	5.220000e+01	522	1.348514e-01	1.012414e-01	
5.230000e+01	523	8389	9.070361e+03	2.848000e+02	1.021738e+03	5.230000e+01	523	3.283451e-02	1.012414e-01	
5.240000e+01	524	10750	9.070361e+03	1502	1.021738e+03	5.240000e+01	524	1.225922e-01	1.012414e-01	
5.250000e+01	525	9705	9.070361e+03	8.785000e+02	1.021738e+03	5.250000e+01	525	8.300657e-02	1.012414e-01	
5.260000e+01	526	8181	9.070361e+03	1523	1.021738e+03	5.260000e+01	526	1.569456e-01	1.012414e-01	
5.270000e+01	527	10200	9.070361e+03	1121	1.021738e+03	5.270000e+01	527	9.901952e-02	1.012414e-01	
5.280000e+01	528	7617	9.070361e+03	2.012000e+02	1.021738e+03	5.280000e+01	528	2.573482e-02	1.012414e-01	
5.290000e+01	529	9244	9.070361e+03	9.948000e+02	1.021738e+03	5.290000e+01	529	9.715982e-02	1.012414e-01	
53	530	9687	9.070361e+03	1751	1.021738e+03	53	530	1.530862e-01	1.012414e-01	
5.310000e+01	531	8657	9.070361e+03	664	1.021738e+03	5.310000e+01	531	7.123699e-02	1.012414e-01	
5.320000e+01	532	10080	9.070361e+03	-2.209000e+02	1.021738e+03	5.320000e+01	532	-2.240570e-02	1.012414e-01	
5.330000e+01	533	11080	9.070361e+03	1396	1.021738e+03	5.330000e+01	533	1.118948e-01	1.012414e-01	
5.340000e+01	534	10720	9.070361e+03	1144	1.021738e+03	5.340000e+01	534	9.642616e-02	1.012414e-01	
5.350000e+01	535	9637	9.070361e+03	7.844000e+02	1.021738e+03	5.350000e+01	535	7.526820e-02	1.012414e-01	
5.360000e+01	536	8100	9.070361e+03	1923	1.021738e+03	5.360000e+01	536	1.918587e-01	1.012414e-01	
5.370000e+01	537	8851	9.070361e+03	2458	1.021738e+03	5.370000e+01	537	2.173490e-01	1.012414e-01	
5.380000e+01	538	9518	9.070361e+03	1752	1.021738e+03	5.380000e+01	538	1.554570e-01	1.012414e-01	
5.390000e+01	539	8070	9.070361e+03	1451	1.021738e+03	5.390000e+01	539	1.524000e-01	1.012414e-01	
54	540	9804	9.070361e+03	1252	1.021738e+03	54	540	1.132417e-01	1.012414e-01	
5.410000e+01	541	8367	9.070361e+03	1406	1.021738e+03	5.410000e+01	541	1.438658e-01	1.012414e-01	
5.420000e+01	542	12150	9.070361e+03	1024	1.021738e+03	5.420000e+01	542	7.772886e-02	1.012414e-01	
5.430000e+01	543	8667	9.070361e+03	8.417000e+02	1.021738e+03	5.430000e+01	543	8.851894e-02	1.012414e-01	
5.440000e+01	544	1357	1.058542e+03	8899	7.918917e+03	5.440000e+01	544	8.676872e-01	8.820889e-01	
5.450000e+01	545	2109	1.058542e+03	8949	7.918917e+03	5.450000e+01	545	8.092784e-01	8.820889e-01	
5.460000e+01	546	2537	1.058542e+03	6187	7.918917e+03	5.460000e+01	546	7.091930e-01	8.820889e-01	
5.470000e+01	547	4.043000e+02	1.058542e+03	10240	7.918917e+03	5.470000e+01	547	9.620172e-01	8.820889e-01	
5.480000e+01	548	1482	1.058542e+03	6876	7.918917e+03	5.480000e+01	548	8.226849e-01	8.820889e-01	
5.490000e+01	549	2874	1.058542e+03	6908	7.918917e+03	5.490000e+01	549	7.061951e-01	8.820889e-01	
55	550	-1.384000e+02	1.058542e+03	8956	7.918917e+03	55	550	1.015696e+00	8.820889e-01	
5.510000e+01	551	1556	1.058542e+03	7982	7.918917e+03	5.510000e+01	551	8.368631e-01	8.820889e-01	
5.520000e+01	552	5.632000e+02	1.058542e+03	8429	7.918917e+03	5.520000e+01	552	9.373679e-01	8.820889e-01	
5.530000e+01	553	-4.514000e+02	1.058542e+03	10280	7.918917e+03	5.530000e+01	553	1.045927e+00	8.820889e-01	
5.540000e+01	554	2118	1.058542e+03	7407	7.918917e+03	5.540000e+01	554	7.776378e-01	8.820889e-01	
5.550000e+01	555	1910	1.058542e+03	8805	7.918917e+03	5.550000e+01	555	8.217452e-01	8.820889e-01	
5.560000e+01	556	4.921000e+02	1.058542e+03	7778	7.918917e+03	5.560000e+01	556	9.404965e-01	8.820889e-01	
5.570000e+01	557	2139	1.058542e+03	8910	7.918917e+03	5.570000e+01	557	8.064078e-01	8.820889e-01	
5.580000e+01	558	1032	1.058542e+03	6939	7.918917e+03	5.580000e+01	558	8.705307e-01	8.820889e-01	
5.590000e+01	559	1302	1.058542e+03	8692	7.918917e+03	5.590000e+01	559	8.697218e-01	8.820889e-01	
56	560	1498	1.058542e+03	7267	7.918917e+03	56	560	8.290930e-01	8.820889e-01	
5.610000e+01	561	7.526000e+02	1.058542e+03	10880	7.918917e+03	5.610000e+01	561	9.353025e-01	8.820889e-01	
5.620000e+01	562	2.261000e+02	1.058542e+03	8390	7.918917e+03	5.620000e+01	562	9.737584e-01	8.820889e-01	
5.630000e+01	563	1484	1.058542e+03	7977	7.918917e+03	5.630000e+01	563	8.431455e-01	8.820889e-01	
5.640000e+01	564	4.769000e+02	1.058542e+03	7027	7.918917e+03	5.640000e+01	564	9.364464e-01	8.820889e-01	
5.650000e+01	565	1951	1.058542e+03	8476	7.918917e+03	5.650000e+01	565	8.128896e-01	8.820889e-01	
5.660000e+01	566	5.641000e+02	1.058542e+03	6954	7.918917e+03	5.660000e+01	566	9.249677e-01	8.820889e-01	
5.670000e+01	567	3009	1.058542e+03	7955	7.918917e+03	5.670000e+01	567	7.255564e-01	8.820889e-01	
5.680000e+01	568	7.071000e+02	1.058542e+03	6442	7.918917e+03	5.680000e+01	568	9.010924e-01	8.820889e-01	
5.690000e+01	569	1390	1.058542e+03	10150	7.918917e+03	5.690000e+01	569	8.795494e-01	8.820889e-01	
57	570	8.140000e+01	1.058542e+03	7179	7.918917e+03	57	570	9.887885e-01	8.820889e-01	
5.710000e+01	571	1195	1.058542e+03	9589	7.918917e+03	5.710000e+01	571	8.891877e-01	8.820889e-01	
5.720000e+01	572	4.672000e+02	1.058542e+03	8118	7.918917e+03	5.720000e+01	572	9.455808e-01	8.820889e-01	
5.730000e+01	573	1741	1.058542e+03	8780	7.918917e+03	5.730000e+01	573	8.345214e-01	8.820889e-01	
5.740000e+01	574	1350	1.058542e+03	8280	7.918917e+03	5.740000e+01	574	8.598131e-01	8.820889e-01	
5.750000e+01	575	4.754000e+02	1.058542e+03	10060	7.918917e+03	5.750000e+01	575	9.548759e-01	8.820889e-01	
5.760000e+01	576	2161	1.058542e+03	8217	7.918917e+03	5.760000e+01	576	7.917711e-01	8.820889e-01	
5.770000e+01	577	856	1.058542e+03	8906	7.918917e+03	5.770000e+01	577	9.123131e-01	8.820889e-01	
5.780000e+01	578	1171	1.058542e+03	10190	7.918917e+03	5.780000e+01	578	8.969281e-01	8.820889e-01	
5.790000e+01	579	1557	1.058542e+03	7582	7.918917e+03	5.790000e+01	579	8.296313e-01	8.820889e-01	
58	580	1992	1.058542e+03	7136	7.918917e+03	58	580	7.817704e-01	8.820889e-01	
5.810000e+01	581	-5.305000e+01	1.058542e+03	8436	7.918917e+03	5.810000e+01	581	1.006328e+00	8.820889e-01	
5.820000e+01	582	1673	1.058542e+03	7633	7.918917e+03	5.820000e+01	582	8.202235e-01	8.820889e-01	
5.830000e+01	583	2732	1.058542e+03	7930	7.918917e+03	5.830000e+01	583	7.437629e-01	8.820889e-01	
5.840000e+01	584	1289	1.058542e+03	7572	7.918917e+03	5.840000e+01	584	8.545311e-01	8.820889e-01	
5.850000e+01	585	-1.572000e+02	1.058542e+03	7212	7.918917e+03	5.850000e+01	585	1.022283e+00	8.820889e-01	
5.860000e+01	586	4783	4.484817e+03	5903	4.575407e+03	5.860000e+01	586	5.524050e-01	5.049993e-01	
5.870000e+01	587	5486	4.484817e+03	4540	4.575407e+03	5.870000e+01	587	4.528227e-01	5.049993e-01	
5.880000e+01	588	4942	4.484817e+03	3450	4.575407e+03	5.880000e+01	588	4.111058e-01	5.049993e-01	
5.890000e+01	589	4882	4.484817e+03	5670	4.575407e+03	5.890000e+01	589	5.373389e-01	5.049993e-01	
59	590	3830	4.484817e+03	5397	4.575407e+03	59	590	5.849138e-01	5.049993e-01	
5.910000e+01	591	6069	4.484817e+03	3603	4.575407e+03	5.910000e+01	591	3.725186e-01	5.049993e-01	
5.920000e+01	592	11040	9.070361e+03	1025	1.021738e+03	5.920000e+01	592	8.495649e-02	1.012414e-01	
5.930000e+01	593	8594	9.070361e+03	-1392	1.021738e+03	5.930000e+01	593	-1.932796e-01	1.012414e-01	
5.940000e+01	594	9588	9.070361e+03	2.002000e+02	1.021738e+03	5.940000e+01	594	2.045320e-02	1.012414e-01	
5.950000e+01	595	6855	9.070361e+03	1439	1.021738e+03	5.950000e+01	595	1.734989e-01	1.012414e-01	
5.960000e+01	596	9736	9.070361e+03	1019	1.021738e+03	5.960000e+01	596	9.474663e-02	1.012414e-01	
5.970000e+01	597	7983	9.070361e+03	-4.587000e+02	1.021738e+03	5.970000e+01	597	-6.096248e-02	1.012414e-01	
5.980000e+01	598	9924	9.070361e+03	2.866000e+02	1.021738e+03	5.980000e+01	598	2.806887e-02	1.012414e-01	
5.990000e+01	599	10340	9.070361e+03	1861	1.021738e+03	5.990000e+01	599	1.525285e-01	1.012414e-01	
60	600	9129	9.070361e+03	2.029000e+02	1.021738e+03	60	600	2.174262e-02	1.012414e-01	
6.010000e+01	601	8080	9.070361e+03	2.521000e+02	1.021738e+03	6.010000e+01	601	3.025648e-02	1.012414e-01	
6.020000e+01	602	10290	9.070361e+03	1070	1.021738e+03	6.020000e+01	602	9.419014e-02	1.012414e-01	
6.030000e+01	603	8864	9.070361e+03	7.755000e+02	1.021738e+03	6.030000e+01	603	8.045023e-02	1.012414e-01	
6.040000e+01	604	7615	9.070361e+03	2.153000e+02	1.021738e+03	6.040000e+01	604	2.749575e-02	1.012414e-01	
6.050000e+01	605	3307	9.070361e+03	6349	7.918917e+03	6.050000e+01	605	6.575186e-01	1.012414e-01	
6.060000e+01	606	1566	1.058542e+03	6988	7.918917e+03	6.060000e+01	606	8.169278e-01	8.820889e-01	
6.070000e+01	607	1414	1.058542e+03	8220	7.918917e+03	6.070000e+01	607	8.532282e-01	8.820889e-01	
6.080000e+01	608	8.891000e+02	1.058542e+03	7440	7.918917e+03	6.080000e+01	608	8.932538e-01	8.820889e-01	
6.090000e+01	609	-2.124000e+02	1.058542e+03	6863	7.918917e+03	6.090000e+01	609	1.031937e+00	8.820889e-01	
61	610	2.086000e+02	1.058542e+03	10290	7.918917e+03	61	610	9.801307e-01	8.820889e-01	
6.110000e+01	611	8.442000e+02	1.058542e+03	7232	7.918917e+03	6.110000e+01	611	8.954706e-01	8.820889e-01	
6.120000e+01	612	1497	1.058542e+03	8542	7.918917e+03	6.120000e+01	612	8.508816e-01	8.820889e-01	
6.130000e+01	613	7.225000e+02	1.058542e+03	6623	7.918917e+03	6.130000e+01	613	9.016405e-01	8.820889e-01	
6.140000e+01	614	1.946000e+02	1.058542e+03	9536	7.918917e+03	6.140000e+01	614	9.800012e-01	8.820889e-01	
6.150000e+01	615	9.196000e+02	1.058542e+03	8336	7.918917e+03	6.150000e+01	615	9.006439e-01	8.820889e-01	
6.160000e+01	616	5.542000e+02	1.058542e+03	10090	7.918917e+03	6.160000e+01	616	9.479341e-01	8.820889e-01	
6.170000e+01	617	1675	1.058542e+03	7416	7.918917e+03	6.170000e+01	617	8.157518e-01	8.820889e-01	
6.180000e+01	618	714	1.058542e+03	7374	7.918917e+03	6.180000e+01	618	9.117211e-01	8.820889e-01	
6.190000e+01	619	1493	1.058542e+03	10130	7.918917e+03	6.190000e+01	619	8.715478e-01	8.820889e-01	
62	620	-6.384000e+02	1.058542e+03	7761	7.918917e+03	62	620	1.089630e+00	8.820889e-01	
6.210000e+01	621	1262	1.058542e+03	6762	7.918917e+03	6.210000e+01	621	8.427218e-01	8.820889e-01	
6.220000e+01	622	1002	1.058542e+03	6132	7.918917e+03	6.220000e+01	622	8.595458e-01	8.820889e-01	
6.230000e+01	623	1478	1.058542e+03	8906	7.918917e+03	6.230000e+01	623	8.576656e-01	8.820889e-01	
6.240000e+01	624	6.547000e+02	1.058542e+03	6710	7.918917e+03	6.240000e+01	624	9.111030e-01	8.820889e-01	
6.250000e+01	625	-200	1.058542e+03	8928	7.918917e+03	6.250000e+01	625	1.022915e+00	8.820889e-01	
6.260000e+01	626	4.662000e+02	1.058542e+03	8527	7.918917e+03	6.260000e+01	626	9.481608e-01	8.820889e-01	
6.270000e+01	627	1282	1.058542e+03	10540	7.918917e+03	6.270000e+01	627	8.915581e-01	8.820889e-01	
6.280000e+01	628	7.994000e+02	1.058542e+03	8792	7.918917e+03	6.280000e+01	628	9.166545e-01	8.820889e-01	
6.290000e+01	629	1243	1.058542e+03	7554	7.918917e+03	6.290000e+01	629	8.587018e-01	8.820889e-01	
63	630	-1228	1.058542e+03	4576	4.575407e+03	63	630	1.366786e+00	0	
