time at 532nm	frame at 532nm	I_1 at 532nm(counts)	discr.I_1 at 532nm(counts)	I_2 at 532nm(counts)	discr.I_2 at 532nm(counts)	time at 532nm	frame at 532nm	FRET_1>2	discr.FRET_1>2	
1.000000e-01	1	3724	3.252270e+03	3231	3.529307e+03	1.000000e-01	1	4.645579e-01	5.204257e-01	
2.000000e-01	2	2579	3.252270e+03	3811	3.529307e+03	2.000000e-01	2	5.964006e-01	5.204257e-01	
3.000000e-01	3	2017	3.252270e+03	3145	3.529307e+03	3.000000e-01	3	6.092600e-01	5.204257e-01	
4.000000e-01	4	3519	3.252270e+03	3489	3.529307e+03	4.000000e-01	4	4.978596e-01	5.204257e-01	
5.000000e-01	5	2552	3.252270e+03	3106	3.529307e+03	5.000000e-01	5	5.489572e-01	5.204257e-01	
6.000000e-01	6	-5.797000e+02	7.739153e+02	4411	3.529307e+03	6.000000e-01	6	1.151306e+00	5.204257e-01	
7.000000e-01	7	2.814000e+02	7.739153e+02	5432	5.746698e+03	7.000000e-01	7	9.507474e-01	8.813125e-01	
8.000000e-01	8	6.784000e+02	7.739153e+02	6523	5.746698e+03	8.000000e-01	8	9.057961e-01	8.813125e-01	
9.000000e-01	9	8.737000e+02	7.739153e+02	5896	5.746698e+03	9.000000e-01	9	8.709396e-01	8.813125e-01	
1	10	731	7.739153e+02	6077	5.746698e+03	1	10	8.926263e-01	8.813125e-01	
1.100000e+00	11	1350	7.739153e+02	6948	5.746698e+03	1.100000e+00	11	8.373102e-01	8.813125e-01	
1.200000e+00	12	1395	7.739153e+02	5983	5.746698e+03	1.200000e+00	12	8.109244e-01	8.813125e-01	
1.300000e+00	13	7.726000e+02	7.739153e+02	6166	5.746698e+03	1.300000e+00	13	8.886519e-01	8.813125e-01	
1.400000e+00	14	-1.092000e+02	7.739153e+02	6405	5.746698e+03	1.400000e+00	14	1.017345e+00	8.813125e-01	
1.500000e+00	15	7.054000e+02	7.739153e+02	5970	5.746698e+03	1.500000e+00	15	8.943284e-01	8.813125e-01	
1.600000e+00	16	1562	7.739153e+02	5234	5.746698e+03	1.600000e+00	16	7.701589e-01	8.813125e-01	
1.700000e+00	17	4.134000e+02	7.739153e+02	6237	5.746698e+03	1.700000e+00	17	9.378383e-01	8.813125e-01	
1.800000e+00	18	962	7.739153e+02	5636	5.746698e+03	1.800000e+00	18	8.541982e-01	8.813125e-01	
1.900000e+00	19	5.427000e+02	7.739153e+02	6462	5.746698e+03	1.900000e+00	19	9.225234e-01	8.813125e-01	
2	20	9.512000e+02	7.739153e+02	6121	5.746698e+03	2	20	8.655015e-01	8.813125e-01	
2.100000e+00	21	2.728000e+02	7.739153e+02	6543	5.746698e+03	2.100000e+00	21	9.599754e-01	8.813125e-01	
2.200000e+00	22	2.524000e+02	7.739153e+02	5283	5.746698e+03	2.200000e+00	22	9.544026e-01	8.813125e-01	
2.300000e+00	23	1124	7.739153e+02	5273	5.746698e+03	2.300000e+00	23	8.242926e-01	8.813125e-01	
2.400000e+00	24	-6.409000e+01	7.739153e+02	5734	5.746698e+03	2.400000e+00	24	1.011304e+00	8.813125e-01	
2.500000e+00	25	6.751000e+02	7.739153e+02	6400	5.746698e+03	2.500000e+00	25	9.045809e-01	8.813125e-01	
2.600000e+00	26	1091	7.739153e+02	5753	5.746698e+03	2.600000e+00	26	8.405903e-01	8.813125e-01	
2.700000e+00	27	1.362000e+02	7.739153e+02	5831	5.746698e+03	2.700000e+00	27	9.771752e-01	8.813125e-01	
2.800000e+00	28	530	7.739153e+02	6610	5.746698e+03	2.800000e+00	28	9.257703e-01	8.813125e-01	
2.900000e+00	29	-5.740000e+01	7.739153e+02	6124	5.746698e+03	2.900000e+00	29	1.009462e+00	8.813125e-01	
3	30	9.544000e+02	7.739153e+02	5403	5.746698e+03	3	30	8.498757e-01	8.813125e-01	
3.100000e+00	31	453	7.739153e+02	5405	5.746698e+03	3.100000e+00	31	9.226699e-01	8.813125e-01	
3.200000e+00	32	1.514000e+02	7.739153e+02	5397	5.746698e+03	3.200000e+00	32	9.727129e-01	8.813125e-01	
3.300000e+00	33	6.417000e+02	7.739153e+02	6151	5.746698e+03	3.300000e+00	33	9.055309e-01	8.813125e-01	
3.400000e+00	34	3.728000e+02	7.739153e+02	6697	5.746698e+03	3.400000e+00	34	9.472687e-01	8.813125e-01	
3.500000e+00	35	7.986000e+02	7.739153e+02	6787	5.746698e+03	3.500000e+00	35	8.947216e-01	8.813125e-01	
3.600000e+00	36	1321	7.739153e+02	4809	5.746698e+03	3.600000e+00	36	7.845024e-01	8.813125e-01	
3.700000e+00	37	-1.206000e+02	7.739153e+02	5463	5.746698e+03	3.700000e+00	37	1.022574e+00	8.813125e-01	
3.800000e+00	38	1314	7.739153e+02	5105	5.746698e+03	3.800000e+00	38	7.952952e-01	8.813125e-01	
3.900000e+00	39	4.146000e+02	7.739153e+02	6031	5.746698e+03	3.900000e+00	39	9.356771e-01	8.813125e-01	
4	40	7.553000e+02	7.739153e+02	5312	5.746698e+03	4	40	8.755130e-01	8.813125e-01	
4.100000e+00	41	-1.687000e+02	7.739153e+02	6341	5.746698e+03	4.100000e+00	41	1.027332e+00	8.813125e-01	
4.200000e+00	42	1134	7.739153e+02	6337	5.746698e+03	4.200000e+00	42	8.482131e-01	8.813125e-01	
4.300000e+00	43	4818	5.876421e+03	2377	6.401190e+02	4.300000e+00	43	3.303683e-01	9.822989e-02	
4.400000e+00	44	4968	5.876421e+03	1070	6.401190e+02	4.400000e+00	44	1.772110e-01	9.822989e-02	
4.500000e+00	45	1.486000e+01	7.739153e+02	6261	5.746698e+03	4.500000e+00	45	9.976322e-01	8.813125e-01	
4.600000e+00	46	1230	7.739153e+02	4743	5.746698e+03	4.600000e+00	46	7.940733e-01	8.813125e-01	
4.700000e+00	47	6.438000e+02	7.739153e+02	6741	5.746698e+03	4.700000e+00	47	9.128209e-01	8.813125e-01	
4.800000e+00	48	1856	7.739153e+02	6333	5.746698e+03	4.800000e+00	48	7.733545e-01	8.813125e-01	
4.900000e+00	49	1024	7.739153e+02	5091	5.746698e+03	4.900000e+00	49	8.325429e-01	8.813125e-01	
5	50	8.544000e+01	7.739153e+02	6198	5.746698e+03	5	50	9.864024e-01	8.813125e-01	
5.100000e+00	51	9.347000e+01	7.739153e+02	5690	5.746698e+03	5.100000e+00	51	9.838384e-01	8.813125e-01	
5.200000e+00	52	6.446000e+02	7.739153e+02	5620	5.746698e+03	5.200000e+00	52	8.971044e-01	8.813125e-01	
5.300000e+00	53	1290	7.739153e+02	5918	5.746698e+03	5.300000e+00	53	8.210322e-01	8.813125e-01	
5.400000e+00	54	6.388000e+02	7.739153e+02	6156	5.746698e+03	5.400000e+00	54	9.059869e-01	8.813125e-01	
5.500000e+00	55	593	7.739153e+02	7126	5.746698e+03	5.500000e+00	55	9.231766e-01	8.813125e-01	
5.600000e+00	56	1208	7.739153e+02	6503	5.746698e+03	5.600000e+00	56	8.433407e-01	8.813125e-01	
5.700000e+00	57	6.621000e+02	7.739153e+02	5458	5.746698e+03	5.700000e+00	57	8.918155e-01	8.813125e-01	
5.800000e+00	58	2.291000e+02	7.739153e+02	5240	5.746698e+03	5.800000e+00	58	9.581101e-01	8.813125e-01	
5.900000e+00	59	7.248000e+02	7.739153e+02	6023	5.746698e+03	5.900000e+00	59	8.925872e-01	8.813125e-01	
6	60	1134	7.739153e+02	7366	5.746698e+03	6	60	8.665882e-01	8.813125e-01	
6.100000e+00	61	2.604000e+02	7.739153e+02	6399	5.746698e+03	6.100000e+00	61	9.608974e-01	8.813125e-01	
6.200000e+00	62	6.967000e+02	7.739153e+02	5109	5.746698e+03	6.200000e+00	62	8.799972e-01	8.813125e-01	
6.300000e+00	63	5.598000e+02	7.739153e+02	4657	5.746698e+03	6.300000e+00	63	8.926928e-01	8.813125e-01	
6.400000e+00	64	8.884000e+02	7.739153e+02	5534	5.746698e+03	6.400000e+00	64	8.616716e-01	8.813125e-01	
6.500000e+00	65	1139	7.739153e+02	6121	5.746698e+03	6.500000e+00	65	8.431129e-01	8.813125e-01	
6.600000e+00	66	1702	7.739153e+02	5242	5.746698e+03	6.600000e+00	66	7.548963e-01	8.813125e-01	
6.700000e+00	67	7.691000e+02	7.739153e+02	5489	5.746698e+03	6.700000e+00	67	8.771033e-01	8.813125e-01	
6.800000e+00	68	8.686000e+02	7.739153e+02	7057	5.746698e+03	6.800000e+00	68	8.904058e-01	8.813125e-01	
6.900000e+00	69	1357	7.739153e+02	4711	5.746698e+03	6.900000e+00	69	7.763678e-01	8.813125e-01	
7	70	8.176000e+02	7.739153e+02	7400	5.746698e+03	7	70	9.005062e-01	8.813125e-01	
7.100000e+00	71	1366	7.739153e+02	7640	5.746698e+03	7.100000e+00	71	8.483233e-01	8.813125e-01	
7.200000e+00	72	1229	7.739153e+02	5190	5.746698e+03	7.200000e+00	72	8.085372e-01	8.813125e-01	
7.300000e+00	73	9.246000e+02	7.739153e+02	6674	5.746698e+03	7.300000e+00	73	8.783197e-01	8.813125e-01	
7.400000e+00	74	5.986000e+02	7.739153e+02	4848	5.746698e+03	7.400000e+00	74	8.900966e-01	8.813125e-01	
7.500000e+00	75	5.931000e+02	7.739153e+02	5707	5.746698e+03	7.500000e+00	75	9.058586e-01	8.813125e-01	
7.600000e+00	76	1069	7.739153e+02	6525	5.746698e+03	7.600000e+00	76	8.592310e-01	8.813125e-01	
7.700000e+00	77	1079	7.739153e+02	4230	5.746698e+03	7.700000e+00	77	7.967602e-01	8.813125e-01	
7.800000e+00	78	2137	7.739153e+02	5583	5.746698e+03	7.800000e+00	78	7.231865e-01	8.813125e-01	
7.900000e+00	79	9.194000e+02	7.739153e+02	5542	5.746698e+03	7.900000e+00	79	8.577089e-01	8.813125e-01	
8	80	1437	7.739153e+02	5015	5.746698e+03	8	80	7.772784e-01	8.813125e-01	
8.100000e+00	81	8.252000e+02	7.739153e+02	5041	5.746698e+03	8.100000e+00	81	8.593297e-01	8.813125e-01	
8.200000e+00	82	6.011000e+02	7.739153e+02	7407	5.746698e+03	8.200000e+00	82	9.249385e-01	8.813125e-01	
8.300000e+00	83	1397	7.739153e+02	6539	5.746698e+03	8.300000e+00	83	8.239667e-01	8.813125e-01	
8.400000e+00	84	7.411000e+02	7.739153e+02	5161	5.746698e+03	8.400000e+00	84	8.744345e-01	8.813125e-01	
8.500000e+00	85	872	7.739153e+02	4760	5.746698e+03	8.500000e+00	85	8.451705e-01	8.813125e-01	
8.600000e+00	86	7.977000e+02	7.739153e+02	5567	5.746698e+03	8.600000e+00	86	8.746681e-01	8.813125e-01	
8.700000e+00	87	9.919000e+02	7.739153e+02	5727	5.746698e+03	8.700000e+00	87	8.523717e-01	8.813125e-01	
8.800000e+00	88	2130	7.739153e+02	5985	5.746698e+03	8.800000e+00	88	7.375231e-01	8.813125e-01	
8.900000e+00	89	548	7.739153e+02	6141	5.746698e+03	8.900000e+00	89	9.180745e-01	8.813125e-01	
9	90	3.792000e+02	7.739153e+02	6032	5.746698e+03	9	90	9.408535e-01	8.813125e-01	
9.100000e+00	91	9.932000e+02	7.739153e+02	6355	5.746698e+03	9.100000e+00	91	8.648376e-01	8.813125e-01	
9.200000e+00	92	8.897000e+02	7.739153e+02	5900	5.746698e+03	9.200000e+00	92	8.689633e-01	8.813125e-01	
9.300000e+00	93	1045	7.739153e+02	5776	5.746698e+03	9.300000e+00	93	8.467967e-01	8.813125e-01	
9.400000e+00	94	2.935000e+02	7.739153e+02	5309	5.746698e+03	9.400000e+00	94	9.476127e-01	8.813125e-01	
9.500000e+00	95	1366	7.739153e+02	6089	5.746698e+03	9.500000e+00	95	8.167673e-01	8.813125e-01	
9.600000e+00	96	3.708000e+02	7.739153e+02	5817	5.746698e+03	9.600000e+00	96	9.400756e-01	8.813125e-01	
9.700000e+00	97	1.453000e+02	7.739153e+02	5158	5.746698e+03	9.700000e+00	97	9.726020e-01	8.813125e-01	
9.800000e+00	98	9.188000e+02	7.739153e+02	6128	5.746698e+03	9.800000e+00	98	8.696146e-01	8.813125e-01	
9.900000e+00	99	-3.172000e+01	7.739153e+02	5175	5.746698e+03	9.900000e+00	99	1.006167e+00	8.813125e-01	
10	100	2216	7.739153e+02	7093	5.746698e+03	10	100	7.619508e-01	8.813125e-01	
1.010000e+01	101	-7.071000e+02	7.739153e+02	5039	5.746698e+03	1.010000e+01	101	1.163231e+00	8.813125e-01	
1.020000e+01	102	1219	7.739153e+02	5897	5.746698e+03	1.020000e+01	102	8.286959e-01	8.813125e-01	
1.030000e+01	103	2.727000e+01	7.739153e+02	4574	5.746698e+03	1.030000e+01	103	9.940734e-01	8.813125e-01	
1.040000e+01	104	2.832000e+02	7.739153e+02	5696	5.746698e+03	1.040000e+01	104	9.526358e-01	8.813125e-01	
1.050000e+01	105	1379	7.739153e+02	7529	5.746698e+03	1.050000e+01	105	8.451953e-01	8.813125e-01	
1.060000e+01	106	5.378000e+02	7.739153e+02	5698	5.746698e+03	1.060000e+01	106	9.137561e-01	8.813125e-01	
1.070000e+01	107	1209	7.739153e+02	7879	5.746698e+03	1.070000e+01	107	8.669674e-01	8.813125e-01	
1.080000e+01	108	5.404000e+02	7.739153e+02	5024	5.746698e+03	1.080000e+01	108	9.028826e-01	8.813125e-01	
1.090000e+01	109	1636	7.739153e+02	5395	5.746698e+03	1.090000e+01	109	7.673162e-01	8.813125e-01	
11	110	1786	7.739153e+02	5203	5.746698e+03	11	110	7.444556e-01	8.813125e-01	
1.110000e+01	111	8.817000e+02	7.739153e+02	5813	5.746698e+03	1.110000e+01	111	8.682988e-01	8.813125e-01	
1.120000e+01	112	6087	5.876421e+03	4.185000e+02	6.401190e+02	1.120000e+01	112	6.433018e-02	9.822989e-02	
1.130000e+01	113	5977	5.876421e+03	1184	6.401190e+02	1.130000e+01	113	1.653400e-01	9.822989e-02	
1.140000e+01	114	5443	5.876421e+03	-2.418000e+02	6.401190e+02	1.140000e+01	114	-4.648927e-02	9.822989e-02	
1.150000e+01	115	6653	5.876421e+03	9.916000e+02	6.401190e+02	1.150000e+01	115	1.297125e-01	9.822989e-02	
1.160000e+01	116	6447	5.876421e+03	6.335000e+02	6.401190e+02	1.160000e+01	116	8.947108e-02	9.822989e-02	
1.170000e+01	117	6811	5.876421e+03	2.755000e+02	6.401190e+02	1.170000e+01	117	3.887674e-02	9.822989e-02	
1.180000e+01	118	6607	5.876421e+03	7.237000e+01	6.401190e+02	1.180000e+01	118	1.083485e-02	9.822989e-02	
1.190000e+01	119	5144	5.876421e+03	7.895000e+02	6.401190e+02	1.190000e+01	119	1.330581e-01	9.822989e-02	
12	120	5365	5.876421e+03	5.964000e+02	6.401190e+02	12	120	1.000436e-01	9.822989e-02	
1.210000e+01	121	5444	5.876421e+03	-6.286000e+02	6.401190e+02	1.210000e+01	121	-1.305395e-01	9.822989e-02	
1.220000e+01	122	6586	5.876421e+03	1643	6.401190e+02	1.220000e+01	122	1.996597e-01	9.822989e-02	
1.230000e+01	123	6816	5.876421e+03	1241	6.401190e+02	1.230000e+01	123	1.540276e-01	9.822989e-02	
1.240000e+01	124	4218	5.876421e+03	-5.911000e+01	6.401190e+02	1.240000e+01	124	-1.421293e-02	9.822989e-02	
1.250000e+01	125	6156	5.876421e+03	1.551000e+02	6.401190e+02	1.250000e+01	125	2.457575e-02	9.822989e-02	
1.260000e+01	126	5564	5.876421e+03	-2.426000e+02	6.401190e+02	1.260000e+01	126	-4.558951e-02	9.822989e-02	
1.270000e+01	127	6018	5.876421e+03	5.003000e+02	6.401190e+02	1.270000e+01	127	7.675314e-02	9.822989e-02	
1.280000e+01	128	5724	5.876421e+03	-4.084000e+02	6.401190e+02	1.280000e+01	128	-7.683046e-02	9.822989e-02	
1.290000e+01	129	5275	5.876421e+03	1572	6.401190e+02	1.290000e+01	129	2.295896e-01	9.822989e-02	
13	130	5620	5.876421e+03	3.406000e+01	6.401190e+02	13	130	6.023990e-03	9.822989e-02	
1.310000e+01	131	7180	5.876421e+03	2.786000e+02	6.401190e+02	1.310000e+01	131	3.735285e-02	9.822989e-02	
1.320000e+01	132	5629	5.876421e+03	1068	6.401190e+02	1.320000e+01	132	1.594744e-01	9.822989e-02	
1.330000e+01	133	6520	5.876421e+03	1288	6.401190e+02	1.330000e+01	133	1.649590e-01	9.822989e-02	
1.340000e+01	134	5536	5.876421e+03	3.332000e+02	6.401190e+02	1.340000e+01	134	5.677094e-02	9.822989e-02	
1.350000e+01	135	5255	5.876421e+03	-3.557000e+02	6.401190e+02	1.350000e+01	135	-7.260221e-02	9.822989e-02	
1.360000e+01	136	5072	5.876421e+03	1316	6.401190e+02	1.360000e+01	136	2.060113e-01	9.822989e-02	
1.370000e+01	137	6167	5.876421e+03	935	6.401190e+02	1.370000e+01	137	1.316531e-01	9.822989e-02	
1.380000e+01	138	6219	5.876421e+03	-227	6.401190e+02	1.380000e+01	138	-3.788385e-02	9.822989e-02	
1.390000e+01	139	5185	5.876421e+03	1004	6.401190e+02	1.390000e+01	139	1.622233e-01	9.822989e-02	
14	140	5992	5.876421e+03	2.808000e+02	6.401190e+02	14	140	4.476470e-02	9.822989e-02	
1.410000e+01	141	6532	5.876421e+03	579	6.401190e+02	1.410000e+01	141	8.142315e-02	9.822989e-02	
1.420000e+01	142	6042	5.876421e+03	200	6.401190e+02	1.420000e+01	142	3.204101e-02	9.822989e-02	
1.430000e+01	143	6050	5.876421e+03	-4.016000e+02	6.401190e+02	1.430000e+01	143	-7.109978e-02	9.822989e-02	
1.440000e+01	144	5703	5.876421e+03	1325	6.401190e+02	1.440000e+01	144	1.885316e-01	9.822989e-02	
1.450000e+01	145	6637	5.876421e+03	1020	6.401190e+02	1.450000e+01	145	1.332114e-01	9.822989e-02	
1.460000e+01	146	6005	5.876421e+03	1535	6.401190e+02	1.460000e+01	146	2.035809e-01	9.822989e-02	
1.470000e+01	147	5638	5.876421e+03	-6.389000e+02	6.401190e+02	1.470000e+01	147	-1.278030e-01	9.822989e-02	
1.480000e+01	148	5035	5.876421e+03	1254	6.401190e+02	1.480000e+01	148	1.993958e-01	9.822989e-02	
1.490000e+01	149	1022	7.739153e+02	5295	5.746698e+03	1.490000e+01	149	8.382143e-01	8.813125e-01	
15	150	-3.109000e+02	7.739153e+02	6008	5.746698e+03	15	150	1.054572e+00	8.813125e-01	
1.510000e+01	151	1079	7.739153e+02	5178	5.746698e+03	1.510000e+01	151	8.275531e-01	8.813125e-01	
1.520000e+01	152	1575	7.739153e+02	5928	5.746698e+03	1.520000e+01	152	7.900840e-01	8.813125e-01	
1.530000e+01	153	1238	7.739153e+02	5127	5.746698e+03	1.530000e+01	153	8.054988e-01	8.813125e-01	
1.540000e+01	154	-1.418000e+02	7.739153e+02	4726	5.746698e+03	1.540000e+01	154	1.030932e+00	8.813125e-01	
1.550000e+01	155	1481	7.739153e+02	5209	5.746698e+03	1.550000e+01	155	7.786248e-01	8.813125e-01	
1.560000e+01	156	2.422000e+02	7.739153e+02	4968	5.746698e+03	1.560000e+01	156	9.535143e-01	8.813125e-01	
1.570000e+01	157	2025	7.739153e+02	6901	5.746698e+03	1.570000e+01	157	7.731347e-01	8.813125e-01	
1.580000e+01	158	-3.688000e+00	7.739153e+02	5962	5.746698e+03	1.580000e+01	158	1.000619e+00	8.813125e-01	
1.590000e+01	159	3.894000e+02	7.739153e+02	6438	5.746698e+03	1.590000e+01	159	9.429651e-01	8.813125e-01	
16	160	1.347000e+02	7.739153e+02	6690	5.746698e+03	16	160	9.802629e-01	8.813125e-01	
1.610000e+01	161	1510	7.739153e+02	5287	5.746698e+03	1.610000e+01	161	7.778432e-01	8.813125e-01	
1.620000e+01	162	-486	7.739153e+02	4888	5.746698e+03	1.620000e+01	162	1.110404e+00	8.813125e-01	
1.630000e+01	163	1644	7.739153e+02	6015	5.746698e+03	1.630000e+01	163	7.853506e-01	8.813125e-01	
1.640000e+01	164	-1.549000e+02	7.739153e+02	6163	5.746698e+03	1.640000e+01	164	1.025782e+00	8.813125e-01	
1.650000e+01	165	-431	7.739153e+02	6339	5.746698e+03	1.650000e+01	165	1.072952e+00	8.813125e-01	
1.660000e+01	166	1.132000e+02	7.739153e+02	6457	5.746698e+03	1.660000e+01	166	9.827707e-01	8.813125e-01	
1.670000e+01	167	8.898000e+02	7.739153e+02	6130	5.746698e+03	1.670000e+01	167	8.732443e-01	8.813125e-01	
1.680000e+01	168	1242	7.739153e+02	4755	5.746698e+03	1.680000e+01	168	7.928964e-01	8.813125e-01	
1.690000e+01	169	2240	7.739153e+02	5447	5.746698e+03	1.690000e+01	169	7.085989e-01	8.813125e-01	
17	170	1370	7.739153e+02	5458	5.746698e+03	17	170	7.993556e-01	8.813125e-01	
1.710000e+01	171	9.367000e+02	7.739153e+02	5703	5.746698e+03	1.710000e+01	171	8.589243e-01	8.813125e-01	
1.720000e+01	172	2.751000e+02	7.739153e+02	5249	5.746698e+03	1.720000e+01	172	9.502000e-01	8.813125e-01	
1.730000e+01	173	1338	7.739153e+02	5454	5.746698e+03	1.730000e+01	173	8.030035e-01	8.813125e-01	
1.740000e+01	174	6.179000e+02	7.739153e+02	5705	5.746698e+03	1.740000e+01	174	9.022759e-01	8.813125e-01	
1.750000e+01	175	1575	7.739153e+02	7083	5.746698e+03	1.750000e+01	175	8.180873e-01	8.813125e-01	
1.760000e+01	176	1633	7.739153e+02	5683	5.746698e+03	1.760000e+01	176	7.767906e-01	8.813125e-01	
1.770000e+01	177	1821	7.739153e+02	6508	5.746698e+03	1.770000e+01	177	7.813663e-01	8.813125e-01	
1.780000e+01	178	1185	7.739153e+02	5232	5.746698e+03	1.780000e+01	178	8.153343e-01	8.813125e-01	
1.790000e+01	179	8.723000e+02	7.739153e+02	5596	5.746698e+03	1.790000e+01	179	8.651423e-01	8.813125e-01	
18	180	-2.892000e+01	7.739153e+02	5838	5.746698e+03	18	180	1.004978e+00	8.813125e-01	
1.810000e+01	181	4.986000e+02	7.739153e+02	4989	5.746698e+03	1.810000e+01	181	9.091406e-01	8.813125e-01	
1.820000e+01	182	8.245000e+02	7.739153e+02	6600	5.746698e+03	1.820000e+01	182	8.889488e-01	8.813125e-01	
1.830000e+01	183	1006	7.739153e+02	5893	5.746698e+03	1.830000e+01	183	8.541818e-01	8.813125e-01	
1.840000e+01	184	3.774000e+02	7.739153e+02	4727	5.746698e+03	1.840000e+01	184	9.260638e-01	8.813125e-01	
1.850000e+01	185	1936	7.739153e+02	4237	5.746698e+03	1.850000e+01	185	6.863762e-01	8.813125e-01	
1.860000e+01	186	1271	7.739153e+02	5961	5.746698e+03	1.860000e+01	186	8.242533e-01	8.813125e-01	
1.870000e+01	187	2010	7.739153e+02	5808	5.746698e+03	1.870000e+01	187	7.429010e-01	8.813125e-01	
1.880000e+01	188	5.507000e+02	7.739153e+02	5352	5.746698e+03	1.880000e+01	188	9.067037e-01	8.813125e-01	
1.890000e+01	189	592	7.739153e+02	6716	5.746698e+03	1.890000e+01	189	9.189929e-01	8.813125e-01	
19	190	5.908000e+01	7.739153e+02	5630	5.746698e+03	19	190	9.896152e-01	8.813125e-01	
1.910000e+01	191	1200	7.739153e+02	5209	5.746698e+03	1.910000e+01	191	8.127633e-01	8.813125e-01	
1.920000e+01	192	1409	7.739153e+02	4941	5.746698e+03	1.920000e+01	192	7.781102e-01	8.813125e-01	
1.930000e+01	193	-3.892000e+02	7.739153e+02	5966	5.746698e+03	1.930000e+01	193	1.069789e+00	8.813125e-01	
1.940000e+01	194	7.552000e+02	7.739153e+02	4413	5.746698e+03	1.940000e+01	194	8.538756e-01	8.813125e-01	
1.950000e+01	195	1455	7.739153e+02	5973	5.746698e+03	1.950000e+01	195	8.041195e-01	8.813125e-01	
1.960000e+01	196	2.692000e+02	7.739153e+02	5500	5.746698e+03	1.960000e+01	196	9.533384e-01	8.813125e-01	
1.970000e+01	197	6.647000e+02	7.739153e+02	4595	5.746698e+03	1.970000e+01	197	8.736240e-01	8.813125e-01	
1.980000e+01	198	5020	5.876421e+03	5.405000e+02	6.401190e+02	1.980000e+01	198	9.720349e-02	9.822989e-02	
1.990000e+01	199	8131	5.876421e+03	-2.478000e+02	6.401190e+02	1.990000e+01	199	-3.143394e-02	9.822989e-02	
20	200	5737	5.876421e+03	1473	6.401190e+02	20	200	2.042996e-01	9.822989e-02	
2.010000e+01	201	6207	5.876421e+03	2.854000e+02	6.401190e+02	2.010000e+01	201	4.395909e-02	9.822989e-02	
2.020000e+01	202	6195	5.876421e+03	359	6.401190e+02	2.020000e+01	202	5.477571e-02	9.822989e-02	
2.030000e+01	203	5767	5.876421e+03	1089	6.401190e+02	2.030000e+01	203	1.588390e-01	9.822989e-02	
2.040000e+01	204	6227	5.876421e+03	1103	6.401190e+02	2.040000e+01	204	1.504775e-01	9.822989e-02	
2.050000e+01	205	6119	5.876421e+03	1583	6.401190e+02	2.050000e+01	205	2.055310e-01	9.822989e-02	
2.060000e+01	206	5644	5.876421e+03	5.591000e+02	6.401190e+02	2.060000e+01	206	9.013235e-02	9.822989e-02	
2.070000e+01	207	5401	5.876421e+03	1676	6.401190e+02	2.070000e+01	207	2.368235e-01	9.822989e-02	
2.080000e+01	208	5219	5.876421e+03	8.316000e+02	6.401190e+02	2.080000e+01	208	1.374409e-01	9.822989e-02	
2.090000e+01	209	5647	5.876421e+03	3.324000e+02	6.401190e+02	2.090000e+01	209	5.559086e-02	9.822989e-02	
21	210	6222	5.876421e+03	1460	6.401190e+02	21	210	1.900547e-01	9.822989e-02	
2.110000e+01	211	5400	5.876421e+03	-278	6.401190e+02	2.110000e+01	211	-5.427567e-02	9.822989e-02	
2.120000e+01	212	6105	5.876421e+03	-5.161000e+02	6.401190e+02	2.120000e+01	212	-9.234375e-02	9.822989e-02	
2.130000e+01	213	5888	5.876421e+03	1250	6.401190e+02	2.130000e+01	213	1.751191e-01	9.822989e-02	
2.140000e+01	214	4907	5.876421e+03	6.885000e+02	6.401190e+02	2.140000e+01	214	1.230453e-01	9.822989e-02	
2.150000e+01	215	6212	5.876421e+03	1181	6.401190e+02	2.150000e+01	215	1.597457e-01	9.822989e-02	
2.160000e+01	216	7210	5.876421e+03	7.586000e+02	6.401190e+02	2.160000e+01	216	9.519865e-02	9.822989e-02	
2.170000e+01	217	5122	5.876421e+03	9.766000e+01	6.401190e+02	2.170000e+01	217	1.871003e-02	9.822989e-02	
2.180000e+01	218	7365	5.876421e+03	1396	6.401190e+02	2.180000e+01	218	1.593425e-01	9.822989e-02	
2.190000e+01	219	8080	5.876421e+03	1499	6.401190e+02	2.190000e+01	219	1.564882e-01	9.822989e-02	
22	220	6026	5.876421e+03	4.482000e+02	6.401190e+02	22	220	6.922863e-02	9.822989e-02	
2.210000e+01	221	5483	5.876421e+03	8.145000e+02	6.401190e+02	2.210000e+01	221	1.293370e-01	9.822989e-02	
2.220000e+01	222	6598	5.876421e+03	5.919000e+02	6.401190e+02	2.220000e+01	222	8.232382e-02	9.822989e-02	
2.230000e+01	223	6248	5.876421e+03	3.999000e+02	6.401190e+02	2.230000e+01	223	6.015433e-02	9.822989e-02	
2.240000e+01	224	6307	5.876421e+03	1110	6.401190e+02	2.240000e+01	224	1.496562e-01	9.822989e-02	
2.250000e+01	225	3774	5.876421e+03	-4.412000e+02	6.401190e+02	2.250000e+01	225	-1.323812e-01	9.822989e-02	
2.260000e+01	226	7394	5.876421e+03	3.222000e+02	6.401190e+02	2.260000e+01	226	4.175630e-02	9.822989e-02	
2.270000e+01	227	1867	7.739153e+02	4855	5.746698e+03	2.270000e+01	227	7.222553e-01	8.813125e-01	
2.280000e+01	228	7.778000e+02	7.739153e+02	7007	5.746698e+03	2.280000e+01	228	9.000873e-01	8.813125e-01	
2.290000e+01	229	1464	7.739153e+02	4986	5.746698e+03	2.290000e+01	229	7.730233e-01	8.813125e-01	
23	230	1004	7.739153e+02	5275	5.746698e+03	23	230	8.401019e-01	8.813125e-01	
2.310000e+01	231	1363	7.739153e+02	5194	5.746698e+03	2.310000e+01	231	7.921305e-01	8.813125e-01	
2.320000e+01	232	3.134000e+02	7.739153e+02	4816	5.746698e+03	2.320000e+01	232	9.389012e-01	8.813125e-01	
2.330000e+01	233	1290	7.739153e+02	5601	5.746698e+03	2.330000e+01	233	8.127993e-01	8.813125e-01	
2.340000e+01	234	3.878000e+02	7.739153e+02	5978	5.746698e+03	2.340000e+01	234	9.390807e-01	8.813125e-01	
2.350000e+01	235	1015	7.739153e+02	4959	5.746698e+03	2.350000e+01	235	8.300971e-01	8.813125e-01	
2.360000e+01	236	3.222000e+02	7.739153e+02	6447	5.746698e+03	2.360000e+01	236	9.524021e-01	8.813125e-01	
2.370000e+01	237	2.746000e+02	7.739153e+02	5108	5.746698e+03	2.370000e+01	237	9.489838e-01	8.813125e-01	
2.380000e+01	238	1.036000e+02	7.739153e+02	5036	5.746698e+03	2.380000e+01	238	9.798428e-01	8.813125e-01	
2.390000e+01	239	2.503000e+02	7.739153e+02	5185	5.746698e+03	2.390000e+01	239	9.539492e-01	8.813125e-01	
24	240	3.333000e+02	7.739153e+02	6426	5.746698e+03	24	240	9.506902e-01	8.813125e-01	
2.410000e+01	241	4706	5.876421e+03	1913	6.401190e+02	2.410000e+01	241	2.890165e-01	9.822989e-02	
2.420000e+01	242	6182	5.876421e+03	7.625000e+02	6.401190e+02	2.420000e+01	242	1.097991e-01	9.822989e-02	
2.430000e+01	243	5532	5.876421e+03	1324	6.401190e+02	2.430000e+01	243	1.931155e-01	9.822989e-02	
2.440000e+01	244	6383	5.876421e+03	3.295000e+02	6.401190e+02	2.440000e+01	244	4.908752e-02	9.822989e-02	
2.450000e+01	245	4832	5.876421e+03	1.612000e+01	6.401190e+02	2.450000e+01	245	3.325000e-03	9.822989e-02	
2.460000e+01	246	5068	5.876421e+03	-2.804000e+01	6.401190e+02	2.460000e+01	246	-5.563536e-03	9.822989e-02	
2.470000e+01	247	6937	5.876421e+03	4.669000e+02	6.401190e+02	2.470000e+01	247	6.306136e-02	9.822989e-02	
2.480000e+01	248	3470	5.876421e+03	3.677000e+02	6.401190e+02	2.480000e+01	248	9.581260e-02	9.822989e-02	
2.490000e+01	249	7333	5.876421e+03	3.477000e+02	6.401190e+02	2.490000e+01	249	4.526931e-02	9.822989e-02	
25	250	6019	5.876421e+03	1.927000e+02	6.401190e+02	25	250	3.102210e-02	9.822989e-02	
2.510000e+01	251	5678	5.876421e+03	3.027000e+02	6.401190e+02	2.510000e+01	251	5.061280e-02	9.822989e-02	
2.520000e+01	252	6851	5.876421e+03	-7.237000e+01	6.401190e+02	2.520000e+01	252	-1.067620e-02	9.822989e-02	
2.530000e+01	253	4017	5.876421e+03	1244	6.401190e+02	2.530000e+01	253	2.364569e-01	9.822989e-02	
2.540000e+01	254	5727	5.876421e+03	1125	6.401190e+02	2.540000e+01	254	1.641856e-01	9.822989e-02	
2.550000e+01	255	5526	5.876421e+03	9.555000e+02	6.401190e+02	2.550000e+01	255	1.474196e-01	9.822989e-02	
2.560000e+01	256	5603	5.876421e+03	4.109000e+02	6.401190e+02	2.560000e+01	256	6.832505e-02	9.822989e-02	
2.570000e+01	257	5874	5.876421e+03	9.466000e+02	6.401190e+02	2.570000e+01	257	1.387854e-01	9.822989e-02	
2.580000e+01	258	6907	5.876421e+03	-101	6.401190e+02	2.580000e+01	258	-1.483985e-02	9.822989e-02	
2.590000e+01	259	6161	5.876421e+03	967	6.401190e+02	2.590000e+01	259	1.356622e-01	9.822989e-02	
26	260	5405	5.876421e+03	-3.858000e+01	6.401190e+02	26	260	-7.189150e-03	9.822989e-02	
2.610000e+01	261	7391	5.876421e+03	1.366000e+02	6.401190e+02	2.610000e+01	261	1.814655e-02	9.822989e-02	
2.620000e+01	262	6633	5.876421e+03	2.545000e+02	6.401190e+02	2.620000e+01	262	3.695100e-02	9.822989e-02	
2.630000e+01	263	5898	5.876421e+03	4.717000e+02	6.401190e+02	2.630000e+01	263	7.405372e-02	9.822989e-02	
2.640000e+01	264	5160	5.876421e+03	1.841000e+00	6.401190e+02	2.640000e+01	264	3.566557e-04	9.822989e-02	
2.650000e+01	265	6565	5.876421e+03	8.286000e+02	6.401190e+02	2.650000e+01	265	1.120699e-01	9.822989e-02	
2.660000e+01	266	5314	5.876421e+03	1114	6.401190e+02	2.660000e+01	266	1.733043e-01	9.822989e-02	
2.670000e+01	267	5107	5.876421e+03	346	6.401190e+02	2.670000e+01	267	6.345131e-02	9.822989e-02	
2.680000e+01	268	3791	3.252270e+03	1467	6.401190e+02	2.680000e+01	268	2.790034e-01	9.822989e-02	
2.690000e+01	269	2910	3.252270e+03	3266	3.529307e+03	2.690000e+01	269	5.288212e-01	5.204257e-01	
27	270	3387	3.252270e+03	4135	3.529307e+03	27	270	5.497208e-01	5.204257e-01	
2.710000e+01	271	2660	3.252270e+03	2888	3.529307e+03	2.710000e+01	271	5.205479e-01	5.204257e-01	
2.720000e+01	272	4152	3.252270e+03	2562	3.529307e+03	2.720000e+01	272	3.815907e-01	5.204257e-01	
2.730000e+01	273	2987	3.252270e+03	3297	3.529307e+03	2.730000e+01	273	5.246658e-01	5.204257e-01	
2.740000e+01	274	4452	3.252270e+03	3300	3.529307e+03	2.740000e+01	274	4.256966e-01	5.204257e-01	
2.750000e+01	275	2646	3.252270e+03	3527	3.529307e+03	2.750000e+01	275	5.713591e-01	5.204257e-01	
2.760000e+01	276	3834	3.252270e+03	3403	3.529307e+03	2.760000e+01	276	4.702225e-01	5.204257e-01	
2.770000e+01	277	3411	3.252270e+03	4794	3.529307e+03	2.770000e+01	277	5.842779e-01	5.204257e-01	
2.780000e+01	278	3931	3.252270e+03	3946	3.529307e+03	2.780000e+01	278	5.009521e-01	5.204257e-01	
2.790000e+01	279	2622	3.252270e+03	3129	3.529307e+03	2.790000e+01	279	5.440793e-01	5.204257e-01	
28	280	3728	3.252270e+03	4292	3.529307e+03	28	280	5.351621e-01	5.204257e-01	
2.810000e+01	281	4038	3.252270e+03	3592	3.529307e+03	2.810000e+01	281	4.707733e-01	5.204257e-01	
2.820000e+01	282	4007	3.252270e+03	3801	3.529307e+03	2.820000e+01	282	4.868084e-01	5.204257e-01	
2.830000e+01	283	3384	3.252270e+03	3296	3.529307e+03	2.830000e+01	283	4.934132e-01	5.204257e-01	
2.840000e+01	284	4091	3.252270e+03	2364	3.529307e+03	2.840000e+01	284	3.662277e-01	5.204257e-01	
2.850000e+01	285	4878	5.876421e+03	1.285000e+02	6.401190e+02	2.850000e+01	285	2.566663e-02	9.822989e-02	
2.860000e+01	286	5786	5.876421e+03	1.179000e+02	6.401190e+02	2.860000e+01	286	1.996985e-02	9.822989e-02	
2.870000e+01	287	6215	5.876421e+03	1649	6.401190e+02	2.870000e+01	287	2.096897e-01	9.822989e-02	
2.880000e+01	288	5325	5.876421e+03	1366	6.401190e+02	2.880000e+01	288	2.041548e-01	9.822989e-02	
2.890000e+01	289	6533	5.876421e+03	362	6.401190e+02	2.890000e+01	289	5.250181e-02	9.822989e-02	
29	290	4815	5.876421e+03	-139	6.401190e+02	29	290	-2.972626e-02	9.822989e-02	
2.910000e+01	291	7225	5.876421e+03	6.524000e+02	6.401190e+02	2.910000e+01	291	8.281920e-02	9.822989e-02	
2.920000e+01	292	6318	5.876421e+03	8.861000e+02	6.401190e+02	2.920000e+01	292	1.229994e-01	9.822989e-02	
2.930000e+01	293	7357	5.876421e+03	719	6.401190e+02	2.930000e+01	293	8.902922e-02	9.822989e-02	
2.940000e+01	294	7604	5.876421e+03	1.582000e+02	6.401190e+02	2.940000e+01	294	2.038082e-02	9.822989e-02	
2.950000e+01	295	5142	5.876421e+03	9.829000e+02	6.401190e+02	2.950000e+01	295	1.604761e-01	9.822989e-02	
2.960000e+01	296	4541	5.876421e+03	-3.680000e+01	6.401190e+02	2.960000e+01	296	-8.170152e-03	9.822989e-02	
2.970000e+01	297	4683	5.876421e+03	7.041000e+02	6.401190e+02	2.970000e+01	297	1.307011e-01	9.822989e-02	
2.980000e+01	298	4984	5.876421e+03	2164	6.401190e+02	2.980000e+01	298	3.027420e-01	9.822989e-02	
2.990000e+01	299	6926	5.876421e+03	8.149000e+02	6.401190e+02	2.990000e+01	299	1.052720e-01	9.822989e-02	
30	300	5122	5.876421e+03	-1.264000e+02	6.401190e+02	30	300	-2.530227e-02	9.822989e-02	
3.010000e+01	301	8086	5.876421e+03	1914	6.401190e+02	3.010000e+01	301	1.914000e-01	9.822989e-02	
3.020000e+01	302	7406	5.876421e+03	-2.421000e+01	6.401190e+02	3.020000e+01	302	-3.279692e-03	9.822989e-02	
3.030000e+01	303	4839	5.876421e+03	-2.676000e+02	6.401190e+02	3.030000e+01	303	-5.853787e-02	9.822989e-02	
3.040000e+01	304	5262	5.876421e+03	9.940000e+01	6.401190e+02	3.040000e+01	304	1.853993e-02	9.822989e-02	
3.050000e+01	305	5321	5.876421e+03	544	6.401190e+02	3.050000e+01	305	9.275362e-02	9.822989e-02	
3.060000e+01	306	4104	3.252270e+03	1769	6.401190e+02	3.060000e+01	306	3.012089e-01	9.822989e-02	
3.070000e+01	307	3175	3.252270e+03	3554	3.529307e+03	3.070000e+01	307	5.281617e-01	5.204257e-01	
3.080000e+01	308	3403	3.252270e+03	2956	3.529307e+03	3.080000e+01	308	4.648530e-01	5.204257e-01	
3.090000e+01	309	3228	3.252270e+03	3123	3.529307e+03	3.090000e+01	309	4.917336e-01	5.204257e-01	
31	310	2296	3.252270e+03	3583	3.529307e+03	31	310	6.094574e-01	5.204257e-01	
3.110000e+01	311	2492	3.252270e+03	3393	3.529307e+03	3.110000e+01	311	5.765506e-01	5.204257e-01	
3.120000e+01	312	4222	3.252270e+03	3545	3.529307e+03	3.120000e+01	312	4.564182e-01	5.204257e-01	
3.130000e+01	313	3003	3.252270e+03	3033	3.529307e+03	3.130000e+01	313	5.024851e-01	5.204257e-01	
3.140000e+01	314	3613	3.252270e+03	4361	3.529307e+03	3.140000e+01	314	5.469024e-01	5.204257e-01	
3.150000e+01	315	2178	3.252270e+03	3908	3.529307e+03	3.150000e+01	315	6.421295e-01	5.204257e-01	
3.160000e+01	316	2745	3.252270e+03	2812	3.529307e+03	3.160000e+01	316	5.060284e-01	5.204257e-01	
3.170000e+01	317	2619	3.252270e+03	3651	3.529307e+03	3.170000e+01	317	5.822967e-01	5.204257e-01	
3.180000e+01	318	3456	3.252270e+03	4792	3.529307e+03	3.180000e+01	318	5.809893e-01	5.204257e-01	
3.190000e+01	319	3424	3.252270e+03	2979	3.529307e+03	3.190000e+01	319	4.652507e-01	5.204257e-01	
32	320	2874	3.252270e+03	3180	3.529307e+03	32	320	5.252725e-01	5.204257e-01	
3.210000e+01	321	4287	3.252270e+03	3172	3.529307e+03	3.210000e+01	321	4.252581e-01	5.204257e-01	
3.220000e+01	322	2483	3.252270e+03	4069	3.529307e+03	3.220000e+01	322	6.210317e-01	5.204257e-01	
3.230000e+01	323	2582	3.252270e+03	5069	3.529307e+03	3.230000e+01	323	6.625278e-01	5.204257e-01	
3.240000e+01	324	4075	3.252270e+03	3421	3.529307e+03	3.240000e+01	324	4.563767e-01	5.204257e-01	
3.250000e+01	325	3950	3.252270e+03	3551	3.529307e+03	3.250000e+01	325	4.734035e-01	5.204257e-01	
3.260000e+01	326	1744	3.252270e+03	4150	3.529307e+03	3.260000e+01	326	7.041059e-01	5.204257e-01	
3.270000e+01	327	2252	3.252270e+03	3446	3.529307e+03	3.270000e+01	327	6.047736e-01	5.204257e-01	
3.280000e+01	328	3560	3.252270e+03	2604	3.529307e+03	3.280000e+01	328	4.224530e-01	5.204257e-01	
3.290000e+01	329	3008	3.252270e+03	3323	3.529307e+03	3.290000e+01	329	5.248776e-01	5.204257e-01	
33	330	1625	7.739153e+02	4853	5.746698e+03	33	330	7.491510e-01	8.813125e-01	
3.310000e+01	331	7.671000e+02	7.739153e+02	6906	5.746698e+03	3.310000e+01	331	9.000274e-01	8.813125e-01	
3.320000e+01	332	1358	7.739153e+02	5146	5.746698e+03	3.320000e+01	332	7.912054e-01	8.813125e-01	
3.330000e+01	333	3.091000e+01	7.739153e+02	5285	5.746698e+03	3.330000e+01	333	9.941854e-01	8.813125e-01	
3.340000e+01	334	7.545000e+02	7.739153e+02	6940	5.746698e+03	3.340000e+01	334	9.019429e-01	8.813125e-01	
3.350000e+01	335	4.265000e+02	7.739153e+02	6506	5.746698e+03	3.350000e+01	335	9.384782e-01	8.813125e-01	
3.360000e+01	336	8.793000e+02	7.739153e+02	4864	5.746698e+03	3.360000e+01	336	8.468999e-01	8.813125e-01	
3.370000e+01	337	1002	7.739153e+02	6119	5.746698e+03	3.370000e+01	337	8.592894e-01	8.813125e-01	
3.380000e+01	338	7.801000e+02	7.739153e+02	5656	5.746698e+03	3.380000e+01	338	8.787931e-01	8.813125e-01	
3.390000e+01	339	8.438000e+02	7.739153e+02	4344	5.746698e+03	3.390000e+01	339	8.373492e-01	8.813125e-01	
34	340	-1.333000e+02	7.739153e+02	4896	5.746698e+03	34	340	1.027988e+00	8.813125e-01	
3.410000e+01	341	4.912000e+02	7.739153e+02	4751	5.746698e+03	3.410000e+01	341	9.062989e-01	8.813125e-01	
3.420000e+01	342	6.448000e+02	7.739153e+02	6491	5.746698e+03	3.420000e+01	342	9.096387e-01	8.813125e-01	
3.430000e+01	343	6.533000e+02	7.739153e+02	4306	5.746698e+03	3.430000e+01	343	8.682677e-01	8.813125e-01	
3.440000e+01	344	1.512000e+02	7.739153e+02	5772	5.746698e+03	3.440000e+01	344	9.744733e-01	8.813125e-01	
3.450000e+01	345	-2.141000e+02	7.739153e+02	5071	5.746698e+03	3.450000e+01	345	1.044082e+00	8.813125e-01	
3.460000e+01	346	7.701000e+02	7.739153e+02	6357	5.746698e+03	3.460000e+01	346	8.919476e-01	8.813125e-01	
3.470000e+01	347	2826	7.739153e+02	4710	5.746698e+03	3.470000e+01	347	6.250000e-01	8.813125e-01	
3.480000e+01	348	1067	7.739153e+02	5378	5.746698e+03	3.480000e+01	348	8.344453e-01	8.813125e-01	
3.490000e+01	349	2.862000e+02	7.739153e+02	5310	5.746698e+03	3.490000e+01	349	9.488582e-01	8.813125e-01	
35	350	1383	7.739153e+02	6891	5.746698e+03	35	350	8.328499e-01	8.813125e-01	
3.510000e+01	351	9.911000e+02	7.739153e+02	5502	5.746698e+03	3.510000e+01	351	8.473610e-01	8.813125e-01	
3.520000e+01	352	9.542000e+02	7.739153e+02	5913	5.746698e+03	3.520000e+01	352	8.610496e-01	8.813125e-01	
3.530000e+01	353	-2.113000e+02	7.739153e+02	5229	5.746698e+03	3.530000e+01	353	1.042111e+00	8.813125e-01	
3.540000e+01	354	1763	7.739153e+02	7527	5.746698e+03	3.540000e+01	354	8.102260e-01	8.813125e-01	
3.550000e+01	355	-1139	7.739153e+02	5500	5.746698e+03	3.550000e+01	355	1.261179e+00	8.813125e-01	
3.560000e+01	356	6.557000e+02	7.739153e+02	5451	5.746698e+03	3.560000e+01	356	8.926261e-01	8.813125e-01	
3.570000e+01	357	1205	7.739153e+02	5879	5.746698e+03	3.570000e+01	357	8.298984e-01	8.813125e-01	
3.580000e+01	358	2.613000e+02	7.739153e+02	5590	5.746698e+03	3.580000e+01	358	9.553433e-01	8.813125e-01	
3.590000e+01	359	-6.851000e+02	7.739153e+02	5861	5.746698e+03	3.590000e+01	359	1.132363e+00	8.813125e-01	
36	360	1232	7.739153e+02	6182	5.746698e+03	36	360	8.338279e-01	8.813125e-01	
3.610000e+01	361	1460	7.739153e+02	4456	5.746698e+03	3.610000e+01	361	7.532116e-01	8.813125e-01	
3.620000e+01	362	1031	7.739153e+02	6637	5.746698e+03	3.620000e+01	362	8.655451e-01	8.813125e-01	
3.630000e+01	363	9.159000e+02	7.739153e+02	5014	5.746698e+03	3.630000e+01	363	8.455455e-01	8.813125e-01	
3.640000e+01	364	1.248000e+02	7.739153e+02	5884	5.746698e+03	3.640000e+01	364	9.792305e-01	8.813125e-01	
3.650000e+01	365	3.441000e+02	7.739153e+02	5648	5.746698e+03	3.650000e+01	365	9.425744e-01	8.813125e-01	
3.660000e+01	366	-1.747000e+02	7.739153e+02	4978	5.746698e+03	3.660000e+01	366	1.036371e+00	8.813125e-01	
3.670000e+01	367	1915	7.739153e+02	7027	5.746698e+03	3.670000e+01	367	7.858421e-01	8.813125e-01	
3.680000e+01	368	8.695000e+02	7.739153e+02	5593	5.746698e+03	3.680000e+01	368	8.654545e-01	8.813125e-01	
3.690000e+01	369	4969	5.876421e+03	1259	6.401190e+02	3.690000e+01	369	2.021516e-01	9.822989e-02	
37	370	6045	5.876421e+03	557	6.401190e+02	37	370	8.436837e-02	9.822989e-02	
3.710000e+01	371	3892	3.252270e+03	3683	3.529307e+03	3.710000e+01	371	4.862046e-01	5.204257e-01	
3.720000e+01	372	2780	3.252270e+03	3288	3.529307e+03	3.720000e+01	372	5.418589e-01	5.204257e-01	
3.730000e+01	373	3239	3.252270e+03	3188	3.529307e+03	3.730000e+01	373	4.960324e-01	5.204257e-01	
3.740000e+01	374	2980	3.252270e+03	2714	3.529307e+03	3.740000e+01	374	4.766421e-01	5.204257e-01	
3.750000e+01	375	3078	3.252270e+03	3595	3.529307e+03	3.750000e+01	375	5.387382e-01	5.204257e-01	
3.760000e+01	376	2994	3.252270e+03	2395	3.529307e+03	3.760000e+01	376	4.444238e-01	5.204257e-01	
3.770000e+01	377	4645	3.252270e+03	4712	3.529307e+03	3.770000e+01	377	5.035802e-01	5.204257e-01	
3.780000e+01	378	5236	3.252270e+03	3943	3.529307e+03	3.780000e+01	378	4.295675e-01	5.204257e-01	
3.790000e+01	379	2673	3.252270e+03	4843	3.529307e+03	3.790000e+01	379	6.443587e-01	5.204257e-01	
38	380	3632	3.252270e+03	3580	3.529307e+03	38	380	4.963949e-01	5.204257e-01	
3.810000e+01	381	3363	3.252270e+03	4190	3.529307e+03	3.810000e+01	381	5.547465e-01	5.204257e-01	
3.820000e+01	382	3975	3.252270e+03	2067	3.529307e+03	3.820000e+01	382	3.421053e-01	5.204257e-01	
3.830000e+01	383	3145	3.252270e+03	2703	3.529307e+03	3.830000e+01	383	4.622093e-01	5.204257e-01	
3.840000e+01	384	2570	3.252270e+03	3140	3.529307e+03	3.840000e+01	384	5.499124e-01	5.204257e-01	
3.850000e+01	385	4293	3.252270e+03	3526	3.529307e+03	3.850000e+01	385	4.509528e-01	5.204257e-01	
3.860000e+01	386	3931	3.252270e+03	3625	3.529307e+03	3.860000e+01	386	4.797512e-01	5.204257e-01	
3.870000e+01	387	2905	3.252270e+03	3148	3.529307e+03	3.870000e+01	387	5.200727e-01	5.204257e-01	
3.880000e+01	388	3678	3.252270e+03	3441	3.529307e+03	3.880000e+01	388	4.833544e-01	5.204257e-01	
3.890000e+01	389	2482	3.252270e+03	4821	3.529307e+03	3.890000e+01	389	6.601397e-01	5.204257e-01	
39	390	2571	3.252270e+03	5296	3.529307e+03	39	390	6.731918e-01	5.204257e-01	
3.910000e+01	391	3103	3.252270e+03	2743	3.529307e+03	3.910000e+01	391	4.692097e-01	5.204257e-01	
3.920000e+01	392	3728	3.252270e+03	4066	3.529307e+03	3.920000e+01	392	5.216833e-01	5.204257e-01	
3.930000e+01	393	3082	3.252270e+03	3862	3.529307e+03	3.930000e+01	393	5.561636e-01	5.204257e-01	
3.940000e+01	394	3497	3.252270e+03	3955	3.529307e+03	3.940000e+01	394	5.307300e-01	5.204257e-01	
3.950000e+01	395	2965	3.252270e+03	3816	3.529307e+03	3.950000e+01	395	5.627489e-01	5.204257e-01	
3.960000e+01	396	3285	3.252270e+03	3145	3.529307e+03	3.960000e+01	396	4.891135e-01	5.204257e-01	
3.970000e+01	397	2756	3.252270e+03	2800	3.529307e+03	3.970000e+01	397	5.039597e-01	5.204257e-01	
3.980000e+01	398	1501	3.252270e+03	3328	3.529307e+03	3.980000e+01	398	6.891696e-01	5.204257e-01	
3.990000e+01	399	3970	3.252270e+03	3869	3.529307e+03	3.990000e+01	399	4.935579e-01	5.204257e-01	
40	400	2376	3.252270e+03	3683	3.529307e+03	40	400	6.078561e-01	5.204257e-01	
4.010000e+01	401	2807	3.252270e+03	3185	3.529307e+03	4.010000e+01	401	5.315421e-01	5.204257e-01	
4.020000e+01	402	3691	3.252270e+03	2846	3.529307e+03	4.020000e+01	402	4.353679e-01	5.204257e-01	
4.030000e+01	403	2957	3.252270e+03	3561	3.529307e+03	4.030000e+01	403	5.463332e-01	5.204257e-01	
4.040000e+01	404	3353	3.252270e+03	3699	3.529307e+03	4.040000e+01	404	5.245320e-01	5.204257e-01	
4.050000e+01	405	2760	3.252270e+03	3755	3.529307e+03	4.050000e+01	405	5.763622e-01	5.204257e-01	
4.060000e+01	406	3016	3.252270e+03	3183	3.529307e+03	4.060000e+01	406	5.134699e-01	5.204257e-01	
4.070000e+01	407	2277	3.252270e+03	3763	3.529307e+03	4.070000e+01	407	6.230132e-01	5.204257e-01	
4.080000e+01	408	2721	3.252270e+03	3084	3.529307e+03	4.080000e+01	408	5.312661e-01	5.204257e-01	
4.090000e+01	409	4513	3.252270e+03	3424	3.529307e+03	4.090000e+01	409	4.313973e-01	5.204257e-01	
41	410	4623	3.252270e+03	2833	3.529307e+03	41	410	3.799624e-01	5.204257e-01	
4.110000e+01	411	2627	3.252270e+03	3358	3.529307e+03	4.110000e+01	411	5.610693e-01	5.204257e-01	
4.120000e+01	412	2424	3.252270e+03	4951	3.529307e+03	4.120000e+01	412	6.713220e-01	5.204257e-01	
4.130000e+01	413	4163	3.252270e+03	3312	3.529307e+03	4.130000e+01	413	4.430769e-01	5.204257e-01	
4.140000e+01	414	-5.355000e+02	7.739153e+02	5852	5.746698e+03	4.140000e+01	414	1.100724e+00	8.813125e-01	
4.150000e+01	415	1.524000e+02	7.739153e+02	4806	5.746698e+03	4.150000e+01	415	9.692643e-01	8.813125e-01	
4.160000e+01	416	1212	7.739153e+02	5736	5.746698e+03	4.160000e+01	416	8.255613e-01	8.813125e-01	
4.170000e+01	417	4.662000e+02	7.739153e+02	4406	5.746698e+03	4.170000e+01	417	9.043143e-01	8.813125e-01	
4.180000e+01	418	5.779000e+02	7.739153e+02	5578	5.746698e+03	4.180000e+01	418	9.061226e-01	8.813125e-01	
4.190000e+01	419	1591	7.739153e+02	6548	5.746698e+03	4.190000e+01	419	8.045214e-01	8.813125e-01	
42	420	5.085000e+01	7.739153e+02	6222	5.746698e+03	42	420	9.918936e-01	8.813125e-01	
4.210000e+01	421	4146	5.876421e+03	1926	6.401190e+02	4.210000e+01	421	3.171937e-01	9.822989e-02	
4.220000e+01	422	5411	5.876421e+03	6.533000e+02	6.401190e+02	4.220000e+01	422	1.077288e-01	9.822989e-02	
4.230000e+01	423	6036	5.876421e+03	7.168000e+02	6.401190e+02	4.230000e+01	423	1.061486e-01	0	
