coordinates:	92.9,21.3	220.9,21.3
timeat516nm	I_1at516nm	I_2at516nm
1.000000e-01	172	119
3.000000e-01	171	119
5.000000e-01	158	117
7.000000e-01	165	118
9.000000e-01	162	117
1.100000e+00	163	114
1.300000e+00	165	117
1.500000e+00	171	120
1.700000e+00	166	117
1.900000e+00	172	119
2.100000e+00	169	114
2.300000e+00	162	116
2.500000e+00	156	117
2.700000e+00	167	117
2.900000e+00	173	117
3.100000e+00	162	114
3.300000e+00	167	116
3.500000e+00	160	114
3.700000e+00	157	117
3.900000e+00	178	114
4.100000e+00	157	115
4.300000e+00	166	118
4.500000e+00	178	119
4.700000e+00	161	115
4.900000e+00	176	118
5.100000e+00	170	114
5.300000e+00	156	117
5.500000e+00	171	118
5.700000e+00	165	118
5.900000e+00	158	118
6.100000e+00	178	118
6.300000e+00	171	115
6.500000e+00	163	116
6.700000e+00	169	119
6.900000e+00	167	117
7.100000e+00	167	120
7.300000e+00	168	115
7.500000e+00	158	117
7.700000e+00	170	117
7.900000e+00	166	118
8.100000e+00	165	118
8.300000e+00	169	118
8.500000e+00	167	116
8.700000e+00	169	118
8.900000e+00	157	116
9.100000e+00	151	117
9.300000e+00	168	116
9.500000e+00	178	115
9.700000e+00	166	115
9.900000e+00	162	114
1.010000e+01	174	116
1.030000e+01	165	125
1.050000e+01	161	118
1.070000e+01	169	118
1.090000e+01	172	117
1.110000e+01	161	121
1.130000e+01	172	114
1.150000e+01	159	119
1.170000e+01	168	114
1.190000e+01	178	117
1.210000e+01	165	114
1.230000e+01	179	118
1.250000e+01	160	115
1.270000e+01	157	120
1.290000e+01	166	113
1.310000e+01	179	117
1.330000e+01	166	117
1.350000e+01	174	115
1.370000e+01	175	115
1.390000e+01	167	116
1.410000e+01	164	116
1.430000e+01	165	115
1.450000e+01	177	118
1.470000e+01	166	116
1.490000e+01	170	117
1.510000e+01	158	114
1.530000e+01	165	115
1.550000e+01	169	117
1.570000e+01	166	118
1.590000e+01	161	117
1.610000e+01	156	119
1.630000e+01	167	115
1.650000e+01	165	113
1.670000e+01	166	116
1.690000e+01	159	116
1.710000e+01	163	116
1.730000e+01	165	116
1.750000e+01	172	117
1.770000e+01	165	115
1.790000e+01	162	115
1.810000e+01	158	121
1.830000e+01	159	119
1.850000e+01	157	117
1.870000e+01	166	116
1.890000e+01	162	118
1.910000e+01	163	117
1.930000e+01	168	117
1.950000e+01	160	117
1.970000e+01	174	114
1.990000e+01	168	119
2.010000e+01	168	115
2.030000e+01	168	118
2.050000e+01	169	116
2.070000e+01	169	118
2.090000e+01	162	116
2.110000e+01	176	119
2.130000e+01	166	119
2.150000e+01	176	117
2.170000e+01	167	117
2.190000e+01	149	115
2.210000e+01	162	116
2.230000e+01	172	119
2.250000e+01	161	117
2.270000e+01	157	116
2.290000e+01	161	116
2.310000e+01	171	115
2.330000e+01	167	117
2.350000e+01	158	115
2.370000e+01	171	115
2.390000e+01	166	116
2.410000e+01	161	118
2.430000e+01	160	121
2.450000e+01	167	116
2.470000e+01	173	113
2.490000e+01	158	116
2.510000e+01	168	116
2.530000e+01	163	116
2.550000e+01	166	116
2.570000e+01	179	115
2.590000e+01	181	116
2.610000e+01	167	116
2.630000e+01	164	118
2.650000e+01	162	119
2.670000e+01	167	114
2.690000e+01	170	115
2.710000e+01	160	115
2.730000e+01	162	118
2.750000e+01	164	119
2.770000e+01	176	120
2.790000e+01	162	115
2.810000e+01	179	114
2.830000e+01	167	121
2.850000e+01	172	119
2.870000e+01	162	116
2.890000e+01	159	118
2.910000e+01	185	118
2.930000e+01	164	115
2.950000e+01	158	113
2.970000e+01	162	115
2.990000e+01	165	116
3.010000e+01	159	118
3.030000e+01	167	116
3.050000e+01	153	114
3.070000e+01	164	114
3.090000e+01	171	118
3.110000e+01	180	117
3.130000e+01	167	116
3.150000e+01	163	118
3.170000e+01	171	116
3.190000e+01	164	117
3.210000e+01	158	117
3.230000e+01	161	113
3.250000e+01	171	118
3.270000e+01	179	115
3.290000e+01	155	117
3.310000e+01	172	115
3.330000e+01	160	117
3.350000e+01	158	114
3.370000e+01	178	120
3.390000e+01	176	113
3.410000e+01	159	117
3.430000e+01	169	116
3.450000e+01	154	115
3.470000e+01	164	118
3.490000e+01	167	116
3.510000e+01	170	114
3.530000e+01	159	116
3.550000e+01	170	119
3.570000e+01	159	118
3.590000e+01	172	115
3.610000e+01	166	117
3.630000e+01	170	115
3.650000e+01	153	116
3.670000e+01	172	118
3.690000e+01	161	117
3.710000e+01	173	120
3.730000e+01	173	116
3.750000e+01	175	117
3.770000e+01	167	113
3.790000e+01	170	117
3.810000e+01	168	115
3.830000e+01	162	121
3.850000e+01	161	123
3.870000e+01	163	116
3.890000e+01	161	115
3.910000e+01	164	120
3.930000e+01	176	117
3.950000e+01	160	118
3.970000e+01	152	115
3.990000e+01	168	116
4.010000e+01	159	118
4.030000e+01	165	118
4.050000e+01	171	117
4.070000e+01	168	120
4.090000e+01	173	116
4.110000e+01	162	117
4.130000e+01	162	119
4.150000e+01	155	114
4.170000e+01	170	118
4.190000e+01	168	116
4.210000e+01	154	113
4.230000e+01	170	118
4.250000e+01	164	117
4.270000e+01	160	116
4.290000e+01	158	116
4.310000e+01	155	118
4.330000e+01	163	114
4.350000e+01	176	116
4.370000e+01	154	115
4.390000e+01	151	115
4.410000e+01	169	114
4.430000e+01	157	123
4.450000e+01	165	116
4.470000e+01	165	117
4.490000e+01	164	117
4.510000e+01	183	114
4.530000e+01	161	117
4.550000e+01	173	118
4.570000e+01	171	117
4.590000e+01	164	118
4.610000e+01	168	120
4.630000e+01	162	115
4.650000e+01	179	119
4.670000e+01	165	116
4.690000e+01	174	116
4.710000e+01	165	113
4.730000e+01	160	116
4.750000e+01	161	114
4.770000e+01	159	114
4.790000e+01	180	115
4.810000e+01	163	117
4.830000e+01	174	119
4.850000e+01	174	115
4.870000e+01	158	115
4.890000e+01	176	118
4.910000e+01	155	116
4.930000e+01	174	117
4.950000e+01	166	116
4.970000e+01	164	116
4.990000e+01	162	119
5.010000e+01	171	116
5.030000e+01	162	119
5.050000e+01	157	118
5.070000e+01	164	115
5.090000e+01	168	120
5.110000e+01	164	116
5.130000e+01	158	116
5.150000e+01	166	113
5.170000e+01	167	116
5.190000e+01	166	116
5.210000e+01	158	115
5.230000e+01	167	115
5.250000e+01	168	119
5.270000e+01	160	117
5.290000e+01	157	115
5.310000e+01	172	117
5.330000e+01	152	114
5.350000e+01	176	113
5.370000e+01	186	113
5.390000e+01	169	113
5.410000e+01	161	115
5.430000e+01	186	115
5.450000e+01	176	113
5.470000e+01	167	114
5.490000e+01	168	113
5.510000e+01	168	114
5.530000e+01	164	114
5.550000e+01	173	114
5.570000e+01	161	113
5.590000e+01	161	114
5.610000e+01	159	113
5.630000e+01	169	115
5.650000e+01	163	113
5.670000e+01	159	115
5.690000e+01	168	113
5.710000e+01	157	114
5.730000e+01	162	114
5.750000e+01	173	113
5.770000e+01	159	113
5.790000e+01	166	114
5.810000e+01	167	113
5.830000e+01	171	113
5.850000e+01	167	113
5.870000e+01	165	113
5.890000e+01	168	114
5.910000e+01	184	114
5.930000e+01	167	113
5.950000e+01	175	115
5.970000e+01	174	114
5.990000e+01	152	113
6.010000e+01	175	114
6.030000e+01	167	113
6.050000e+01	172	113
6.070000e+01	170	114
6.090000e+01	172	113
6.110000e+01	163	115
6.130000e+01	165	114
6.150000e+01	165	113
6.170000e+01	162	113
6.190000e+01	175	114
6.210000e+01	174	113
6.230000e+01	160	113
6.250000e+01	170	114
6.270000e+01	171	113
6.290000e+01	180	113
6.310000e+01	159	114
6.330000e+01	164	114
6.350000e+01	170	113
6.370000e+01	159	114
6.390000e+01	159	113
6.410000e+01	178	114
6.430000e+01	150	113
6.450000e+01	170	113
6.470000e+01	170	113
6.490000e+01	169	113
6.510000e+01	172	113
6.530000e+01	160	113
6.550000e+01	173	114
6.570000e+01	170	115
6.590000e+01	165	114
6.610000e+01	166	113
6.630000e+01	167	113
6.650000e+01	174	114
6.670000e+01	170	114
6.690000e+01	166	113
6.710000e+01	167	113
6.730000e+01	174	113
6.750000e+01	165	116
6.770000e+01	161	114
6.790000e+01	171	113
6.810000e+01	176	113
6.830000e+01	168	113
6.850000e+01	181	113
6.870000e+01	162	113
6.890000e+01	166	113
6.910000e+01	177	113
6.930000e+01	189	113
6.950000e+01	160	113
6.970000e+01	180	113
6.990000e+01	178	113
7.010000e+01	169	114
7.030000e+01	172	114
7.050000e+01	160	113
7.070000e+01	180	113
7.090000e+01	172	115
7.110000e+01	169	113
7.130000e+01	171	113
7.150000e+01	173	113
7.170000e+01	174	113
7.190000e+01	171	114
7.210000e+01	174	113
7.230000e+01	166	114
7.250000e+01	168	114
7.270000e+01	163	113
7.290000e+01	180	114
7.310000e+01	176	114
7.330000e+01	175	113
7.350000e+01	169	113
7.370000e+01	158	113
7.390000e+01	171	114
7.410000e+01	160	114
7.430000e+01	175	114
7.450000e+01	160	113
7.470000e+01	166	115
7.490000e+01	174	113
7.510000e+01	160	113
7.530000e+01	178	113
7.550000e+01	170	114
7.570000e+01	171	115
7.590000e+01	177	113
7.610000e+01	181	114
7.630000e+01	174	113
7.650000e+01	160	116
7.670000e+01	166	113
7.690000e+01	164	113
7.710000e+01	194	114
7.730000e+01	170	114
7.750000e+01	172	113
7.770000e+01	166	113
7.790000e+01	158	113
7.810000e+01	166	113
7.830000e+01	157	113
7.850000e+01	168	113
7.870000e+01	167	113
7.890000e+01	182	113
7.910000e+01	178	114
7.930000e+01	175	113
7.950000e+01	175	113
7.970000e+01	163	113
7.990000e+01	173	114
8.010000e+01	172	113
8.030000e+01	171	113
8.050000e+01	164	113
8.070000e+01	169	113
8.090000e+01	175	113
8.110000e+01	178	114
8.130000e+01	184	113
8.150000e+01	182	113
8.170000e+01	155	113
8.190000e+01	167	113
8.210000e+01	159	113
8.230000e+01	153	113
8.250000e+01	161	113
8.270000e+01	166	113
8.290000e+01	185	114
8.310000e+01	154	113
8.330000e+01	172	113
8.350000e+01	170	113
8.370000e+01	155	114
8.390000e+01	172	113
8.410000e+01	175	113
8.430000e+01	174	113
8.450000e+01	171	114
8.470000e+01	174	113
8.490000e+01	187	113
8.510000e+01	166	114
8.530000e+01	178	113
8.550000e+01	164	113
8.570000e+01	171	113
8.590000e+01	158	113
8.610000e+01	171	114
8.630000e+01	176	113
8.650000e+01	177	114
8.670000e+01	159	113
8.690000e+01	159	115
8.710000e+01	173	113
8.730000e+01	160	113
8.750000e+01	165	113
8.770000e+01	170	113
8.790000e+01	158	113
8.810000e+01	168	113
8.830000e+01	174	113
8.850000e+01	167	114
8.870000e+01	164	113
8.890000e+01	160	113
8.910000e+01	175	114
8.930000e+01	173	113
8.950000e+01	161	113
8.970000e+01	170	114
8.990000e+01	177	113
9.010000e+01	157	114
9.030000e+01	174	113
9.050000e+01	159	113
9.070000e+01	170	115
9.090000e+01	167	113
9.110000e+01	164	114
9.130000e+01	162	115
9.150000e+01	170	113
9.170000e+01	166	114
9.190000e+01	172	113
9.210000e+01	168	113
9.230000e+01	170	114
9.250000e+01	169	113
9.270000e+01	173	114
9.290000e+01	163	114
9.310000e+01	181	113
9.330000e+01	169	113
9.350000e+01	176	114
9.370000e+01	162	113
9.390000e+01	172	114
9.410000e+01	176	115
9.430000e+01	157	113
9.450000e+01	162	114
9.470000e+01	169	116
9.490000e+01	166	113
9.510000e+01	164	113
9.530000e+01	174	113
9.550000e+01	164	115
9.570000e+01	166	113
9.590000e+01	169	113
9.610000e+01	166	114
9.630000e+01	162	114
9.650000e+01	172	113
9.670000e+01	172	113
9.690000e+01	169	113
9.710000e+01	165	113
9.730000e+01	181	113
9.750000e+01	166	113
9.770000e+01	167	116
9.790000e+01	164	113
9.810000e+01	173	113
9.830000e+01	169	113
9.850000e+01	162	113
9.870000e+01	166	114
9.890000e+01	156	113
9.910000e+01	174	113
9.930000e+01	169	113
9.950000e+01	177	113
9.970000e+01	175	115
9.990000e+01	172	116
