coordinates:	80.7,57.1	208.7,57.1
timeat516nm	I_1at516nm	I_2at516nm
1.000000e-01	128	147
3.000000e-01	130	146
5.000000e-01	130	136
7.000000e-01	124	145
9.000000e-01	131	150
1.100000e+00	129	149
1.300000e+00	127	150
1.500000e+00	131	154
1.700000e+00	129	158
1.900000e+00	129	156
2.100000e+00	132	154
2.300000e+00	127	145
2.500000e+00	135	155
2.700000e+00	132	139
2.900000e+00	135	142
3.100000e+00	130	162
3.300000e+00	130	144
3.500000e+00	128	158
3.700000e+00	128	154
3.900000e+00	126	138
4.100000e+00	137	144
4.300000e+00	134	153
4.500000e+00	133	144
4.700000e+00	127	149
4.900000e+00	136	161
5.100000e+00	127	167
5.300000e+00	131	157
5.500000e+00	122	151
5.700000e+00	132	143
5.900000e+00	134	146
6.100000e+00	121	140
6.300000e+00	130	163
6.500000e+00	131	148
6.700000e+00	128	153
6.900000e+00	130	154
7.100000e+00	130	157
7.300000e+00	127	149
7.500000e+00	129	139
7.700000e+00	128	145
7.900000e+00	122	154
8.100000e+00	129	154
8.300000e+00	141	143
8.500000e+00	131	155
8.700000e+00	133	141
8.900000e+00	131	142
9.100000e+00	126	154
9.300000e+00	126	155
9.500000e+00	132	141
9.700000e+00	123	145
9.900000e+00	128	150
1.010000e+01	123	150
1.030000e+01	131	164
1.050000e+01	135	163
1.070000e+01	132	151
1.090000e+01	125	150
1.110000e+01	137	159
1.130000e+01	122	160
1.150000e+01	122	151
1.170000e+01	127	146
1.190000e+01	131	159
1.210000e+01	134	141
1.230000e+01	131	158
1.250000e+01	126	148
1.270000e+01	122	153
1.290000e+01	131	149
1.310000e+01	127	147
1.330000e+01	128	156
1.350000e+01	127	147
1.370000e+01	127	149
1.390000e+01	131	159
1.410000e+01	160	116
1.430000e+01	173	117
1.450000e+01	166	115
1.470000e+01	162	118
1.490000e+01	166	120
1.510000e+01	154	117
1.530000e+01	167	115
1.550000e+01	152	119
1.570000e+01	159	117
1.590000e+01	164	115
1.610000e+01	158	116
1.630000e+01	159	116
1.650000e+01	156	118
1.670000e+01	159	115
1.690000e+01	162	120
1.710000e+01	165	115
1.730000e+01	175	117
1.750000e+01	173	117
1.770000e+01	160	117
1.790000e+01	167	118
1.810000e+01	172	116
1.830000e+01	161	121
1.850000e+01	160	119
1.870000e+01	171	123
1.890000e+01	156	113
1.910000e+01	161	116
1.930000e+01	157	117
1.950000e+01	170	116
1.970000e+01	173	115
1.990000e+01	159	119
2.010000e+01	158	115
2.030000e+01	157	118
2.050000e+01	154	119
2.070000e+01	161	115
2.090000e+01	169	115
2.110000e+01	170	116
2.130000e+01	161	114
2.150000e+01	172	117
2.170000e+01	165	118
2.190000e+01	161	117
2.210000e+01	172	119
2.230000e+01	158	118
2.250000e+01	169	115
2.270000e+01	167	117
2.290000e+01	164	116
2.310000e+01	166	116
2.330000e+01	168	116
2.350000e+01	171	116
2.370000e+01	169	116
2.390000e+01	142	115
2.410000e+01	175	116
2.430000e+01	169	121
2.450000e+01	163	115
2.470000e+01	166	119
2.490000e+01	162	116
2.510000e+01	164	117
2.530000e+01	162	117
2.550000e+01	169	113
2.570000e+01	164	117
2.590000e+01	157	116
2.610000e+01	164	120
2.630000e+01	180	117
2.650000e+01	162	116
2.670000e+01	170	115
2.690000e+01	169	119
2.710000e+01	159	120
2.730000e+01	177	115
2.750000e+01	177	117
2.770000e+01	167	116
2.790000e+01	165	117
2.810000e+01	167	118
2.830000e+01	164	121
2.850000e+01	174	116
2.870000e+01	175	115
2.890000e+01	171	121
2.910000e+01	160	115
2.930000e+01	178	117
2.950000e+01	171	121
2.970000e+01	158	118
2.990000e+01	175	121
3.010000e+01	174	117
3.030000e+01	176	118
3.050000e+01	166	117
3.070000e+01	170	115
3.090000e+01	183	120
3.110000e+01	171	114
3.130000e+01	174	115
3.150000e+01	174	115
3.170000e+01	160	116
3.190000e+01	155	118
3.210000e+01	160	113
3.230000e+01	172	117
3.250000e+01	170	116
3.270000e+01	168	119
3.290000e+01	161	120
3.310000e+01	168	116
3.330000e+01	169	114
3.350000e+01	170	118
3.370000e+01	166	115
3.390000e+01	160	115
3.410000e+01	160	113
3.430000e+01	169	116
3.450000e+01	166	119
3.470000e+01	173	114
3.490000e+01	161	115
3.510000e+01	155	116
3.530000e+01	172	117
3.550000e+01	175	115
3.570000e+01	169	118
3.590000e+01	172	118
3.610000e+01	178	117
3.630000e+01	159	114
3.650000e+01	151	115
3.670000e+01	174	117
3.690000e+01	178	115
3.710000e+01	157	115
3.730000e+01	166	117
3.750000e+01	170	118
3.770000e+01	167	116
3.790000e+01	160	118
3.810000e+01	164	116
3.830000e+01	172	114
3.850000e+01	177	117
3.870000e+01	164	117
3.890000e+01	177	119
3.910000e+01	166	119
3.930000e+01	162	116
3.950000e+01	165	116
3.970000e+01	177	115
3.990000e+01	152	115
4.010000e+01	163	115
4.030000e+01	147	118
4.050000e+01	162	116
4.070000e+01	162	117
4.090000e+01	164	114
4.110000e+01	157	117
4.130000e+01	166	115
4.150000e+01	166	116
4.170000e+01	174	118
4.190000e+01	159	118
4.210000e+01	156	117
4.230000e+01	156	118
4.250000e+01	169	116
4.270000e+01	149	117
4.290000e+01	155	117
4.310000e+01	156	118
4.330000e+01	161	114
4.350000e+01	159	118
4.370000e+01	168	117
4.390000e+01	176	118
4.410000e+01	168	116
4.430000e+01	157	114
4.450000e+01	162	119
4.470000e+01	170	114
4.490000e+01	158	119
4.510000e+01	168	116
4.530000e+01	161	119
4.550000e+01	169	116
4.570000e+01	172	115
4.590000e+01	156	120
4.610000e+01	174	118
4.630000e+01	162	116
4.650000e+01	165	116
4.670000e+01	168	114
4.690000e+01	174	115
4.710000e+01	178	116
4.730000e+01	174	118
4.750000e+01	157	120
4.770000e+01	162	118
4.790000e+01	160	119
4.810000e+01	156	117
4.830000e+01	167	114
4.850000e+01	171	114
4.870000e+01	177	113
4.890000e+01	188	115
4.910000e+01	163	113
4.930000e+01	174	113
4.950000e+01	161	114
4.970000e+01	169	114
4.990000e+01	155	113
5.010000e+01	174	114
5.030000e+01	181	113
5.050000e+01	172	114
5.070000e+01	176	113
5.090000e+01	161	114
5.110000e+01	167	113
5.130000e+01	174	114
5.150000e+01	160	114
5.170000e+01	162	114
5.190000e+01	181	113
5.210000e+01	161	115
5.230000e+01	158	114
5.250000e+01	159	113
5.270000e+01	166	114
5.290000e+01	168	114
5.310000e+01	170	113
5.330000e+01	152	114
5.350000e+01	163	114
5.370000e+01	178	114
5.390000e+01	159	116
5.410000e+01	163	114
5.430000e+01	163	113
5.450000e+01	165	113
5.470000e+01	193	113
5.490000e+01	170	113
5.510000e+01	162	113
5.530000e+01	166	113
5.550000e+01	169	114
5.570000e+01	171	113
5.590000e+01	177	115
5.610000e+01	179	114
5.630000e+01	160	113
5.650000e+01	171	114
5.670000e+01	167	114
5.690000e+01	167	113
5.710000e+01	178	113
5.730000e+01	162	114
5.750000e+01	176	115
5.770000e+01	166	114
5.790000e+01	163	114
5.810000e+01	183	113
5.830000e+01	161	114
5.850000e+01	164	114
5.870000e+01	161	113
5.890000e+01	182	114
5.910000e+01	174	113
5.930000e+01	157	113
5.950000e+01	167	113
5.970000e+01	166	114
5.990000e+01	178	113
6.010000e+01	175	113
6.030000e+01	170	116
6.050000e+01	163	113
6.070000e+01	170	114
6.090000e+01	172	113
6.110000e+01	168	113
6.130000e+01	153	113
6.150000e+01	169	114
6.170000e+01	171	114
6.190000e+01	173	113
6.210000e+01	172	115
6.230000e+01	166	114
6.250000e+01	172	114
6.270000e+01	163	114
6.290000e+01	168	113
6.310000e+01	169	113
6.330000e+01	152	114
6.350000e+01	178	114
6.370000e+01	158	113
6.390000e+01	165	114
6.410000e+01	170	113
6.430000e+01	164	113
6.450000e+01	163	114
6.470000e+01	175	113
6.490000e+01	162	113
6.510000e+01	179	113
6.530000e+01	175	115
6.550000e+01	172	113
6.570000e+01	167	113
6.590000e+01	170	114
6.610000e+01	181	114
6.630000e+01	168	114
6.650000e+01	161	113
6.670000e+01	180	113
6.690000e+01	164	114
6.710000e+01	164	113
6.730000e+01	162	114
6.750000e+01	164	113
6.770000e+01	172	115
6.790000e+01	160	114
6.810000e+01	180	113
6.830000e+01	166	113
6.850000e+01	185	114
6.870000e+01	168	113
6.890000e+01	164	113
6.910000e+01	169	113
6.930000e+01	169	116
6.950000e+01	194	114
6.970000e+01	166	113
6.990000e+01	188	113
7.010000e+01	174	113
7.030000e+01	160	113
7.050000e+01	176	116
7.070000e+01	183	113
7.090000e+01	183	113
7.110000e+01	159	113
7.130000e+01	172	113
7.150000e+01	164	113
7.170000e+01	180	113
7.190000e+01	163	113
7.210000e+01	164	113
7.230000e+01	174	113
7.250000e+01	174	113
7.270000e+01	153	113
7.290000e+01	163	113
7.310000e+01	169	113
7.330000e+01	186	115
7.350000e+01	169	114
7.370000e+01	162	114
7.390000e+01	173	113
7.410000e+01	180	114
7.430000e+01	171	113
7.450000e+01	168	113
7.470000e+01	176	115
7.490000e+01	170	113
7.510000e+01	169	113
7.530000e+01	182	114
7.550000e+01	168	113
7.570000e+01	180	113
7.590000e+01	172	113
7.610000e+01	163	113
7.630000e+01	167	114
7.650000e+01	160	113
7.670000e+01	170	115
7.690000e+01	182	113
7.710000e+01	178	113
7.730000e+01	168	113
7.750000e+01	159	113
7.770000e+01	168	115
7.790000e+01	174	114
7.810000e+01	158	113
7.830000e+01	160	113
7.850000e+01	162	113
7.870000e+01	164	113
7.890000e+01	165	115
7.910000e+01	169	113
7.930000e+01	160	114
7.950000e+01	163	115
7.970000e+01	171	114
7.990000e+01	167	115
8.010000e+01	167	114
8.030000e+01	165	115
8.050000e+01	164	114
8.070000e+01	182	114
8.090000e+01	160	115
8.110000e+01	180	113
8.130000e+01	168	114
8.150000e+01	160	113
8.170000e+01	170	115
8.190000e+01	171	114
8.210000e+01	176	113
8.230000e+01	160	113
8.250000e+01	173	113
8.270000e+01	170	113
8.290000e+01	178	113
8.310000e+01	159	113
8.330000e+01	167	113
8.350000e+01	172	113
8.370000e+01	174	113
8.390000e+01	175	113
8.410000e+01	163	115
8.430000e+01	157	113
8.450000e+01	180	113
8.470000e+01	171	113
8.490000e+01	170	113
8.510000e+01	170	113
8.530000e+01	165	113
8.550000e+01	171	115
8.570000e+01	159	114
8.590000e+01	156	113
8.610000e+01	164	113
8.630000e+01	161	115
8.650000e+01	156	113
8.670000e+01	172	113
8.690000e+01	184	114
8.710000e+01	157	113
8.730000e+01	172	115
8.750000e+01	159	114
8.770000e+01	161	114
8.790000e+01	169	114
8.810000e+01	164	113
8.830000e+01	153	114
8.850000e+01	167	115
8.870000e+01	156	114
8.890000e+01	168	113
8.910000e+01	176	113
8.930000e+01	148	115
8.950000e+01	165	113
8.970000e+01	173	113
8.990000e+01	166	113
9.010000e+01	166	113
9.030000e+01	167	113
9.050000e+01	163	116
9.070000e+01	174	113
9.090000e+01	162	114
9.110000e+01	186	114
9.130000e+01	173	113
9.150000e+01	173	113
9.170000e+01	176	114
9.190000e+01	167	113
9.210000e+01	173	115
9.230000e+01	172	113
9.250000e+01	162	113
9.270000e+01	162	114
9.290000e+01	162	113
9.310000e+01	164	113
9.330000e+01	170	114
9.350000e+01	173	114
9.370000e+01	176	114
9.390000e+01	168	114
9.410000e+01	162	113
9.430000e+01	165	113
9.450000e+01	170	114
9.470000e+01	162	113
9.490000e+01	166	114
9.510000e+01	160	114
9.530000e+01	166	113
9.550000e+01	163	115
9.570000e+01	172	114
9.590000e+01	182	113
9.610000e+01	167	113
9.630000e+01	182	114
9.650000e+01	170	114
9.670000e+01	176	113
9.690000e+01	176	114
9.710000e+01	187	114
9.730000e+01	171	114
9.750000e+01	162	113
9.770000e+01	164	114
9.790000e+01	160	114
9.810000e+01	169	113
9.830000e+01	182	115
9.850000e+01	196	113
9.870000e+01	160	113
9.890000e+01	165	113
9.910000e+01	166	115
9.930000e+01	181	114
9.950000e+01	163	114
9.970000e+01	162	113
9.990000e+01	157	113
