timeat60nm	I_1at60nm	I_2at60nm	I_3at60nm
1.000000e-01	151	113	116
3.000000e-01	162	113	123
5.000000e-01	149	113	119
7.000000e-01	154	113	120
9.000000e-01	151	114	119
1.100000e+00	144	113	121
1.300000e+00	161	113	129
1.500000e+00	152	113	128
1.700000e+00	159	113	123
1.900000e+00	162	114	128
2.100000e+00	177	113	124
2.300000e+00	164	113	121
2.500000e+00	153	114	125
2.700000e+00	171	113	121
2.900000e+00	159	114	121
3.100000e+00	151	113	126
3.300000e+00	164	113	123
3.500000e+00	158	113	128
3.700000e+00	162	113	122
3.900000e+00	156	113	125
4.100000e+00	153	113	123
4.300000e+00	165	113	122
4.500000e+00	150	116	123
4.700000e+00	155	113	121
4.900000e+00	149	114	119
5.100000e+00	165	113	125
5.300000e+00	157	114	121
5.500000e+00	155	113	125
5.700000e+00	166	113	119
5.900000e+00	160	113	116
6.100000e+00	159	113	120
6.300000e+00	148	113	123
6.500000e+00	158	113	122
6.700000e+00	174	113	120
6.900000e+00	159	113	122
7.100000e+00	160	113	119
7.300000e+00	147	113	122
7.500000e+00	158	114	118
7.700000e+00	169	115	127
7.900000e+00	167	114	120
8.100000e+00	149	113	124
8.300000e+00	163	113	116
8.500000e+00	162	113	118
8.700000e+00	155	113	124
8.900000e+00	156	113	123
9.100000e+00	160	114	127
9.300000e+00	157	113	121
9.500000e+00	158	114	120
9.700000e+00	155	113	122
9.900000e+00	154	114	120
1.010000e+01	154	113	124
1.030000e+01	161	113	120
1.050000e+01	154	113	121
1.070000e+01	150	113	126
1.090000e+01	155	113	122
1.110000e+01	157	113	121
1.130000e+01	163	113	123
1.150000e+01	158	113	121
1.170000e+01	165	113	125
1.190000e+01	153	113	121
1.210000e+01	162	113	121
1.230000e+01	157	113	124
1.250000e+01	153	113	123
1.270000e+01	163	113	120
1.290000e+01	161	114	125
1.310000e+01	152	113	126
1.330000e+01	156	114	116
1.350000e+01	149	114	122
1.370000e+01	151	114	122
1.390000e+01	166	113	125
1.410000e+01	146	113	125
1.430000e+01	154	113	119
1.450000e+01	157	113	119
1.470000e+01	154	113	123
1.490000e+01	155	113	126
1.510000e+01	151	114	124
1.530000e+01	155	113	125
1.550000e+01	158	114	122
1.570000e+01	159	113	115
1.590000e+01	159	113	124
1.610000e+01	155	113	127
1.630000e+01	146	113	123
1.650000e+01	166	113	117
1.670000e+01	162	113	123
1.690000e+01	163	113	124
1.710000e+01	156	114	124
1.730000e+01	154	113	122
1.750000e+01	148	113	122
1.770000e+01	168	113	122
1.790000e+01	149	113	118
1.810000e+01	159	113	128
1.830000e+01	152	113	119
1.850000e+01	148	113	127
1.870000e+01	165	113	120
1.890000e+01	152	113	123
1.910000e+01	174	113	121
1.930000e+01	162	113	118
1.950000e+01	153	114	122
1.970000e+01	160	113	125
1.990000e+01	157	113	119
2.010000e+01	157	114	120
2.030000e+01	167	113	124
2.050000e+01	171	114	119
2.070000e+01	164	113	119
2.090000e+01	156	113	120
2.110000e+01	166	114	120
2.130000e+01	159	114	126
2.150000e+01	167	113	122
2.170000e+01	156	113	119
2.190000e+01	163	113	128
2.210000e+01	152	113	125
2.230000e+01	163	113	124
2.250000e+01	159	113	124
2.270000e+01	160	113	124
2.290000e+01	161	113	123
2.310000e+01	163	113	121
2.330000e+01	153	113	121
2.350000e+01	154	114	126
2.370000e+01	146	114	125
2.390000e+01	168	113	127
2.410000e+01	150	113	124
2.430000e+01	155	113	123
2.450000e+01	160	113	120
2.470000e+01	163	114	118
2.490000e+01	162	113	124
2.510000e+01	161	113	121
2.530000e+01	154	113	120
2.550000e+01	157	113	119
2.570000e+01	166	113	121
2.590000e+01	149	113	127
2.610000e+01	158	113	127
2.630000e+01	161	113	122
2.650000e+01	150	113	122
2.670000e+01	169	113	121
2.690000e+01	167	113	124
2.710000e+01	156	114	122
2.730000e+01	150	113	122
2.750000e+01	155	113	118
2.770000e+01	161	113	125
2.790000e+01	156	113	127
2.810000e+01	154	114	124
2.830000e+01	168	114	122
2.850000e+01	167	113	125
2.870000e+01	170	113	116
2.890000e+01	147	113	126
2.910000e+01	156	113	125
2.930000e+01	164	113	122
2.950000e+01	156	113	123
2.970000e+01	170	114	117
2.990000e+01	160	113	119
3.010000e+01	158	113	124
3.030000e+01	164	113	124
3.050000e+01	153	114	124
3.070000e+01	162	113	125
3.090000e+01	159	114	118
3.110000e+01	162	116	126
3.130000e+01	146	115	123
3.150000e+01	153	113	123
3.170000e+01	155	113	124
3.190000e+01	163	113	125
3.210000e+01	151	113	121
3.230000e+01	154	114	127
3.250000e+01	163	113	126
3.270000e+01	152	113	118
3.290000e+01	152	113	128
3.310000e+01	141	113	122
3.330000e+01	147	114	119
3.350000e+01	161	113	118
3.370000e+01	158	113	131
3.390000e+01	156	114	125
3.410000e+01	155	114	125
3.430000e+01	168	114	125
3.450000e+01	171	113	118
3.470000e+01	153	113	125
3.490000e+01	143	113	128
3.510000e+01	161	113	121
3.530000e+01	161	114	116
3.550000e+01	152	113	124
3.570000e+01	158	113	129
3.590000e+01	171	115	121
3.610000e+01	164	114	122
3.630000e+01	158	113	125
3.650000e+01	157	113	123
3.670000e+01	161	114	122
3.690000e+01	164	114	122
3.710000e+01	161	114	119
3.730000e+01	161	113	123
3.750000e+01	151	113	123
3.770000e+01	160	113	123
3.790000e+01	160	113	125
3.810000e+01	145	113	131
3.830000e+01	161	114	120
3.850000e+01	156	113	119
3.870000e+01	170	114	129
3.890000e+01	160	113	124
3.910000e+01	150	113	121
3.930000e+01	161	114	121
3.950000e+01	150	113	126
3.970000e+01	160	113	125
3.990000e+01	167	115	122
4.010000e+01	160	114	124
4.030000e+01	162	113	123
4.050000e+01	157	113	124
4.070000e+01	154	114	122
4.090000e+01	169	113	122
4.110000e+01	153	113	125
4.130000e+01	163	113	123
4.150000e+01	155	113	120
4.170000e+01	158	114	118
4.190000e+01	163	113	128
4.210000e+01	149	114	120
4.230000e+01	152	114	116
4.250000e+01	153	114	118
4.270000e+01	156	116	118
4.290000e+01	162	113	115
4.310000e+01	158	113	121
4.330000e+01	158	113	122
4.350000e+01	153	115	119
4.370000e+01	149	113	125
4.390000e+01	139	114	138
4.410000e+01	133	114	149
4.430000e+01	131	114	139
4.450000e+01	138	113	136
4.470000e+01	133	114	140
4.490000e+01	134	113	149
4.510000e+01	142	113	154
4.530000e+01	128	113	149
4.550000e+01	130	113	141
4.570000e+01	134	113	141
4.590000e+01	140	113	142
4.610000e+01	139	113	150
4.630000e+01	143	114	138
4.650000e+01	139	113	141
4.670000e+01	143	113	135
4.690000e+01	129	113	147
4.710000e+01	129	113	140
4.730000e+01	134	113	136
4.750000e+01	137	115	142
4.770000e+01	140	113	148
4.790000e+01	139	113	152
4.810000e+01	136	113	136
4.830000e+01	138	113	141
4.850000e+01	144	113	154
4.870000e+01	135	113	136
4.890000e+01	136	113	144
4.910000e+01	132	113	147
4.930000e+01	129	113	134
4.950000e+01	130	113	145
4.970000e+01	131	113	146
4.990000e+01	137	114	149
5.010000e+01	133	113	150
5.030000e+01	132	113	138
5.050000e+01	131	113	146
5.070000e+01	135	113	149
5.090000e+01	130	113	143
5.110000e+01	132	113	137
5.130000e+01	140	113	138
5.150000e+01	144	113	147
5.170000e+01	137	113	136
5.190000e+01	136	113	140
5.210000e+01	139	113	150
5.230000e+01	141	113	138
5.250000e+01	141	113	135
5.270000e+01	140	113	139
5.290000e+01	140	113	149
5.310000e+01	136	113	143
5.330000e+01	133	113	136
5.350000e+01	141	113	134
5.370000e+01	142	113	142
5.390000e+01	138	113	138
5.410000e+01	132	113	148
5.430000e+01	142	113	132
5.450000e+01	153	113	139
5.470000e+01	139	113	131
5.490000e+01	133	113	140
5.510000e+01	141	113	143
5.530000e+01	135	113	152
5.550000e+01	129	113	143
5.570000e+01	146	114	149
5.590000e+01	145	113	147
5.610000e+01	145	113	143
5.630000e+01	142	113	136
5.650000e+01	139	113	142
5.670000e+01	142	113	138
5.690000e+01	141	113	138
5.710000e+01	146	114	138
5.730000e+01	141	113	151
5.750000e+01	134	114	140
5.770000e+01	128	114	140
5.790000e+01	139	113	145
5.810000e+01	131	118	131
5.830000e+01	129	118	140
5.850000e+01	139	119	131
5.870000e+01	137	119	132
5.890000e+01	136	118	138
5.910000e+01	133	122	144
5.930000e+01	143	115	137
5.950000e+01	127	119	141
5.970000e+01	142	113	136
5.990000e+01	142	113	138
6.010000e+01	139	114	142
6.030000e+01	148	113	145
6.050000e+01	138	113	142
6.070000e+01	146	114	149
6.090000e+01	132	113	137
6.110000e+01	146	114	133
6.130000e+01	133	113	141
6.150000e+01	140	114	146
6.170000e+01	133	114	131
6.190000e+01	136	113	142
6.210000e+01	134	113	134
6.230000e+01	144	113	146
6.250000e+01	145	113	145
6.270000e+01	141	113	140
6.290000e+01	142	115	140
6.310000e+01	143	114	152
6.330000e+01	141	113	133
6.350000e+01	136	113	144
6.370000e+01	144	113	138
6.390000e+01	139	113	141
6.410000e+01	141	113	136
6.430000e+01	141	113	137
6.450000e+01	144	113	135
6.470000e+01	142	113	143
6.490000e+01	146	113	133
6.510000e+01	133	114	144
6.530000e+01	141	114	146
6.550000e+01	146	114	141
6.570000e+01	136	113	137
6.590000e+01	135	113	136
6.610000e+01	139	113	140
6.630000e+01	155	113	147
6.650000e+01	134	113	139
6.670000e+01	150	113	136
6.690000e+01	144	113	143
6.710000e+01	139	113	143
6.730000e+01	144	113	142
6.750000e+01	139	113	132
6.770000e+01	134	113	146
6.790000e+01	145	113	139
6.810000e+01	139	113	142
6.830000e+01	141	113	140
6.850000e+01	136	113	135
6.870000e+01	145	113	140
6.890000e+01	136	113	142
6.910000e+01	141	113	138
6.930000e+01	138	113	141
6.950000e+01	144	113	138
6.970000e+01	134	113	145
6.990000e+01	145	113	134
7.010000e+01	150	114	140
7.030000e+01	132	113	132
7.050000e+01	135	113	132
7.070000e+01	144	113	137
7.090000e+01	136	114	136
7.110000e+01	141	113	133
7.130000e+01	133	113	144
7.150000e+01	141	113	144
7.170000e+01	154	113	134
7.190000e+01	143	113	139
7.210000e+01	140	113	139
7.230000e+01	132	113	140
7.250000e+01	136	113	136
7.270000e+01	139	113	139
7.290000e+01	138	113	138
7.310000e+01	135	113	147
7.330000e+01	145	113	134
7.350000e+01	140	113	133
7.370000e+01	139	114	142
7.390000e+01	142	113	137
7.410000e+01	137	113	136
7.430000e+01	141	113	135
7.450000e+01	138	114	134
7.470000e+01	132	114	133
7.490000e+01	134	113	132
7.510000e+01	135	115	140
7.530000e+01	136	113	138
7.550000e+01	141	113	141
7.570000e+01	136	113	145
7.590000e+01	133	114	141
7.610000e+01	139	114	142
7.630000e+01	144	113	147
7.650000e+01	137	115	134
7.670000e+01	134	114	144
7.690000e+01	138	113	138
7.710000e+01	141	113	146
7.730000e+01	142	113	141
7.750000e+01	149	113	139
7.770000e+01	140	113	150
7.790000e+01	134	114	138
7.810000e+01	141	113	143
7.830000e+01	139	113	146
7.850000e+01	140	114	135
7.870000e+01	148	113	140
7.890000e+01	134	113	146
7.910000e+01	136	114	133
7.930000e+01	142	114	146
7.950000e+01	139	114	149
7.970000e+01	150	113	136
7.990000e+01	140	113	130
8.010000e+01	142	113	139
8.030000e+01	148	113	136
8.050000e+01	139	113	149
8.070000e+01	139	113	145
8.090000e+01	134	114	140
8.110000e+01	145	113	146
8.130000e+01	134	113	146
8.150000e+01	138	113	141
8.170000e+01	141	113	133
8.190000e+01	137	113	145
8.210000e+01	144	113	141
8.230000e+01	137	113	137
8.250000e+01	137	113	142
8.270000e+01	146	113	136
8.290000e+01	143	113	145
8.310000e+01	134	113	133
8.330000e+01	145	113	139
8.350000e+01	135	113	141
8.370000e+01	142	114	133
8.390000e+01	136	113	145
8.410000e+01	139	113	141
8.430000e+01	140	113	144
8.450000e+01	134	115	138
8.470000e+01	144	113	134
8.490000e+01	141	113	144
8.510000e+01	140	113	153
8.530000e+01	138	113	134
8.550000e+01	131	114	135
8.570000e+01	144	113	135
8.590000e+01	135	113	139
8.610000e+01	142	114	138
8.630000e+01	143	113	134
8.650000e+01	131	113	136
8.670000e+01	141	113	151
8.690000e+01	144	113	142
8.710000e+01	143	113	133
8.730000e+01	130	113	140
8.750000e+01	145	113	132
8.770000e+01	137	113	134
8.790000e+01	138	113	139
8.810000e+01	142	113	136
8.830000e+01	141	114	139
8.850000e+01	136	114	136
8.870000e+01	138	113	138
8.890000e+01	137	113	133
8.910000e+01	138	113	138
8.930000e+01	139	114	133
8.950000e+01	144	113	145
8.970000e+01	137	114	145
8.990000e+01	137	113	139
9.010000e+01	137	113	142
9.030000e+01	141	115	146
9.050000e+01	141	114	136
9.070000e+01	135	113	127
9.090000e+01	142	113	137
9.110000e+01	145	113	135
9.130000e+01	140	114	136
9.150000e+01	140	113	145
9.170000e+01	139	113	130
9.190000e+01	150	113	132
9.210000e+01	127	113	135
9.230000e+01	135	113	143
9.250000e+01	144	113	140
9.270000e+01	151	113	135
9.290000e+01	142	113	141
9.310000e+01	144	113	136
9.330000e+01	142	113	140
9.350000e+01	143	114	136
9.370000e+01	135	113	135
9.390000e+01	137	113	139
9.410000e+01	142	113	133
9.430000e+01	145	113	138
9.450000e+01	140	113	138
9.470000e+01	132	113	138
9.490000e+01	130	113	135
9.510000e+01	144	113	137
9.530000e+01	135	113	142
9.550000e+01	136	113	144
9.570000e+01	133	113	134
9.590000e+01	130	113	141
9.610000e+01	137	113	140
9.630000e+01	139	113	136
9.650000e+01	132	113	149
9.670000e+01	135	113	150
9.690000e+01	137	113	139
9.710000e+01	149	113	130
9.730000e+01	136	113	142
9.750000e+01	133	113	149
9.770000e+01	135	114	132
9.790000e+01	140	113	133
9.810000e+01	148	113	137
9.830000e+01	135	113	140
9.850000e+01	138	113	130
9.870000e+01	145	113	137
9.890000e+01	135	114	131
9.910000e+01	138	113	135
9.930000e+01	143	115	136
9.950000e+01	135	113	134
9.970000e+01	139	113	146
9.990000e+01	129	117	144
