coordinates:	55.8,114.4	140.8,114.4	225.8,114.4
timeat300nm	I_1at300nm	I_2at300nm	I_3at300nm
1.000000e-01	146	118	130
2.000000e-01	113	144	119
3.000000e-01	135	114	134
4.000000e-01	113	140	118
5.000000e-01	149	116	130
6.000000e-01	113	140	121
7.000000e-01	146	115	128
8.000000e-01	113	147	121
9.000000e-01	155	116	132
1	113	145	118
1.100000e+00	138	115	123
1.200000e+00	113	141	115
1.300000e+00	148	119	122
1.400000e+00	113	146	118
1.500000e+00	139	115	124
1.600000e+00	113	136	118
1.700000e+00	142	115	134
1.800000e+00	113	139	118
1.900000e+00	140	116	132
2	113	137	117
2.100000e+00	137	119	130
2.200000e+00	113	131	115
2.300000e+00	136	114	128
2.400000e+00	113	147	118
2.500000e+00	143	115	130
2.600000e+00	113	143	115
2.700000e+00	143	115	129
2.800000e+00	113	139	118
2.900000e+00	149	116	129
3	113	137	122
3.100000e+00	153	115	129
3.200000e+00	113	146	117
3.300000e+00	154	115	130
3.400000e+00	113	156	115
3.500000e+00	140	118	125
3.600000e+00	113	134	120
3.700000e+00	146	114	129
3.800000e+00	113	133	118
3.900000e+00	157	115	122
4	113	135	118
4.100000e+00	148	115	127
4.200000e+00	113	147	117
4.300000e+00	148	114	125
4.400000e+00	113	142	117
4.500000e+00	134	119	129
4.600000e+00	113	138	116
4.700000e+00	151	114	125
4.800000e+00	113	136	115
4.900000e+00	141	116	126
5	113	140	118
5.100000e+00	148	115	127
5.200000e+00	113	142	117
5.300000e+00	143	115	134
5.400000e+00	113	140	118
5.500000e+00	146	117	131
5.600000e+00	113	143	115
5.700000e+00	141	114	132
5.800000e+00	113	141	118
5.900000e+00	142	116	132
6	113	140	119
6.100000e+00	151	114	124
6.200000e+00	113	141	117
6.300000e+00	143	113	123
6.400000e+00	113	142	113
6.500000e+00	143	115	129
6.600000e+00	113	140	119
6.700000e+00	154	113	125
6.800000e+00	113	142	118
6.900000e+00	142	118	129
7	113	146	114
7.100000e+00	139	115	129
7.200000e+00	113	135	118
7.300000e+00	159	116	131
7.400000e+00	113	149	117
7.500000e+00	142	113	124
7.600000e+00	113	134	119
7.700000e+00	150	115	134
7.800000e+00	113	143	118
7.900000e+00	151	117	122
8	113	134	115
8.100000e+00	145	113	133
8.200000e+00	113	150	117
8.300000e+00	149	114	134
8.400000e+00	113	150	113
8.500000e+00	146	114	128
8.600000e+00	113	141	117
8.700000e+00	143	116	131
8.800000e+00	113	135	121
8.900000e+00	143	114	124
9	113	145	115
9.100000e+00	148	115	128
9.200000e+00	113	138	118
9.300000e+00	140	116	128
9.400000e+00	113	132	122
9.500000e+00	159	117	125
9.600000e+00	113	147	118
9.700000e+00	143	116	126
9.800000e+00	113	135	116
9.900000e+00	140	115	132
10	113	132	117
1.010000e+01	150	117	127
1.020000e+01	113	141	114
1.030000e+01	143	116	127
1.040000e+01	113	134	116
1.050000e+01	148	115	123
1.060000e+01	113	144	117
1.070000e+01	136	116	129
1.080000e+01	113	142	117
1.090000e+01	143	116	129
11	113	142	117
1.110000e+01	138	115	134
1.120000e+01	113	137	121
1.130000e+01	135	116	125
1.140000e+01	113	153	116
1.150000e+01	142	117	124
1.160000e+01	113	142	114
1.170000e+01	145	114	132
1.180000e+01	113	142	117
1.190000e+01	145	115	125
12	113	150	118
1.210000e+01	148	115	126
1.220000e+01	113	136	115
1.230000e+01	135	117	127
1.240000e+01	113	132	118
1.250000e+01	146	115	127
1.260000e+01	113	142	116
1.270000e+01	137	118	130
1.280000e+01	113	138	118
1.290000e+01	155	113	121
13	113	148	121
1.310000e+01	152	116	130
1.320000e+01	113	143	119
1.330000e+01	137	115	125
1.340000e+01	113	141	115
1.350000e+01	148	116	130
1.360000e+01	113	141	118
1.370000e+01	135	113	130
1.380000e+01	113	131	119
1.390000e+01	140	116	130
14	113	142	116
1.410000e+01	143	116	125
1.420000e+01	113	142	119
1.430000e+01	142	115	130
1.440000e+01	113	146	117
1.450000e+01	141	115	123
1.460000e+01	113	136	118
1.470000e+01	135	115	127
1.480000e+01	113	140	119
1.490000e+01	146	117	120
15	113	138	114
1.510000e+01	143	114	127
1.520000e+01	113	150	121
1.530000e+01	146	113	124
1.540000e+01	113	136	115
1.550000e+01	135	114	132
1.560000e+01	113	138	116
1.570000e+01	152	114	128
1.580000e+01	113	135	119
1.590000e+01	143	117	131
16	113	141	116
1.610000e+01	148	114	126
1.620000e+01	113	145	118
1.630000e+01	145	115	128
1.640000e+01	113	142	122
1.650000e+01	139	116	127
1.660000e+01	113	147	119
1.670000e+01	154	116	129
1.680000e+01	113	146	118
1.690000e+01	153	116	126
17	113	150	117
1.710000e+01	135	116	125
1.720000e+01	113	143	116
1.730000e+01	154	114	134
1.740000e+01	113	140	119
1.750000e+01	140	115	133
1.760000e+01	113	136	116
1.770000e+01	155	119	126
1.780000e+01	113	150	123
1.790000e+01	147	114	124
18	113	145	115
1.810000e+01	140	114	127
1.820000e+01	113	149	116
1.830000e+01	140	115	130
1.840000e+01	113	143	118
1.850000e+01	142	114	121
1.860000e+01	113	141	118
1.870000e+01	136	115	125
1.880000e+01	113	135	118
1.890000e+01	140	114	131
19	113	136	115
1.910000e+01	141	114	132
1.920000e+01	113	139	116
1.930000e+01	154	115	123
1.940000e+01	113	145	121
1.950000e+01	146	114	126
1.960000e+01	113	136	120
1.970000e+01	150	117	134
1.980000e+01	113	142	119
1.990000e+01	140	114	126
20	113	143	114
2.010000e+01	145	117	131
2.020000e+01	113	136	117
2.030000e+01	145	114	123
2.040000e+01	113	143	122
2.050000e+01	158	115	137
2.060000e+01	113	143	113
2.070000e+01	134	115	125
2.080000e+01	113	144	121
2.090000e+01	153	115	131
21	113	144	116
2.110000e+01	155	116	128
2.120000e+01	113	138	117
2.130000e+01	146	117	126
2.140000e+01	113	138	116
2.150000e+01	138	113	134
2.160000e+01	113	133	117
2.170000e+01	144	116	129
2.180000e+01	113	143	121
2.190000e+01	144	117	122
22	113	144	118
2.210000e+01	145	117	141
2.220000e+01	113	140	120
2.230000e+01	148	114	127
2.240000e+01	113	146	114
2.250000e+01	151	115	129
2.260000e+01	113	141	117
2.270000e+01	138	114	125
2.280000e+01	113	144	114
2.290000e+01	145	115	128
23	113	144	117
2.310000e+01	144	116	125
2.320000e+01	113	138	117
2.330000e+01	145	117	130
2.340000e+01	113	153	114
2.350000e+01	144	115	130
2.360000e+01	113	143	117
2.370000e+01	139	115	124
2.380000e+01	113	133	115
2.390000e+01	145	118	131
24	113	146	121
2.410000e+01	141	113	136
2.420000e+01	113	145	116
2.430000e+01	146	115	123
2.440000e+01	113	138	114
2.450000e+01	147	116	133
2.460000e+01	113	145	117
2.470000e+01	137	116	130
2.480000e+01	113	137	115
2.490000e+01	139	115	127
25	113	149	120
2.510000e+01	141	113	125
2.520000e+01	113	145	120
2.530000e+01	134	117	133
2.540000e+01	113	134	117
2.550000e+01	144	115	135
2.560000e+01	113	141	115
2.570000e+01	144	113	121
2.580000e+01	113	138	119
2.590000e+01	151	115	128
26	113	135	116
2.610000e+01	148	116	124
2.620000e+01	113	141	116
2.630000e+01	148	116	124
2.640000e+01	113	146	118
2.650000e+01	146	115	130
2.660000e+01	113	143	116
2.670000e+01	144	113	125
2.680000e+01	113	146	115
2.690000e+01	141	116	128
27	113	139	115
2.710000e+01	140	117	133
2.720000e+01	113	135	120
2.730000e+01	144	115	130
2.740000e+01	113	148	120
2.750000e+01	138	116	140
2.760000e+01	113	142	117
2.770000e+01	148	114	123
2.780000e+01	113	146	120
2.790000e+01	151	115	131
28	113	146	118
2.810000e+01	144	115	123
2.820000e+01	113	136	119
2.830000e+01	147	114	126
2.840000e+01	113	147	117
2.850000e+01	136	117	126
2.860000e+01	113	138	120
2.870000e+01	160	113	134
2.880000e+01	113	143	116
2.890000e+01	145	116	133
29	113	149	120
2.910000e+01	139	114	124
2.920000e+01	113	140	117
2.930000e+01	143	115	133
2.940000e+01	113	135	117
2.950000e+01	139	115	128
2.960000e+01	113	142	115
2.970000e+01	140	115	122
2.980000e+01	113	143	117
2.990000e+01	145	113	127
30	113	138	119
3.010000e+01	139	116	135
3.020000e+01	113	148	116
3.030000e+01	140	117	128
3.040000e+01	113	141	120
3.050000e+01	149	116	125
3.060000e+01	113	138	117
3.070000e+01	148	114	132
3.080000e+01	113	139	115
3.090000e+01	149	113	125
31	113	143	119
3.110000e+01	140	117	126
3.120000e+01	113	142	115
3.130000e+01	149	114	131
3.140000e+01	113	146	116
3.150000e+01	152	113	132
3.160000e+01	113	140	118
3.170000e+01	162	115	120
3.180000e+01	113	138	120
3.190000e+01	157	115	128
32	113	138	122
3.210000e+01	147	116	128
3.220000e+01	113	145	115
3.230000e+01	150	115	127
3.240000e+01	113	143	118
3.250000e+01	146	115	123
3.260000e+01	113	141	121
3.270000e+01	145	115	129
3.280000e+01	113	144	119
3.290000e+01	148	117	129
33	113	140	123
3.310000e+01	146	116	128
3.320000e+01	113	138	120
3.330000e+01	148	115	128
3.340000e+01	113	145	120
3.350000e+01	141	116	126
3.360000e+01	113	143	118
3.370000e+01	147	114	125
3.380000e+01	113	146	122
3.390000e+01	141	114	125
34	113	135	122
3.410000e+01	140	115	124
3.420000e+01	113	142	118
3.430000e+01	145	115	126
3.440000e+01	113	138	120
3.450000e+01	143	116	128
3.460000e+01	113	140	121
3.470000e+01	142	120	121
3.480000e+01	113	134	118
3.490000e+01	158	113	131
35	113	135	120
3.510000e+01	153	113	132
3.520000e+01	113	138	124
3.530000e+01	152	115	128
3.540000e+01	113	133	125
3.550000e+01	143	115	125
3.560000e+01	113	139	117
3.570000e+01	142	114	126
3.580000e+01	113	139	126
3.590000e+01	153	116	125
36	113	149	120
3.610000e+01	137	118	127
3.620000e+01	113	129	118
3.630000e+01	149	115	132
3.640000e+01	113	141	117
3.650000e+01	138	114	126
3.660000e+01	113	134	123
3.670000e+01	144	118	120
3.680000e+01	113	143	116
3.690000e+01	139	114	124
37	113	139	123
3.710000e+01	156	116	129
3.720000e+01	113	133	116
3.730000e+01	145	117	130
3.740000e+01	113	136	125
3.750000e+01	139	114	136
3.760000e+01	113	141	122
3.770000e+01	139	114	133
3.780000e+01	113	145	119
3.790000e+01	156	116	124
38	113	145	120
3.810000e+01	153	113	126
3.820000e+01	113	134	121
3.830000e+01	139	115	133
3.840000e+01	113	132	124
3.850000e+01	143	114	126
3.860000e+01	113	135	117
3.870000e+01	135	113	129
3.880000e+01	113	134	123
3.890000e+01	135	114	122
39	113	138	123
3.910000e+01	146	114	125
3.920000e+01	113	131	121
3.930000e+01	137	113	128
3.940000e+01	113	147	114
3.950000e+01	149	115	129
3.960000e+01	113	137	121
3.970000e+01	152	115	129
3.980000e+01	113	142	116
3.990000e+01	159	114	132
40	113	131	115
4.010000e+01	140	116	128
4.020000e+01	113	144	118
4.030000e+01	150	116	126
4.040000e+01	113	135	120
4.050000e+01	142	116	122
4.060000e+01	113	133	117
4.070000e+01	150	114	128
4.080000e+01	113	131	118
4.090000e+01	150	114	129
41	113	138	120
4.110000e+01	157	115	133
4.120000e+01	113	136	120
4.130000e+01	148	114	124
4.140000e+01	113	148	120
4.150000e+01	142	114	125
4.160000e+01	113	136	118
4.170000e+01	144	114	135
4.180000e+01	113	143	121
4.190000e+01	151	114	129
42	113	136	123
4.210000e+01	142	117	122
4.220000e+01	113	145	119
4.230000e+01	144	117	127
4.240000e+01	113	137	119
4.250000e+01	144	115	124
4.260000e+01	113	137	119
4.270000e+01	147	116	127
4.280000e+01	113	142	119
4.290000e+01	146	115	125
43	113	136	121
4.310000e+01	150	117	134
4.320000e+01	113	137	125
4.330000e+01	152	118	123
4.340000e+01	113	135	119
4.350000e+01	145	115	130
4.360000e+01	113	138	122
4.370000e+01	150	114	126
4.380000e+01	113	134	120
4.390000e+01	139	113	125
44	113	134	122
4.410000e+01	142	115	126
4.420000e+01	113	138	117
4.430000e+01	139	114	128
4.440000e+01	113	144	116
4.450000e+01	140	118	129
4.460000e+01	113	142	117
4.470000e+01	140	116	126
4.480000e+01	113	146	123
4.490000e+01	150	119	136
45	113	140	118
4.510000e+01	150	116	124
4.520000e+01	113	142	117
4.530000e+01	146	113	128
4.540000e+01	113	148	115
4.550000e+01	142	114	128
4.560000e+01	113	146	122
4.570000e+01	143	113	130
4.580000e+01	113	133	123
4.590000e+01	140	116	130
46	113	140	117
4.610000e+01	151	115	131
4.620000e+01	113	139	120
4.630000e+01	147	117	128
4.640000e+01	113	143	120
4.650000e+01	143	114	126
4.660000e+01	113	135	117
4.670000e+01	146	117	131
4.680000e+01	113	138	119
4.690000e+01	136	114	129
47	113	144	121
4.710000e+01	140	115	125
4.720000e+01	113	136	119
4.730000e+01	149	113	126
4.740000e+01	113	143	120
4.750000e+01	137	114	135
4.760000e+01	113	140	119
4.770000e+01	150	116	130
4.780000e+01	113	141	118
4.790000e+01	146	116	128
48	113	135	119
4.810000e+01	140	116	122
4.820000e+01	113	133	121
4.830000e+01	142	115	129
4.840000e+01	113	138	121
4.850000e+01	143	120	128
4.860000e+01	113	133	120
4.870000e+01	143	116	130
4.880000e+01	113	137	121
4.890000e+01	140	114	123
49	113	141	117
4.910000e+01	147	114	127
4.920000e+01	113	131	121
4.930000e+01	133	114	131
4.940000e+01	113	132	118
4.950000e+01	142	116	128
4.960000e+01	113	136	125
4.970000e+01	155	117	124
4.980000e+01	113	133	116
4.990000e+01	152	116	125
50	113	137	116
5.010000e+01	137	115	130
5.020000e+01	113	144	119
5.030000e+01	137	114	129
5.040000e+01	113	145	125
5.050000e+01	148	115	127
5.060000e+01	113	142	117
5.070000e+01	146	116	121
5.080000e+01	113	133	123
5.090000e+01	144	114	133
51	113	136	121
5.110000e+01	142	115	136
5.120000e+01	113	144	118
5.130000e+01	145	116	124
5.140000e+01	113	149	119
5.150000e+01	142	115	131
5.160000e+01	113	138	117
5.170000e+01	146	115	137
5.180000e+01	113	147	119
5.190000e+01	148	116	126
52	113	139	120
5.210000e+01	161	117	123
5.220000e+01	113	133	118
5.230000e+01	142	115	122
5.240000e+01	113	135	120
5.250000e+01	143	116	129
5.260000e+01	113	143	118
5.270000e+01	140	114	124
5.280000e+01	113	135	121
5.290000e+01	144	115	125
53	113	149	115
5.310000e+01	148	116	124
5.320000e+01	113	137	122
5.330000e+01	142	116	131
5.340000e+01	113	136	120
5.350000e+01	137	116	128
5.360000e+01	113	136	120
5.370000e+01	147	116	128
5.380000e+01	113	138	119
5.390000e+01	147	115	131
54	113	148	119
5.410000e+01	155	115	126
5.420000e+01	113	136	120
5.430000e+01	149	113	127
5.440000e+01	113	139	118
5.450000e+01	150	116	126
5.460000e+01	113	135	117
5.470000e+01	140	116	131
5.480000e+01	113	133	123
5.490000e+01	141	117	131
55	113	138	121
5.510000e+01	142	115	127
5.520000e+01	113	142	117
5.530000e+01	146	114	136
5.540000e+01	113	146	122
5.550000e+01	151	116	122
5.560000e+01	113	139	123
5.570000e+01	135	114	127
5.580000e+01	113	138	120
5.590000e+01	147	115	127
56	113	144	124
5.610000e+01	144	115	132
5.620000e+01	113	136	124
5.630000e+01	145	114	127
5.640000e+01	113	141	121
5.650000e+01	150	116	128
5.660000e+01	113	143	121
5.670000e+01	145	114	122
5.680000e+01	113	141	120
5.690000e+01	137	113	128
57	113	142	117
5.710000e+01	144	116	128
5.720000e+01	113	138	118
5.730000e+01	148	116	131
5.740000e+01	113	137	123
5.750000e+01	136	114	127
5.760000e+01	113	138	124
5.770000e+01	140	115	132
5.780000e+01	113	139	121
5.790000e+01	151	116	128
58	113	138	121
5.810000e+01	144	113	124
5.820000e+01	113	143	116
5.830000e+01	140	114	125
5.840000e+01	113	145	114
5.850000e+01	141	114	126
5.860000e+01	113	138	118
5.870000e+01	150	114	134
5.880000e+01	113	147	118
5.890000e+01	141	114	131
59	113	136	122
5.910000e+01	134	114	127
5.920000e+01	113	145	119
5.930000e+01	149	114	131
5.940000e+01	113	131	117
5.950000e+01	145	115	126
5.960000e+01	113	136	127
5.970000e+01	143	114	125
5.980000e+01	113	140	119
5.990000e+01	150	115	131
60	113	145	120
6.010000e+01	145	113	134
6.020000e+01	113	139	119
6.030000e+01	142	114	132
6.040000e+01	113	136	123
6.050000e+01	145	116	131
6.060000e+01	113	141	121
6.070000e+01	149	113	134
6.080000e+01	113	141	119
6.090000e+01	146	115	128
61	113	147	119
6.110000e+01	155	114	135
6.120000e+01	113	142	125
6.130000e+01	146	113	127
6.140000e+01	113	147	121
6.150000e+01	139	115	129
6.160000e+01	113	140	117
6.170000e+01	139	116	136
6.180000e+01	113	142	120
6.190000e+01	148	114	129
62	113	146	119
6.210000e+01	137	115	129
6.220000e+01	113	142	120
6.230000e+01	153	116	133
6.240000e+01	113	136	116
6.250000e+01	141	115	133
6.260000e+01	113	134	119
6.270000e+01	140	115	128
6.280000e+01	113	143	115
6.290000e+01	134	114	131
63	113	139	118
6.310000e+01	140	117	128
6.320000e+01	113	143	120
6.330000e+01	135	116	136
6.340000e+01	113	149	119
6.350000e+01	153	113	123
6.360000e+01	113	138	119
6.370000e+01	151	113	131
6.380000e+01	113	144	123
6.390000e+01	143	117	130
64	113	134	121
6.410000e+01	151	114	124
6.420000e+01	113	140	121
6.430000e+01	140	114	127
6.440000e+01	113	143	126
6.450000e+01	147	113	126
6.460000e+01	113	143	122
6.470000e+01	141	114	128
6.480000e+01	113	144	123
6.490000e+01	145	116	141
65	113	129	118
6.510000e+01	150	114	121
6.520000e+01	113	141	122
6.530000e+01	154	115	124
6.540000e+01	113	133	117
6.550000e+01	141	114	131
6.560000e+01	113	139	116
6.570000e+01	137	114	124
6.580000e+01	113	136	118
6.590000e+01	146	114	123
66	113	138	117
6.610000e+01	149	114	137
6.620000e+01	113	144	125
6.630000e+01	140	116	128
6.640000e+01	113	136	114
6.650000e+01	146	114	133
6.660000e+01	113	139	118
6.670000e+01	146	116	133
6.680000e+01	113	135	120
6.690000e+01	142	115	135
67	113	138	123
6.710000e+01	144	115	129
6.720000e+01	113	134	119
6.730000e+01	139	115	126
6.740000e+01	113	137	117
6.750000e+01	139	114	126
6.760000e+01	113	141	121
6.770000e+01	148	113	128
6.780000e+01	113	130	118
6.790000e+01	151	114	130
68	113	141	119
6.810000e+01	139	116	122
6.820000e+01	113	133	122
6.830000e+01	146	114	125
6.840000e+01	113	148	125
6.850000e+01	139	115	125
6.860000e+01	113	144	118
6.870000e+01	141	115	130
6.880000e+01	113	139	118
6.890000e+01	146	116	125
69	113	141	122
6.910000e+01	134	115	131
6.920000e+01	113	130	118
6.930000e+01	156	113	130
6.940000e+01	113	135	121
6.950000e+01	135	116	133
6.960000e+01	113	136	115
6.970000e+01	133	113	127
6.980000e+01	113	135	119
6.990000e+01	158	115	124
70	113	138	123
7.010000e+01	146	118	140
7.020000e+01	113	144	118
7.030000e+01	150	117	130
7.040000e+01	113	140	122
7.050000e+01	138	115	131
7.060000e+01	113	136	121
7.070000e+01	144	116	126
7.080000e+01	113	142	122
7.090000e+01	155	117	137
71	113	137	121
7.110000e+01	150	114	125
7.120000e+01	113	135	120
7.130000e+01	147	116	129
7.140000e+01	113	131	117
7.150000e+01	142	116	136
7.160000e+01	113	134	117
7.170000e+01	142	117	129
7.180000e+01	113	151	123
7.190000e+01	144	114	128
72	113	138	120
7.210000e+01	143	114	131
7.220000e+01	113	131	121
7.230000e+01	136	114	127
7.240000e+01	113	137	119
7.250000e+01	157	114	125
7.260000e+01	113	132	118
7.270000e+01	144	117	128
7.280000e+01	113	151	114
7.290000e+01	153	116	129
73	113	135	119
7.310000e+01	141	117	139
7.320000e+01	113	140	119
7.330000e+01	144	118	129
7.340000e+01	113	137	119
7.350000e+01	153	115	129
7.360000e+01	113	145	121
7.370000e+01	146	118	128
7.380000e+01	113	132	115
7.390000e+01	151	117	131
74	113	144	120
7.410000e+01	145	115	140
7.420000e+01	113	133	118
7.430000e+01	156	115	126
7.440000e+01	113	150	125
7.450000e+01	148	114	129
7.460000e+01	113	146	121
7.470000e+01	139	116	124
7.480000e+01	113	135	118
7.490000e+01	148	114	132
75	113	131	121
7.510000e+01	149	115	124
7.520000e+01	113	139	125
7.530000e+01	143	116	129
7.540000e+01	113	137	126
7.550000e+01	141	116	130
7.560000e+01	113	146	121
7.570000e+01	146	116	125
7.580000e+01	113	139	118
7.590000e+01	148	116	132
76	113	132	115
7.610000e+01	140	115	127
7.620000e+01	113	143	121
7.630000e+01	141	115	141
7.640000e+01	113	140	120
7.650000e+01	142	114	130
7.660000e+01	113	135	122
7.670000e+01	149	115	126
7.680000e+01	113	141	124
7.690000e+01	145	115	126
77	113	137	121
7.710000e+01	150	113	130
7.720000e+01	113	137	126
7.730000e+01	139	114	132
7.740000e+01	113	142	120
7.750000e+01	151	115	134
7.760000e+01	113	128	118
7.770000e+01	143	114	127
7.780000e+01	113	140	117
7.790000e+01	149	113	131
78	113	138	122
7.810000e+01	150	118	130
7.820000e+01	113	139	117
7.830000e+01	152	114	124
7.840000e+01	113	138	115
7.850000e+01	154	118	126
7.860000e+01	113	136	117
7.870000e+01	139	115	127
7.880000e+01	113	139	121
7.890000e+01	138	113	128
79	113	142	118
7.910000e+01	143	113	132
7.920000e+01	113	131	120
7.930000e+01	133	113	128
7.940000e+01	113	143	122
7.950000e+01	150	115	129
7.960000e+01	113	142	124
7.970000e+01	139	115	131
7.980000e+01	113	134	119
7.990000e+01	138	117	128
80	113	145	120
8.010000e+01	146	116	122
8.020000e+01	113	143	124
8.030000e+01	148	115	130
8.040000e+01	113	138	118
8.050000e+01	140	114	123
8.060000e+01	113	132	119
8.070000e+01	144	115	130
8.080000e+01	113	138	120
8.090000e+01	142	115	128
81	113	135	122
8.110000e+01	145	114	123
8.120000e+01	113	138	123
8.130000e+01	132	116	136
8.140000e+01	113	137	118
8.150000e+01	151	114	130
8.160000e+01	113	134	119
8.170000e+01	141	113	136
8.180000e+01	113	133	114
8.190000e+01	137	116	128
82	113	143	123
8.210000e+01	134	114	136
8.220000e+01	113	138	122
8.230000e+01	143	117	133
8.240000e+01	113	135	117
8.250000e+01	139	113	127
8.260000e+01	113	136	116
8.270000e+01	144	116	126
8.280000e+01	113	153	124
8.290000e+01	139	116	127
83	113	145	120
8.310000e+01	143	114	128
8.320000e+01	113	138	118
8.330000e+01	139	116	128
8.340000e+01	113	143	119
8.350000e+01	147	115	128
8.360000e+01	113	149	119
8.370000e+01	140	116	123
8.380000e+01	113	136	124
8.390000e+01	153	114	129
84	113	140	119
8.410000e+01	155	117	131
8.420000e+01	113	139	122
8.430000e+01	144	116	131
8.440000e+01	113	146	123
8.450000e+01	140	115	121
8.460000e+01	113	139	119
8.470000e+01	146	115	127
8.480000e+01	113	141	121
8.490000e+01	143	116	128
85	113	141	124
8.510000e+01	135	115	130
8.520000e+01	113	130	125
8.530000e+01	151	114	127
8.540000e+01	113	137	130
8.550000e+01	148	114	130
8.560000e+01	113	130	119
8.570000e+01	147	115	122
8.580000e+01	113	141	119
8.590000e+01	145	114	141
86	113	144	121
8.610000e+01	142	113	125
8.620000e+01	113	147	121
8.630000e+01	145	115	130
8.640000e+01	113	141	116
8.650000e+01	153	114	124
8.660000e+01	113	145	121
8.670000e+01	139	113	127
8.680000e+01	113	146	120
8.690000e+01	152	115	125
87	113	139	121
8.710000e+01	136	114	121
8.720000e+01	113	141	121
8.730000e+01	149	116	131
8.740000e+01	113	134	121
8.750000e+01	144	114	128
8.760000e+01	113	134	120
8.770000e+01	148	114	125
8.780000e+01	113	136	124
8.790000e+01	141	114	127
88	113	134	119
8.810000e+01	149	115	124
8.820000e+01	113	139	119
8.830000e+01	142	114	134
8.840000e+01	113	135	118
8.850000e+01	147	115	125
8.860000e+01	113	134	119
8.870000e+01	144	116	127
8.880000e+01	113	143	118
8.890000e+01	142	116	131
89	113	146	121
8.910000e+01	149	114	130
8.920000e+01	113	137	125
8.930000e+01	156	114	125
8.940000e+01	113	133	122
8.950000e+01	146	114	125
8.960000e+01	113	136	120
8.970000e+01	141	115	124
8.980000e+01	113	144	123
8.990000e+01	148	115	132
90	113	142	116
9.010000e+01	148	115	129
9.020000e+01	113	131	121
9.030000e+01	143	116	122
9.040000e+01	113	129	119
9.050000e+01	149	114	126
9.060000e+01	113	147	119
9.070000e+01	144	118	128
9.080000e+01	113	138	123
9.090000e+01	138	117	129
91	113	141	124
9.110000e+01	150	114	135
9.120000e+01	113	140	118
9.130000e+01	146	116	135
9.140000e+01	113	131	122
9.150000e+01	139	113	129
9.160000e+01	113	136	123
9.170000e+01	138	116	129
9.180000e+01	113	140	117
9.190000e+01	142	116	129
92	113	141	119
9.210000e+01	144	114	133
9.220000e+01	113	138	117
9.230000e+01	143	114	125
9.240000e+01	113	139	116
9.250000e+01	139	117	131
9.260000e+01	113	146	121
9.270000e+01	148	114	129
9.280000e+01	113	124	123
9.290000e+01	152	116	125
93	113	132	118
9.310000e+01	156	114	128
9.320000e+01	113	136	121
9.330000e+01	146	114	138
9.340000e+01	113	136	123
9.350000e+01	134	120	127
9.360000e+01	113	132	117
9.370000e+01	146	116	131
9.380000e+01	113	143	121
9.390000e+01	149	114	132
94	113	132	120
9.410000e+01	151	114	126
9.420000e+01	113	140	123
9.430000e+01	144	117	133
9.440000e+01	113	135	122
9.450000e+01	145	117	125
9.460000e+01	113	142	117
9.470000e+01	133	116	134
9.480000e+01	113	144	121
9.490000e+01	146	115	133
95	113	141	120
9.510000e+01	150	115	133
9.520000e+01	113	132	124
9.530000e+01	149	114	127
9.540000e+01	113	143	118
9.550000e+01	149	114	126
9.560000e+01	113	135	120
9.570000e+01	149	113	124
9.580000e+01	113	134	121
9.590000e+01	148	114	121
96	113	140	120
9.610000e+01	142	115	124
9.620000e+01	113	138	120
9.630000e+01	144	116	130
9.640000e+01	113	140	121
9.650000e+01	138	116	131
9.660000e+01	113	137	118
9.670000e+01	139	113	122
9.680000e+01	113	142	120
9.690000e+01	157	115	125
97	113	143	121
9.710000e+01	136	116	135
9.720000e+01	113	137	123
9.730000e+01	148	115	130
9.740000e+01	113	141	119
9.750000e+01	150	118	121
9.760000e+01	113	143	120
9.770000e+01	154	115	121
9.780000e+01	113	133	119
9.790000e+01	149	114	126
98	113	146	118
9.810000e+01	147	115	125
9.820000e+01	113	145	121
9.830000e+01	149	115	127
9.840000e+01	113	151	123
9.850000e+01	140	113	127
9.860000e+01	113	149	124
9.870000e+01	130	115	124
9.880000e+01	113	142	120
9.890000e+01	145	116	128
99	113	133	124
9.910000e+01	155	114	125
9.920000e+01	113	144	122
9.930000e+01	139	115	125
9.940000e+01	113	138	120
9.950000e+01	148	117	124
9.960000e+01	113	137	121
9.970000e+01	143	117	130
9.980000e+01	113	133	121
9.990000e+01	137	116	131
100	113	139	120
