coordinates:	55.8,114.4	140.8,114.4	225.8,114.4
timeat300nm	I_1at300nm	I_2at300nm	I_3at300nm
1.000000e-01	141	120	125
2.000000e-01	113	133	117
3.000000e-01	127	127	123
4.000000e-01	113	136	117
5.000000e-01	137	119	119
6.000000e-01	113	138	123
7.000000e-01	132	119	128
8.000000e-01	113	143	121
9.000000e-01	142	116	119
1	113	140	119
1.100000e+00	131	123	126
1.200000e+00	113	139	125
1.300000e+00	139	119	130
1.400000e+00	113	141	123
1.500000e+00	134	117	129
1.600000e+00	113	136	119
1.700000e+00	135	124	123
1.800000e+00	113	131	123
1.900000e+00	143	118	126
2	113	132	121
2.100000e+00	137	119	125
2.200000e+00	113	134	122
2.300000e+00	142	121	122
2.400000e+00	113	137	118
2.500000e+00	133	122	127
2.600000e+00	113	143	119
2.700000e+00	132	123	125
2.800000e+00	113	138	119
2.900000e+00	140	115	135
3	113	132	117
3.100000e+00	138	121	123
3.200000e+00	113	139	118
3.300000e+00	141	116	130
3.400000e+00	113	145	119
3.500000e+00	143	120	126
3.600000e+00	113	140	119
3.700000e+00	139	122	130
3.800000e+00	113	142	118
3.900000e+00	146	118	128
4	113	146	118
4.100000e+00	141	118	128
4.200000e+00	113	134	124
4.300000e+00	142	119	121
4.400000e+00	113	145	120
4.500000e+00	152	117	127
4.600000e+00	113	133	117
4.700000e+00	135	125	128
4.800000e+00	113	141	121
4.900000e+00	147	125	130
5	113	132	118
5.100000e+00	153	120	129
5.200000e+00	113	133	125
5.300000e+00	143	120	130
5.400000e+00	113	139	119
5.500000e+00	136	120	134
5.600000e+00	113	138	119
5.700000e+00	136	117	125
5.800000e+00	113	128	118
5.900000e+00	140	125	128
6	113	145	119
6.100000e+00	134	119	126
6.200000e+00	113	139	122
6.300000e+00	136	120	124
6.400000e+00	113	142	120
6.500000e+00	142	121	125
6.600000e+00	113	143	119
6.700000e+00	140	122	134
6.800000e+00	113	140	123
6.900000e+00	138	121	130
7	113	134	121
7.100000e+00	144	118	126
7.200000e+00	113	145	120
7.300000e+00	150	120	123
7.400000e+00	113	139	118
7.500000e+00	128	117	130
7.600000e+00	113	131	123
7.700000e+00	141	124	125
7.800000e+00	113	132	120
7.900000e+00	141	118	126
8	113	129	119
8.100000e+00	134	123	133
8.200000e+00	113	137	119
8.300000e+00	130	120	130
8.400000e+00	113	138	122
8.500000e+00	137	120	125
8.600000e+00	113	141	122
8.700000e+00	132	118	130
8.800000e+00	113	134	117
8.900000e+00	140	119	124
9	113	135	120
9.100000e+00	144	118	131
9.200000e+00	113	141	120
9.300000e+00	138	121	124
9.400000e+00	113	130	116
9.500000e+00	146	120	122
9.600000e+00	113	142	119
9.700000e+00	134	120	124
9.800000e+00	113	144	116
9.900000e+00	142	117	124
10	113	138	117
1.010000e+01	138	120	125
1.020000e+01	113	145	116
1.030000e+01	137	117	127
1.040000e+01	113	133	116
1.050000e+01	142	116	123
1.060000e+01	113	144	122
1.070000e+01	142	117	132
1.080000e+01	113	137	121
1.090000e+01	137	118	125
11	113	140	122
1.110000e+01	135	118	123
1.120000e+01	113	154	121
1.130000e+01	145	117	126
1.140000e+01	113	142	119
1.150000e+01	136	118	128
1.160000e+01	113	135	121
1.170000e+01	141	118	130
1.180000e+01	113	137	118
1.190000e+01	137	118	126
12	113	142	121
1.210000e+01	145	121	132
1.220000e+01	113	138	121
1.230000e+01	148	120	137
1.240000e+01	113	138	119
1.250000e+01	135	119	124
1.260000e+01	113	148	118
1.270000e+01	144	118	132
1.280000e+01	113	141	121
1.290000e+01	131	119	123
13	113	144	126
1.310000e+01	135	119	121
1.320000e+01	113	135	118
1.330000e+01	141	124	127
1.340000e+01	113	146	120
1.350000e+01	136	120	130
1.360000e+01	113	135	122
1.370000e+01	138	119	136
1.380000e+01	113	136	124
1.390000e+01	142	121	129
14	113	144	120
1.410000e+01	139	118	131
1.420000e+01	113	146	117
1.430000e+01	135	115	131
1.440000e+01	113	135	120
1.450000e+01	135	120	125
1.460000e+01	113	141	117
1.470000e+01	135	119	128
1.480000e+01	113	141	124
1.490000e+01	138	119	120
15	113	137	120
1.510000e+01	141	121	126
1.520000e+01	113	139	122
1.530000e+01	140	121	122
1.540000e+01	113	133	120
1.550000e+01	139	118	124
1.560000e+01	113	137	118
1.570000e+01	136	117	126
1.580000e+01	113	146	117
1.590000e+01	147	119	127
16	113	153	120
1.610000e+01	137	118	134
1.620000e+01	113	141	120
1.630000e+01	132	123	133
1.640000e+01	113	141	117
1.650000e+01	134	117	132
1.660000e+01	113	136	117
1.670000e+01	143	116	132
1.680000e+01	113	132	117
1.690000e+01	135	119	127
17	113	131	119
1.710000e+01	142	121	129
1.720000e+01	113	141	118
1.730000e+01	140	116	128
1.740000e+01	113	134	121
1.750000e+01	141	120	126
1.760000e+01	113	143	120
1.770000e+01	138	127	124
1.780000e+01	113	130	119
1.790000e+01	145	120	124
18	113	140	120
1.810000e+01	143	117	127
1.820000e+01	113	137	118
1.830000e+01	146	119	126
1.840000e+01	113	136	115
1.850000e+01	144	118	123
1.860000e+01	113	136	120
1.870000e+01	138	119	127
1.880000e+01	113	134	118
1.890000e+01	142	118	123
19	113	129	119
1.910000e+01	132	121	123
1.920000e+01	113	141	123
1.930000e+01	141	120	128
1.940000e+01	113	141	118
1.950000e+01	133	121	127
1.960000e+01	113	141	118
1.970000e+01	140	119	120
1.980000e+01	113	139	124
1.990000e+01	134	124	132
20	113	140	124
2.010000e+01	136	119	125
2.020000e+01	113	140	120
2.030000e+01	141	119	127
2.040000e+01	113	134	117
2.050000e+01	141	122	131
2.060000e+01	113	133	117
2.070000e+01	127	120	136
2.080000e+01	113	144	119
2.090000e+01	137	123	129
21	113	128	116
2.110000e+01	135	118	131
2.120000e+01	113	137	118
2.130000e+01	143	117	121
2.140000e+01	113	148	123
2.150000e+01	143	120	137
2.160000e+01	113	137	120
2.170000e+01	136	120	127
2.180000e+01	113	130	117
2.190000e+01	140	119	135
22	113	130	122
2.210000e+01	137	118	127
2.220000e+01	113	138	121
2.230000e+01	140	119	123
2.240000e+01	113	144	122
2.250000e+01	139	121	123
2.260000e+01	113	145	120
2.270000e+01	127	119	126
2.280000e+01	113	140	123
2.290000e+01	136	120	126
23	113	139	119
2.310000e+01	145	118	125
2.320000e+01	113	141	121
2.330000e+01	135	120	124
2.340000e+01	113	142	121
2.350000e+01	139	118	120
2.360000e+01	113	140	118
2.370000e+01	144	121	123
2.380000e+01	113	145	121
2.390000e+01	131	121	128
24	113	138	121
2.410000e+01	134	122	121
2.420000e+01	113	133	115
2.430000e+01	141	122	125
2.440000e+01	113	127	120
2.450000e+01	141	120	120
2.460000e+01	113	145	118
2.470000e+01	135	121	126
2.480000e+01	113	128	123
2.490000e+01	146	121	130
25	113	139	125
2.510000e+01	134	117	128
2.520000e+01	113	137	121
2.530000e+01	146	116	131
2.540000e+01	113	138	118
2.550000e+01	147	125	132
2.560000e+01	113	136	116
2.570000e+01	133	123	129
2.580000e+01	113	141	121
2.590000e+01	139	123	129
26	113	139	118
2.610000e+01	140	117	130
2.620000e+01	113	136	117
2.630000e+01	138	119	123
2.640000e+01	113	144	124
2.650000e+01	142	125	126
2.660000e+01	113	138	116
2.670000e+01	126	121	127
2.680000e+01	113	139	123
2.690000e+01	138	117	121
27	113	128	119
2.710000e+01	141	118	128
2.720000e+01	113	136	119
2.730000e+01	138	115	128
2.740000e+01	113	141	120
2.750000e+01	140	120	126
2.760000e+01	113	131	119
2.770000e+01	137	120	123
2.780000e+01	113	142	119
2.790000e+01	140	120	128
28	113	142	120
2.810000e+01	146	118	127
2.820000e+01	113	134	115
2.830000e+01	134	120	127
2.840000e+01	113	140	118
2.850000e+01	137	119	134
2.860000e+01	113	152	123
2.870000e+01	142	122	127
2.880000e+01	113	141	122
2.890000e+01	138	123	125
29	113	140	118
2.910000e+01	143	116	130
2.920000e+01	113	148	121
2.930000e+01	140	116	131
2.940000e+01	113	136	124
2.950000e+01	144	115	132
2.960000e+01	113	147	120
2.970000e+01	133	115	125
2.980000e+01	113	139	121
2.990000e+01	144	114	127
30	113	138	120
3.010000e+01	135	115	133
3.020000e+01	113	133	120
3.030000e+01	149	117	125
3.040000e+01	113	135	121
3.050000e+01	142	115	135
3.060000e+01	113	140	119
3.070000e+01	147	113	130
3.080000e+01	113	142	120
3.090000e+01	137	113	130
31	113	137	121
3.110000e+01	147	115	134
3.120000e+01	113	139	123
3.130000e+01	149	114	133
3.140000e+01	113	145	116
3.150000e+01	147	113	129
3.160000e+01	113	145	118
3.170000e+01	143	117	130
3.180000e+01	113	144	121
3.190000e+01	145	116	128
32	113	132	118
3.210000e+01	145	117	136
3.220000e+01	113	132	120
3.230000e+01	143	116	126
3.240000e+01	113	134	115
3.250000e+01	140	116	125
3.260000e+01	113	144	122
3.270000e+01	147	114	138
3.280000e+01	113	134	120
3.290000e+01	146	114	132
33	113	144	121
3.310000e+01	143	117	126
3.320000e+01	113	133	123
3.330000e+01	143	114	125
3.340000e+01	113	142	119
3.350000e+01	143	117	125
3.360000e+01	113	145	121
3.370000e+01	153	114	124
3.380000e+01	113	139	121
3.390000e+01	139	115	125
34	113	131	118
3.410000e+01	138	115	132
3.420000e+01	113	135	118
3.430000e+01	150	115	123
3.440000e+01	113	146	119
3.450000e+01	143	115	134
3.460000e+01	113	132	119
3.470000e+01	151	115	137
3.480000e+01	113	136	124
3.490000e+01	138	117	129
35	113	136	122
3.510000e+01	147	114	129
3.520000e+01	113	132	124
3.530000e+01	145	115	126
3.540000e+01	113	147	124
3.550000e+01	147	113	122
3.560000e+01	113	144	124
3.570000e+01	137	115	126
3.580000e+01	113	131	122
3.590000e+01	147	114	128
36	113	141	123
3.610000e+01	139	116	134
3.620000e+01	113	136	123
3.630000e+01	138	116	130
3.640000e+01	113	143	121
3.650000e+01	144	116	129
3.660000e+01	113	139	123
3.670000e+01	148	115	127
3.680000e+01	113	129	120
3.690000e+01	144	114	126
37	113	137	122
3.710000e+01	140	115	121
3.720000e+01	113	135	125
3.730000e+01	157	116	129
3.740000e+01	113	140	118
3.750000e+01	138	117	122
3.760000e+01	113	145	124
3.770000e+01	141	118	136
3.780000e+01	113	135	118
3.790000e+01	145	114	134
38	113	135	119
3.810000e+01	138	115	126
3.820000e+01	113	135	122
3.830000e+01	135	115	122
3.840000e+01	113	136	123
3.850000e+01	150	116	128
3.860000e+01	113	137	118
3.870000e+01	137	115	129
3.880000e+01	113	135	123
3.890000e+01	148	113	128
39	113	137	117
3.910000e+01	143	113	131
3.920000e+01	113	141	116
3.930000e+01	158	116	130
3.940000e+01	113	144	118
3.950000e+01	148	115	130
3.960000e+01	113	141	120
3.970000e+01	140	114	124
3.980000e+01	113	135	125
3.990000e+01	138	114	130
40	113	141	119
4.010000e+01	147	117	129
4.020000e+01	113	133	120
4.030000e+01	143	115	128
4.040000e+01	113	137	123
4.050000e+01	154	117	123
4.060000e+01	113	138	121
4.070000e+01	145	114	123
4.080000e+01	113	138	116
4.090000e+01	144	116	122
41	113	138	122
4.110000e+01	136	117	132
4.120000e+01	113	137	119
4.130000e+01	143	114	128
4.140000e+01	113	133	123
4.150000e+01	139	117	128
4.160000e+01	113	140	123
4.170000e+01	137	118	129
4.180000e+01	113	141	120
4.190000e+01	144	116	129
42	113	132	117
4.210000e+01	153	114	127
4.220000e+01	113	136	120
4.230000e+01	131	115	129
4.240000e+01	113	143	126
4.250000e+01	148	116	129
4.260000e+01	113	137	122
4.270000e+01	141	117	136
4.280000e+01	113	141	123
4.290000e+01	146	116	126
43	113	131	121
4.310000e+01	146	116	129
4.320000e+01	113	133	119
4.330000e+01	136	116	123
4.340000e+01	113	132	130
4.350000e+01	151	115	131
4.360000e+01	113	135	122
4.370000e+01	132	118	131
4.380000e+01	113	141	119
4.390000e+01	153	113	133
44	113	139	122
4.410000e+01	144	116	125
4.420000e+01	113	138	119
4.430000e+01	146	116	129
4.440000e+01	113	141	116
4.450000e+01	149	114	129
4.460000e+01	113	143	122
4.470000e+01	153	115	132
4.480000e+01	113	135	122
4.490000e+01	143	117	125
45	113	150	121
4.510000e+01	147	116	133
4.520000e+01	113	136	123
4.530000e+01	146	117	130
4.540000e+01	113	137	119
4.550000e+01	149	116	128
4.560000e+01	113	136	119
4.570000e+01	141	118	131
4.580000e+01	113	132	116
4.590000e+01	138	121	129
46	113	139	127
4.610000e+01	142	116	130
4.620000e+01	113	140	121
4.630000e+01	134	124	122
4.640000e+01	113	138	124
4.650000e+01	152	119	129
4.660000e+01	113	135	122
4.670000e+01	143	113	123
4.680000e+01	113	149	120
4.690000e+01	142	115	130
47	113	143	122
4.710000e+01	141	116	135
4.720000e+01	113	131	120
4.730000e+01	142	116	126
4.740000e+01	113	132	122
4.750000e+01	133	115	127
4.760000e+01	113	141	119
4.770000e+01	142	113	127
4.780000e+01	113	137	123
4.790000e+01	146	114	131
48	113	144	114
4.810000e+01	135	116	127
4.820000e+01	113	137	118
4.830000e+01	157	116	133
4.840000e+01	113	135	118
4.850000e+01	148	115	123
4.860000e+01	113	145	120
4.870000e+01	137	114	130
4.880000e+01	113	146	119
4.890000e+01	151	116	122
49	113	137	118
4.910000e+01	137	119	131
4.920000e+01	113	137	121
4.930000e+01	142	113	127
4.940000e+01	113	140	118
4.950000e+01	148	114	127
4.960000e+01	113	136	116
4.970000e+01	139	116	133
4.980000e+01	113	134	119
4.990000e+01	143	113	135
50	113	134	120
5.010000e+01	143	117	129
5.020000e+01	113	132	118
5.030000e+01	149	114	125
5.040000e+01	113	135	125
5.050000e+01	148	115	124
5.060000e+01	113	135	122
5.070000e+01	142	114	126
5.080000e+01	113	141	117
5.090000e+01	150	117	128
51	113	138	120
5.110000e+01	150	115	130
5.120000e+01	113	130	122
5.130000e+01	149	116	131
5.140000e+01	113	141	120
5.150000e+01	152	119	132
5.160000e+01	113	138	118
5.170000e+01	141	113	128
5.180000e+01	113	141	119
5.190000e+01	144	113	136
52	113	142	120
5.210000e+01	142	115	133
5.220000e+01	113	146	122
5.230000e+01	144	114	127
5.240000e+01	113	136	121
5.250000e+01	143	116	131
5.260000e+01	113	144	123
5.270000e+01	133	117	126
5.280000e+01	113	133	121
5.290000e+01	138	117	129
53	113	145	123
5.310000e+01	149	116	127
5.320000e+01	113	139	120
5.330000e+01	151	114	130
5.340000e+01	113	140	119
5.350000e+01	155	115	128
5.360000e+01	113	146	120
5.370000e+01	140	116	126
5.380000e+01	113	130	122
5.390000e+01	145	116	139
54	113	139	119
5.410000e+01	145	114	128
5.420000e+01	113	145	117
5.430000e+01	136	114	122
5.440000e+01	113	133	118
5.450000e+01	139	115	126
5.460000e+01	113	137	119
5.470000e+01	142	115	134
5.480000e+01	113	135	121
5.490000e+01	143	114	127
55	113	144	117
5.510000e+01	136	117	130
5.520000e+01	113	137	121
5.530000e+01	142	114	134
5.540000e+01	113	138	118
5.550000e+01	149	113	125
5.560000e+01	113	133	120
5.570000e+01	147	116	124
5.580000e+01	113	141	120
5.590000e+01	140	116	123
56	113	141	121
5.610000e+01	147	117	127
5.620000e+01	113	130	120
5.630000e+01	141	114	126
5.640000e+01	113	142	121
5.650000e+01	146	117	138
5.660000e+01	113	137	115
5.670000e+01	150	114	130
5.680000e+01	113	139	120
5.690000e+01	150	115	128
57	113	140	117
5.710000e+01	136	116	125
5.720000e+01	113	131	120
5.730000e+01	141	115	125
5.740000e+01	113	147	119
5.750000e+01	130	113	122
5.760000e+01	113	137	120
5.770000e+01	137	114	126
5.780000e+01	113	137	120
5.790000e+01	142	115	131
58	113	133	125
5.810000e+01	155	114	136
5.820000e+01	113	136	123
5.830000e+01	142	114	129
5.840000e+01	113	137	126
5.850000e+01	143	116	133
5.860000e+01	113	143	122
5.870000e+01	143	115	135
5.880000e+01	113	142	122
5.890000e+01	147	115	133
59	113	140	122
5.910000e+01	139	116	131
5.920000e+01	113	139	119
5.930000e+01	148	116	130
5.940000e+01	113	135	119
5.950000e+01	149	114	121
5.960000e+01	113	130	125
5.970000e+01	149	114	125
5.980000e+01	113	147	122
5.990000e+01	147	115	127
60	113	139	118
6.010000e+01	140	114	127
6.020000e+01	113	153	121
6.030000e+01	149	116	126
6.040000e+01	113	141	117
6.050000e+01	149	116	133
6.060000e+01	113	141	120
6.070000e+01	148	114	132
6.080000e+01	113	134	124
6.090000e+01	135	114	125
61	113	136	121
6.110000e+01	147	116	132
6.120000e+01	113	136	119
6.130000e+01	147	114	131
6.140000e+01	113	141	117
6.150000e+01	142	115	129
6.160000e+01	113	142	118
6.170000e+01	151	115	125
6.180000e+01	113	126	120
6.190000e+01	144	114	133
62	113	146	118
6.210000e+01	140	115	128
6.220000e+01	113	147	120
6.230000e+01	142	114	124
6.240000e+01	113	138	117
6.250000e+01	155	117	121
6.260000e+01	113	150	122
6.270000e+01	166	116	123
6.280000e+01	113	139	124
6.290000e+01	154	116	120
63	113	143	124
6.310000e+01	157	115	122
6.320000e+01	113	140	120
6.330000e+01	139	114	126
6.340000e+01	113	132	120
6.350000e+01	157	116	119
6.360000e+01	113	135	117
6.370000e+01	152	116	118
6.380000e+01	113	147	117
6.390000e+01	149	116	122
64	113	139	123
6.410000e+01	158	114	123
6.420000e+01	113	142	120
6.430000e+01	159	115	121
6.440000e+01	113	140	120
6.450000e+01	148	117	120
6.460000e+01	113	146	120
6.470000e+01	162	119	119
6.480000e+01	113	137	120
6.490000e+01	145	118	121
65	113	139	125
6.510000e+01	162	115	118
6.520000e+01	113	142	121
6.530000e+01	139	115	120
6.540000e+01	113	146	119
6.550000e+01	159	114	120
6.560000e+01	113	137	119
6.570000e+01	148	116	126
6.580000e+01	113	130	116
6.590000e+01	152	114	120
66	113	135	120
6.610000e+01	154	117	122
6.620000e+01	113	136	118
6.630000e+01	148	115	118
6.640000e+01	113	146	121
6.650000e+01	148	118	117
6.660000e+01	113	129	118
6.670000e+01	160	115	119
6.680000e+01	113	149	115
6.690000e+01	156	115	121
67	113	138	122
6.710000e+01	156	116	124
6.720000e+01	113	144	122
6.730000e+01	157	114	124
6.740000e+01	113	146	126
6.750000e+01	148	117	116
6.760000e+01	113	141	120
6.770000e+01	150	116	116
6.780000e+01	113	134	118
6.790000e+01	157	117	122
68	113	144	117
6.810000e+01	151	115	126
6.820000e+01	113	137	125
6.830000e+01	151	115	118
6.840000e+01	113	136	117
6.850000e+01	152	117	120
6.860000e+01	113	142	118
6.870000e+01	155	116	116
6.880000e+01	113	136	124
6.890000e+01	154	119	122
69	113	146	118
6.910000e+01	155	114	121
6.920000e+01	113	142	124
6.930000e+01	153	115	124
6.940000e+01	113	137	125
6.950000e+01	151	116	120
6.960000e+01	113	140	120
6.970000e+01	144	115	123
6.980000e+01	113	138	121
6.990000e+01	155	116	118
70	113	138	118
7.010000e+01	153	114	121
7.020000e+01	113	147	125
7.030000e+01	142	117	119
7.040000e+01	113	148	121
7.050000e+01	154	116	119
7.060000e+01	113	140	119
7.070000e+01	160	114	123
7.080000e+01	113	139	123
7.090000e+01	161	117	120
71	113	139	118
7.110000e+01	151	114	118
7.120000e+01	113	137	120
7.130000e+01	142	115	116
7.140000e+01	113	138	119
7.150000e+01	159	116	121
7.160000e+01	113	140	122
7.170000e+01	148	114	119
7.180000e+01	113	148	125
7.190000e+01	151	113	119
72	113	137	119
7.210000e+01	155	114	121
7.220000e+01	113	149	123
7.230000e+01	159	118	121
7.240000e+01	113	128	124
7.250000e+01	155	118	122
7.260000e+01	113	133	116
7.270000e+01	154	118	121
7.280000e+01	113	143	123
7.290000e+01	159	114	119
73	113	138	122
7.310000e+01	133	114	123
7.320000e+01	113	137	119
7.330000e+01	157	119	120
7.340000e+01	113	141	116
7.350000e+01	145	115	118
7.360000e+01	113	129	118
7.370000e+01	147	115	118
7.380000e+01	113	144	117
7.390000e+01	149	114	120
74	113	132	118
7.410000e+01	158	117	120
7.420000e+01	113	134	124
7.430000e+01	160	116	119
7.440000e+01	113	133	121
7.450000e+01	157	116	120
7.460000e+01	113	145	122
7.470000e+01	160	116	120
7.480000e+01	113	140	116
7.490000e+01	150	115	118
75	113	142	121
7.510000e+01	151	114	115
7.520000e+01	113	149	120
7.530000e+01	150	117	115
7.540000e+01	113	143	121
7.550000e+01	162	116	120
7.560000e+01	113	147	119
7.570000e+01	152	114	120
7.580000e+01	113	142	117
7.590000e+01	139	114	118
76	113	136	119
7.610000e+01	153	117	120
7.620000e+01	113	148	120
7.630000e+01	143	117	119
7.640000e+01	113	133	120
7.650000e+01	161	114	124
7.660000e+01	113	136	118
7.670000e+01	150	114	122
7.680000e+01	113	136	122
7.690000e+01	160	114	124
77	113	137	120
7.710000e+01	148	115	130
7.720000e+01	113	143	118
7.730000e+01	145	114	124
7.740000e+01	113	147	122
7.750000e+01	139	116	130
7.760000e+01	113	146	124
7.770000e+01	142	114	124
7.780000e+01	113	130	122
7.790000e+01	137	117	126
78	113	133	119
7.810000e+01	139	113	127
7.820000e+01	113	138	118
7.830000e+01	139	113	127
7.840000e+01	113	134	120
7.850000e+01	156	115	129
7.860000e+01	113	132	123
7.870000e+01	143	115	121
7.880000e+01	113	137	119
7.890000e+01	147	114	134
79	113	143	118
7.910000e+01	145	113	131
7.920000e+01	113	137	117
7.930000e+01	157	117	129
7.940000e+01	113	141	119
7.950000e+01	147	114	124
7.960000e+01	113	135	118
7.970000e+01	144	114	129
7.980000e+01	113	145	120
7.990000e+01	156	113	130
80	113	134	120
8.010000e+01	150	114	131
8.020000e+01	113	137	120
8.030000e+01	143	114	123
8.040000e+01	113	141	120
8.050000e+01	141	115	127
8.060000e+01	113	137	123
8.070000e+01	147	117	130
8.080000e+01	113	128	121
8.090000e+01	151	115	127
81	113	137	118
8.110000e+01	145	116	136
8.120000e+01	113	135	123
8.130000e+01	148	115	128
8.140000e+01	113	135	121
8.150000e+01	143	115	129
8.160000e+01	113	139	123
8.170000e+01	138	116	131
8.180000e+01	113	137	123
8.190000e+01	153	115	125
82	113	146	116
8.210000e+01	139	113	130
8.220000e+01	113	144	118
8.230000e+01	143	113	131
8.240000e+01	113	140	125
8.250000e+01	144	116	124
8.260000e+01	113	144	117
8.270000e+01	143	115	125
8.280000e+01	113	143	120
8.290000e+01	148	115	134
83	113	131	120
8.310000e+01	134	113	129
8.320000e+01	113	140	120
8.330000e+01	138	115	128
8.340000e+01	113	148	121
8.350000e+01	146	114	133
8.360000e+01	113	134	120
8.370000e+01	151	113	131
8.380000e+01	113	139	123
8.390000e+01	139	114	126
84	113	136	122
8.410000e+01	142	114	123
8.420000e+01	113	136	118
8.430000e+01	142	116	123
8.440000e+01	113	145	125
8.450000e+01	133	116	133
8.460000e+01	113	133	118
8.470000e+01	143	119	125
8.480000e+01	113	142	116
8.490000e+01	147	116	126
85	113	132	124
8.510000e+01	143	117	127
8.520000e+01	113	141	119
8.530000e+01	134	118	126
8.540000e+01	113	144	121
8.550000e+01	144	115	127
8.560000e+01	113	134	121
8.570000e+01	135	115	127
8.580000e+01	113	149	118
8.590000e+01	152	116	134
86	113	139	120
8.610000e+01	144	115	130
8.620000e+01	113	131	123
8.630000e+01	148	116	129
8.640000e+01	113	149	120
8.650000e+01	148	115	129
8.660000e+01	113	129	120
8.670000e+01	146	116	135
8.680000e+01	113	135	119
8.690000e+01	143	118	133
87	113	133	119
8.710000e+01	146	113	137
8.720000e+01	113	150	120
8.730000e+01	145	116	130
8.740000e+01	113	138	118
8.750000e+01	143	114	125
8.760000e+01	113	136	124
8.770000e+01	144	118	135
8.780000e+01	113	137	127
8.790000e+01	151	116	124
88	113	133	126
8.810000e+01	142	116	130
8.820000e+01	113	142	121
8.830000e+01	153	117	131
8.840000e+01	113	143	119
8.850000e+01	129	114	133
8.860000e+01	113	135	122
8.870000e+01	145	113	121
8.880000e+01	113	142	122
8.890000e+01	144	113	122
89	113	142	119
8.910000e+01	149	118	124
8.920000e+01	113	148	119
8.930000e+01	139	118	128
8.940000e+01	113	147	121
8.950000e+01	146	115	124
8.960000e+01	113	132	122
8.970000e+01	160	115	126
8.980000e+01	113	134	120
8.990000e+01	145	116	123
90	113	141	120
9.010000e+01	140	117	129
9.020000e+01	113	138	115
9.030000e+01	139	115	133
9.040000e+01	113	142	122
9.050000e+01	141	113	130
9.060000e+01	113	141	119
9.070000e+01	152	115	129
9.080000e+01	113	138	119
9.090000e+01	144	114	127
91	113	142	125
9.110000e+01	143	113	131
9.120000e+01	113	136	125
9.130000e+01	145	115	125
9.140000e+01	113	141	120
9.150000e+01	143	113	129
9.160000e+01	113	136	122
9.170000e+01	133	115	133
9.180000e+01	113	142	126
9.190000e+01	146	114	131
92	113	129	124
9.210000e+01	153	116	132
9.220000e+01	113	130	121
9.230000e+01	142	116	132
9.240000e+01	113	132	125
9.250000e+01	139	115	126
9.260000e+01	113	138	125
9.270000e+01	150	115	129
9.280000e+01	113	140	120
9.290000e+01	141	114	126
93	113	132	122
9.310000e+01	143	114	129
9.320000e+01	113	131	121
9.330000e+01	142	114	121
9.340000e+01	113	135	123
9.350000e+01	142	115	130
9.360000e+01	113	126	126
9.370000e+01	143	115	132
9.380000e+01	113	140	119
9.390000e+01	143	115	124
94	113	139	126
9.410000e+01	143	113	130
9.420000e+01	113	131	126
9.430000e+01	150	114	125
9.440000e+01	113	131	126
9.450000e+01	145	116	126
9.460000e+01	113	141	126
9.470000e+01	143	115	127
9.480000e+01	113	143	126
9.490000e+01	139	116	132
95	113	131	124
9.510000e+01	146	114	128
9.520000e+01	113	137	127
9.530000e+01	142	118	134
9.540000e+01	113	150	124
9.550000e+01	155	113	135
9.560000e+01	113	150	120
9.570000e+01	145	114	132
9.580000e+01	113	143	129
9.590000e+01	136	118	129
96	113	129	126
9.610000e+01	140	118	125
9.620000e+01	113	131	119
9.630000e+01	129	122	127
9.640000e+01	113	146	122
9.650000e+01	145	119	134
9.660000e+01	113	129	127
9.670000e+01	131	117	124
9.680000e+01	113	138	124
9.690000e+01	139	118	124
97	113	135	125
9.710000e+01	143	119	132
9.720000e+01	113	142	122
9.730000e+01	136	115	129
9.740000e+01	113	132	124
9.750000e+01	151	122	131
9.760000e+01	113	138	126
9.770000e+01	138	117	135
9.780000e+01	113	133	120
9.790000e+01	139	117	123
98	113	128	125
9.810000e+01	136	117	129
9.820000e+01	113	137	125
9.830000e+01	135	120	121
9.840000e+01	113	137	125
9.850000e+01	137	123	130
9.860000e+01	113	140	121
9.870000e+01	139	119	127
9.880000e+01	113	141	122
9.890000e+01	141	118	127
99	113	129	121
9.910000e+01	144	117	131
9.920000e+01	113	138	124
9.930000e+01	140	120	134
9.940000e+01	113	136	120
9.950000e+01	132	120	132
9.960000e+01	113	139	125
9.970000e+01	145	118	129
9.980000e+01	113	135	128
9.990000e+01	145	118	125
100	113	135	116
