coordinates:	36.0,57.7
timeat129nm	I_1at129nm	timeat989nm	I_1at989nm
1.000000e-01	119	2.000000e-01	126
3.000000e-01	124	4.000000e-01	124
5.000000e-01	226	6.000000e-01	117
7.000000e-01	211	8.000000e-01	121
9.000000e-01	232	1	116
1.100000e+00	225	1.200000e+00	121
1.300000e+00	240	1.400000e+00	121
1.500000e+00	219	1.600000e+00	121
1.700000e+00	243	1.800000e+00	124
1.900000e+00	232	2	121
2.100000e+00	216	2.200000e+00	126
2.300000e+00	239	2.400000e+00	118
2.500000e+00	226	2.600000e+00	123
2.700000e+00	215	2.800000e+00	125
2.900000e+00	215	3	122
3.100000e+00	224	3.200000e+00	123
3.300000e+00	211	3.400000e+00	124
3.500000e+00	202	3.600000e+00	120
3.700000e+00	216	3.800000e+00	119
3.900000e+00	206	4	124
4.100000e+00	209	4.200000e+00	120
4.300000e+00	119	4.400000e+00	121
4.500000e+00	122	4.600000e+00	123
4.700000e+00	115	4.800000e+00	120
4.900000e+00	124	5	123
5.100000e+00	125	5.200000e+00	125
5.300000e+00	119	5.400000e+00	123
5.500000e+00	118	5.600000e+00	122
5.700000e+00	120	5.800000e+00	118
5.900000e+00	119	6	122
6.100000e+00	124	6.200000e+00	124
6.300000e+00	117	6.400000e+00	123
6.500000e+00	121	6.600000e+00	122
6.700000e+00	124	6.800000e+00	126
6.900000e+00	123	7	125
7.100000e+00	123	7.200000e+00	127
7.300000e+00	115	7.400000e+00	125
7.500000e+00	116	7.600000e+00	126
7.700000e+00	118	7.800000e+00	126
7.900000e+00	118	8	117
8.100000e+00	123	8.200000e+00	121
8.300000e+00	122	8.400000e+00	127
8.500000e+00	120	8.600000e+00	117
8.700000e+00	122	8.800000e+00	124
8.900000e+00	121	9	126
9.100000e+00	119	9.200000e+00	128
9.300000e+00	125	9.400000e+00	119
9.500000e+00	122	9.600000e+00	122
9.700000e+00	118	9.800000e+00	119
9.900000e+00	121	10	122
1.010000e+01	119	1.020000e+01	121
1.030000e+01	121	1.040000e+01	123
1.050000e+01	118	1.060000e+01	125
1.070000e+01	123	1.080000e+01	123
1.090000e+01	117	11	118
1.110000e+01	126	1.120000e+01	123
1.130000e+01	121	1.140000e+01	122
1.150000e+01	123	1.160000e+01	124
1.170000e+01	123	1.180000e+01	123
1.190000e+01	123	12	124
1.210000e+01	123	1.220000e+01	119
1.230000e+01	119	1.240000e+01	121
1.250000e+01	119	1.260000e+01	123
1.270000e+01	118	1.280000e+01	125
1.290000e+01	118	13	121
1.310000e+01	119	1.320000e+01	125
1.330000e+01	118	1.340000e+01	116
1.350000e+01	120	1.360000e+01	120
1.370000e+01	126	1.380000e+01	120
1.390000e+01	122	14	121
1.410000e+01	122	1.420000e+01	127
1.430000e+01	123	1.440000e+01	130
1.450000e+01	123	1.460000e+01	126
1.470000e+01	119	1.480000e+01	123
1.490000e+01	124	15	119
1.510000e+01	120	1.520000e+01	129
1.530000e+01	120	1.540000e+01	122
1.550000e+01	125	1.560000e+01	123
1.570000e+01	120	1.580000e+01	119
1.590000e+01	121	16	123
1.610000e+01	120	1.620000e+01	122
1.630000e+01	122	1.640000e+01	123
1.650000e+01	124	1.660000e+01	119
1.670000e+01	121	1.680000e+01	126
1.690000e+01	119	17	123
1.710000e+01	125	1.720000e+01	121
1.730000e+01	125	1.740000e+01	125
1.750000e+01	123	1.760000e+01	124
1.770000e+01	118	1.780000e+01	121
1.790000e+01	117	18	123
1.810000e+01	115	1.820000e+01	121
1.830000e+01	119	1.840000e+01	125
1.850000e+01	120	1.860000e+01	122
1.870000e+01	123	1.880000e+01	125
1.890000e+01	121	19	124
1.910000e+01	115	1.920000e+01	119
1.930000e+01	123	1.940000e+01	120
1.950000e+01	118	1.960000e+01	122
1.970000e+01	124	1.980000e+01	120
1.990000e+01	121	20	125
